date,administered_doses_pfizer,administered_doses_moderna,administered_doses_astrazeneca,administered_doses_jj,delivered_doses_pfizer,delivered_doses_moderna,delivered_doses_astrazeneca,delivered_doses_jj,cum_administered_doses_pfizer,cum_administered_doses_moderna,cum_administered_doses_astrazeneca,cum_administered_doses_jj,cum_delivered_doses_pfizer,cum_delivered_doses_moderna,cum_delivered_doses_astrazeneca,cum_delivered_doses_jj
2020-12-26,0,0,0,0,151125,0,0,0,0,0,0,0,151125,0,0,0
2020-12-27,24100,1,0,0,0,0,0,0,24100,1,0,0,151125,0,0,0
2020-12-28,18556,0,0,0,521625,0,0,0,42656,1,0,0,672750,0,0,0
2020-12-29,50852,0,0,0,0,0,0,0,93508,1,0,0,672750,0,0,0
2020-12-30,63030,0,0,0,653250,0,0,0,156538,1,0,0,1326000,0,0,0
2020-12-31,50200,0,0,0,0,0,0,0,206738,1,0,0,1326000,0,0,0
2021-01-01,18930,0,1,0,0,0,0,0,225668,1,1,0,1326000,0,0,0
2021-01-02,52544,0,0,0,0,0,0,0,278212,1,1,0,1326000,0,0,0
2021-01-03,23896,0,0,0,0,0,0,0,302108,1,1,0,1326000,0,0,0
2021-01-04,48172,0,0,0,0,0,0,0,350280,1,1,0,1326000,0,0,0
2021-01-05,53766,1,0,0,0,0,0,0,404046,2,1,0,1326000,0,0,0
2021-01-06,62650,6,2,0,0,0,0,0,466696,8,3,0,1326000,0,0,0
2021-01-07,56074,3,0,0,0,0,0,0,522770,11,3,0,1326000,0,0,0
2021-01-08,62987,49,0,0,687375,0,0,0,585757,60,3,0,2013375,0,0,0
2021-01-09,61430,0,0,0,0,0,0,0,647187,60,3,0,2013375,0,0,0
2021-01-10,35510,0,0,0,0,0,0,0,682697,60,3,0,2013375,0,0,0
2021-01-11,67596,2,0,0,0,0,0,0,750293,62,3,0,2013375,0,0,0
2021-01-12,83000,7,1,0,0,63600,0,0,833293,69,4,0,2013375,63600,0,0
2021-01-13,111061,798,0,0,0,0,0,0,944354,867,4,0,2013375,63600,0,0
2021-01-14,78602,4625,0,0,0,0,0,0,1022956,5492,4,0,2013375,63600,0,0
2021-01-15,86155,5461,5,0,0,0,0,0,1109111,10953,9,0,2013375,63600,0,0
2021-01-16,55827,1781,0,0,0,0,0,0,1164938,12734,9,0,2013375,63600,0,0
2021-01-17,47728,1305,1,0,0,0,0,0,1212666,14039,10,0,2013375,63600,0,0
2021-01-18,78600,4040,1,0,0,0,0,0,1291266,18079,11,0,2013375,63600,0,0
2021-01-19,114300,3504,14,0,842400,0,0,0,1405566,21583,25,0,2855775,63600,0,0
2021-01-20,129459,2764,3,0,0,0,0,0,1535025,24347,28,0,2855775,63600,0,0
2021-01-21,105094,2744,0,0,0,0,0,0,1640119,27091,28,0,2855775,63600,0,0
2021-01-22,101974,2104,7,0,0,0,0,0,1742093,29195,35,0,2855775,63600,0,0
2021-01-23,84621,383,1,0,0,0,0,0,1826714,29578,36,0,2855775,63600,0,0
2021-01-24,48976,244,4,0,0,0,0,0,1875690,29822,40,0,2855775,63600,0,0
2021-01-25,90064,1731,2,0,0,0,0,0,1965754,31553,42,0,2855775,63600,0,0
2021-01-26,97065,1652,6,0,489060,0,0,0,2062819,33205,48,0,3344835,63600,0,0
2021-01-27,109225,1956,8,0,0,0,0,0,2172044,35161,56,0,3344835,63600,0,0
2021-01-28,89586,1636,3,0,0,0,0,0,2261630,36797,59,0,3344835,63600,0,0
2021-01-29,107701,1405,5,0,0,0,0,0,2369331,38202,64,0,3344835,63600,0,0
2021-01-30,87649,874,1,0,0,0,0,0,2456980,39076,65,0,3344835,63600,0,0
2021-01-31,56134,377,3,0,0,90000,0,0,2513114,39453,68,0,3344835,153600,0,0
2021-02-01,118370,2209,51,0,0,0,0,0,2631484,41662,119,0,3344835,153600,0,0
2021-02-02,129057,2867,13,0,747630,0,0,0,2760541,44529,132,0,4092465,153600,0,0
2021-02-03,153270,6386,24,1,0,0,0,0,2913811,50915,156,1,4092465,153600,0,0
2021-02-04,125969,5870,5,0,0,0,0,0,3039780,56785,161,1,4092465,153600,0,0
2021-02-05,138474,6394,8,0,0,0,0,0,3178254,63179,169,1,4092465,153600,0,0
2021-02-06,97754,2526,1,0,0,0,345600,0,3276008,65705,170,1,4092465,153600,345600,0
2021-02-07,51872,2398,2,0,0,0,0,0,3327880,68103,172,1,4092465,153600,345600,0
2021-02-08,105948,3971,24,0,0,0,0,0,3433828,72074,196,1,4092465,153600,345600,0
2021-02-09,129866,3934,115,0,747630,0,0,0,3563694,76008,311,1,4840095,153600,345600,0
2021-02-10,140917,4013,7030,0,0,0,0,0,3704611,80021,7341,1,4840095,153600,345600,0
2021-02-11,118687,7146,15432,2,0,0,0,0,3823298,87167,22773,3,4840095,153600,345600,0
2021-02-12,133269,9818,14375,2,0,0,391200,0,3956567,96985,37148,5,4840095,153600,736800,0
2021-02-13,91690,3186,12807,1,0,0,0,0,4048257,100171,49955,6,4840095,153600,736800,0
2021-02-14,55572,2445,7251,1,0,0,0,0,4103829,102616,57206,7,4840095,153600,736800,0
2021-02-15,107088,4972,14809,1,0,182400,0,0,4210917,107588,72015,8,4840095,336000,736800,0
2021-02-16,107288,5790,23646,1,904410,0,0,0,4318205,113378,95661,9,5744505,336000,736800,0
2021-02-17,121825,7787,19728,1,0,0,0,0,4440030,121165,115389,10,5744505,336000,736800,0
2021-02-18,111053,8012,23724,1,0,0,0,0,4551083,129177,139113,11,5744505,336000,736800,0
2021-02-19,119275,9983,25432,1,0,0,715200,0,4670358,139160,164545,12,5744505,336000,1452000,0
2021-02-20,87252,4527,21665,1,0,0,0,0,4757610,143687,186210,13,5744505,336000,1452000,0
2021-02-21,67628,3228,15295,1,0,0,0,0,4825238,146915,201505,14,5744505,336000,1452000,0
2021-02-22,126150,9124,25138,1,0,0,0,0,4951388,156039,226643,15,5744505,336000,1452000,0
2021-02-23,132530,7157,27497,1,926640,0,0,0,5083918,163196,254140,16,6671145,336000,1452000,0
2021-02-24,132839,7775,35412,1,0,0,0,0,5216757,170971,289552,17,6671145,336000,1452000,0
2021-02-25,131216,6704,51566,0,0,0,0,0,5347973,177675,341118,17,6671145,336000,1452000,0
2021-02-26,140323,8838,60786,0,0,0,0,0,5488296,186513,401904,17,6671145,336000,1452000,0
2021-02-27,92832,4202,51523,0,0,343200,0,0,5581128,190715,453427,17,6671145,679200,1452000,0
2021-02-28,62394,3951,41711,0,0,0,0,0,5643522,194666,495138,17,6671145,679200,1452000,0
2021-03-01,128658,9413,57818,0,0,0,0,0,5772180,204079,552956,17,6671145,679200,1452000,0
2021-03-02,140639,10176,69340,0,1014390,0,650400,0,5912819,214255,622296,17,7685535,679200,2102400,0
2021-03-03,156932,13845,73094,0,0,0,0,0,6069751,228100,695390,17,7685535,679200,2102400,0
2021-03-04,142435,14205,87112,0,0,0,0,0,6212186,242305,782502,17,7685535,679200,2102400,0
2021-03-05,147294,13333,108839,0,0,0,0,0,6359480,255638,891341,17,7685535,679200,2102400,0
2021-03-06,110806,8591,83110,0,0,0,0,0,6470286,264229,974451,17,7685535,679200,2102400,0
2021-03-07,82503,6731,61173,0,0,0,0,0,6552789,270960,1035624,17,7685535,679200,2102400,0
2021-03-08,135744,11009,92521,0,0,0,0,0,6688533,281969,1128145,17,7685535,679200,2102400,0
2021-03-09,140156,12857,97597,0,1083420,0,960000,0,6828689,294826,1225742,17,8768955,679200,3062400,0
2021-03-10,157748,11453,114953,0,0,0,0,0,6986437,306279,1340695,17,8768955,679200,3062400,0
2021-03-11,149149,13227,119937,0,0,0,0,0,7135586,319506,1460632,17,8768955,679200,3062400,0
2021-03-12,153007,17574,154325,0,0,0,0,0,7288593,337080,1614957,17,8768955,679200,3062400,0
2021-03-13,114712,9749,122493,0,0,0,0,0,7403305,346829,1737450,17,8768955,679200,3062400,0
2021-03-14,89528,5149,76571,0,0,0,0,0,7492833,351978,1814021,17,8768955,679200,3062400,0
2021-03-15,152453,12421,83742,0,0,0,364800,0,7645286,364399,1897763,17,8768955,679200,3427200,0
2021-03-16,166137,11122,1929,0,1083420,0,0,0,7811423,375521,1899692,17,9852375,679200,3427200,0
2021-03-17,185862,18035,1422,0,0,0,0,0,7997285,393556,1901114,17,9852375,679200,3427200,0
2021-03-18,174920,18228,1575,0,0,0,0,0,8172205,411784,1902689,17,9852375,679200,3427200,0
2021-03-19,184649,20673,38743,0,0,0,0,0,8356854,432457,1941432,17,9852375,679200,3427200,0
2021-03-20,136545,15325,68490,0,0,0,0,0,8493399,447782,2009922,17,9852375,679200,3427200,0
2021-03-21,104643,9219,52250,0,0,432000,0,0,8598042,457001,2062172,17,9852375,1111200,3427200,0
2021-03-22,165755,23681,77172,0,0,0,0,0,8763797,480682,2139344,17,9852375,1111200,3427200,0
2021-03-23,180355,20283,97719,0,1076400,0,204000,0,8944152,500965,2237063,17,10928775,1111200,3631200,0
2021-03-24,197280,33288,103813,0,0,0,0,0,9141432,534253,2340876,17,10928775,1111200,3631200,0
2021-03-25,188494,27349,121929,0,0,0,0,0,9329926,561602,2462805,17,10928775,1111200,3631200,0
2021-03-26,201893,36472,136934,0,0,0,201600,0,9531819,598074,2599739,17,10928775,1111200,3832800,0
2021-03-27,152004,27401,107471,0,0,0,0,0,9683823,625475,2707210,17,10928775,1111200,3832800,0
2021-03-28,117761,18520,60660,2,0,0,0,0,9801584,643995,2767870,19,10928775,1111200,3832800,0
2021-03-29,187881,26043,95045,0,0,0,0,0,9989465,670038,2862915,19,10928775,1111200,3832800,0
2021-03-30,215994,26374,86286,0,1427400,0,0,0,10205459,696412,2949201,19,12356175,1111200,3832800,0
2021-03-31,249625,38367,53715,0,0,0,0,0,10455084,734779,3002916,19,12356175,1111200,3832800,0
2021-04-01,236264,33286,55361,0,0,0,0,0,10691348,768065,3058277,19,12356175,1111200,3832800,0
2021-04-02,181627,16759,31894,0,0,650400,0,0,10872975,784824,3090171,19,12356175,1761600,3832800,0
2021-04-03,173712,17203,41218,0,0,0,1744800,0,11046687,802027,3131389,19,12356175,1761600,5577600,0
2021-04-04,135449,11130,49629,0,0,0,0,0,11182136,813157,3181018,19,12356175,1761600,5577600,0
2021-04-05,168433,17927,63387,0,0,0,0,0,11350569,831084,3244405,19,12356175,1761600,5577600,0
2021-04-06,258310,33573,87184,0,0,0,0,0,11608879,864657,3331589,19,12356175,1761600,5577600,0
2021-04-07,542640,36314,99693,0,2737734,0,0,0,12151519,900971,3431282,19,15093909,1761600,5577600,0
2021-04-08,573834,35443,124163,0,0,0,0,0,12725353,936414,3555445,19,15093909,1761600,5577600,0
2021-04-09,488134,36084,100522,0,0,0,0,0,13213487,972498,3655967,19,15093909,1761600,5577600,0
2021-04-10,246473,23164,99514,0,0,0,0,0,13459960,995662,3755481,19,15093909,1761600,5577600,0
2021-04-11,168021,18057,74734,0,0,0,0,0,13627981,1013719,3830215,19,15093909,1761600,5577600,0
2021-04-12,279555,29029,107993,0,0,0,360000,0,13907536,1042748,3938208,19,15093909,1761600,5937600,0
2021-04-13,429731,26849,115547,0,2519669,0,0,0,14337267,1069597,4053755,19,17613578,1761600,5937600,0
2021-04-14,617924,34058,123414,0,0,0,0,0,14955191,1103655,4177169,19,17613578,1761600,5937600,0
2021-04-15,533696,36598,110567,0,0,0,0,0,15488887,1140253,4287736,19,17613578,1761600,5937600,0
2021-04-16,437822,32229,125181,0,0,0,0,0,15926709,1172482,4412917,19,17613578,1761600,5937600,0
2021-04-17,224494,22174,116627,0,0,42000,0,0,16151203,1194656,4529544,19,17613578,1803600,5937600,0
2021-04-18,171772,14413,80387,0,0,72000,57600,0,16322975,1209069,4609931,19,17613578,1875600,5995200,0
2021-04-19,290500,32004,77643,1,0,0,0,0,16613475,1241073,4687574,20,17613578,1875600,5995200,0
2021-04-20,378632,38268,139268,0,2517024,0,556930,0,16992107,1279341,4826842,20,20130602,1875600,6552130,0
2021-04-21,450227,40445,224639,0,0,477600,0,0,17442334,1319786,5051481,20,20130602,2353200,6552130,0
2021-04-22,380849,41909,212680,0,0,0,0,0,17823183,1361695,5264161,20,20130602,2353200,6552130,0
2021-04-23,351346,43466,158293,9,0,0,0,0,18174529,1405161,5422454,29,20130602,2353200,6552130,0
2021-04-24,240362,49731,81024,0,0,0,196800,0,18414891,1454892,5503478,29,20130602,2353200,6748930,0
2021-04-25,188828,33923,61725,0,21060,388800,9600,256800,18603719,1488815,5565203,29,20151662,2742000,6758530,256800
2021-04-26,316437,41472,71413,81,1364220,0,0,0,18920156,1530287,5636616,110,21515882,2742000,6758530,256800
2021-04-27,676795,51801,56361,461,2049432,0,70,0,19596951,1582088,5692977,571,23565314,2742000,6758600,256800
2021-04-28,1009010,59669,53416,728,0,0,144000,0,20605961,1641757,5746393,1299,23565314,2742000,6902600,256800
2021-04-29,824024,62651,56620,886,0,0,0,0,21429985,1704408,5803013,2185,23565314,2742000,6902600,256800
2021-04-30,676977,56869,66728,832,0,376800,60000,0,22106962,1761277,5869741,3017,23565314,3118800,6962600,256800
2021-05-01,253561,41004,39897,2570,1825200,0,0,0,22360523,1802281,5909638,5587,25390514,3118800,6962600,256800
2021-05-02,196068,37238,29214,1802,0,0,0,0,22556591,1839519,5938852,7389,25390514,3118800,6962600,256800
2021-05-03,316852,70345,62802,1513,0,0,60000,0,22873443,1909864,6001654,8902,25390514,3118800,7022600,256800
2021-05-04,625993,63058,150622,2788,1535700,0,1100270,216600,23499436,1972922,6152276,11690,26926214,3118800,8122870,473400
2021-05-05,844845,78217,211798,3868,0,0,0,0,24344281,2051139,6364074,15558,26926214,3118800,8122870,473400
2021-05-06,688959,90272,200371,3776,0,0,0,0,25033240,2141411,6564445,19334,26926214,3118800,8122870,473400
2021-05-07,580375,84956,211052,3476,0,550800,0,0,25613615,2226367,6775497,22810,26926214,3669600,8122870,473400
2021-05-08,268119,71842,85294,1705,1790100,0,0,0,25881734,2298209,6860791,24515,28716314,3669600,8122870,473400
2021-05-09,195090,56150,35277,1067,0,0,0,0,26076824,2354359,6896068,25582,28716314,3669600,8122870,473400
2021-05-10,372409,79243,130461,3714,0,0,112800,0,26449233,2433602,7026529,29296,28716314,3669600,8235670,473400
2021-05-11,821378,79300,176097,3255,1613010,0,880430,0,27270611,2512902,7202626,32551,30329324,3669600,9116100,473400
2021-05-12,1089843,88092,225046,4920,0,0,0,0,28360454,2600994,7427672,37471,30329324,3669600,9116100,473400
2021-05-13,313322,66768,44423,2189,0,0,0,0,28673776,2667762,7472095,39660,30329324,3669600,9116100,473400
2021-05-14,545203,64170,138773,7350,0,0,850,0,29218979,2731932,7610868,47010,30329324,3669600,9116950,473400
2021-05-15,278999,59501,56546,4206,1825200,550800,0,0,29497978,2791433,7667414,51216,32154524,4220400,9116950,473400
2021-05-16,200470,52597,24884,4656,35100,15200,0,0,29698448,2844030,7692298,55872,32189624,4235600,9116950,473400
2021-05-17,339586,82160,120737,10540,0,0,98400,0,30038034,2926190,7813035,66412,32189624,4235600,9215350,473400
2021-05-18,592694,101903,172012,7477,1579499,0,367201,0,30630728,3028093,7985047,73889,33769123,4235600,9582551,473400
2021-05-19,805924,98376,180911,11847,0,0,0,0,31436652,3126469,8165958,85736,33769123,4235600,9582551,473400
2021-05-20,681605,94929,155011,10564,0,0,0,0,32118257,3221398,8320969,96300,33769123,4235600,9582551,473400
2021-05-21,592614,83260,155722,10606,0,520800,115200,0,32710871,3304658,8476691,106906,33769123,4756400,9697751,473400
2021-05-22,308274,70466,82676,14432,0,0,0,0,33019145,3375124,8559367,121338,33769123,4756400,9697751,473400
2021-05-23,195306,59354,22970,9580,1852109,14400,0,0,33214451,3434478,8582337,130918,35621232,4770800,9697751,473400
2021-05-24,236748,60160,21386,7374,0,0,0,0,33451199,3494638,8603723,138292,35621232,4770800,9697751,473400
2021-05-25,445188,79122,102259,23456,1579499,0,501599,538799,33896387,3573760,8705982,161748,37200731,4770800,10199350,1012199
2021-05-26,880421,79281,131145,77295,0,0,0,0,34776808,3653041,8837127,239043,37200731,4770800,10199350,1012199
2021-05-27,732681,86026,129607,79009,0,0,0,0,35509489,3739067,8966734,318052,37200731,4770800,10199350,1012199
2021-05-28,596484,83036,126309,81459,0,0,0,0,36105973,3822103,9093043,399511,37200731,4770800,10199350,1012199
2021-05-29,262665,62558,56885,27523,0,0,0,0,36368638,3884661,9149928,427034,37200731,4770800,10199350,1012199
2021-05-30,198854,47330,28774,10622,1760850,554900,0,0,36567492,3931991,9178702,437656,38961581,5325700,10199350,1012199
2021-05-31,362592,64411,66956,42031,0,0,0,0,36930084,3996402,9245658,479687,38961581,5325700,10199350,1012199
2021-06-01,725146,75413,88287,83838,2199600,0,0,722402,37655230,4071815,9333945,563525,41161181,5325700,10199350,1734601
2021-06-02,973307,63249,78579,101417,0,0,0,0,38628537,4135064,9412524,664942,41161181,5325700,10199350,1734601
2021-06-03,462312,61341,48775,50561,0,0,0,0,39090849,4196405,9461299,715503,41161181,5325700,10199350,1734601
2021-06-04,571066,63381,73325,75773,0,0,604600,0,39661915,4259786,9534624,791276,41161181,5325700,10803950,1734601
2021-06-05,254282,62398,41646,25850,0,0,0,0,39916197,4322184,9576270,817126,41161181,5325700,10803950,1734601
2021-06-06,195744,37655,25937,14019,1566630,561180,0,0,40111941,4359839,9602207,831145,42727811,5886880,10803950,1734601
