date,administered_doses_pfizer,administered_doses_moderna,administered_doses_astrazeneca,administered_doses_jj,delivered_doses_pfizer,delivered_doses_moderna,delivered_doses_astrazeneca,delivered_doses_jj,cum_administered_doses_pfizer,cum_administered_doses_moderna,cum_administered_doses_astrazeneca,cum_administered_doses_jj,cum_delivered_doses_pfizer,cum_delivered_doses_moderna,cum_delivered_doses_astrazeneca,cum_delivered_doses_jj
2020-12-26,0,0,0,0,151125,0,0,0,0,0,0,0,151125,0,0,0
2020-12-27,23998,1,0,0,0,0,0,0,23998,1,0,0,151125,0,0,0
2020-12-28,18485,0,0,0,521625,0,0,0,42483,1,0,0,672750,0,0,0
2020-12-29,50735,0,0,0,0,0,0,0,93218,1,0,0,672750,0,0,0
2020-12-30,62672,0,0,0,653250,0,0,0,155890,1,0,0,1326000,0,0,0
2020-12-31,50019,0,0,0,0,0,0,0,205909,1,0,0,1326000,0,0,0
2021-01-01,18777,0,1,0,0,0,0,0,224686,1,1,0,1326000,0,0,0
2021-01-02,52421,0,0,0,0,0,0,0,277107,1,1,0,1326000,0,0,0
2021-01-03,23777,0,0,0,0,0,0,0,300884,1,1,0,1326000,0,0,0
2021-01-04,48077,0,0,0,0,0,0,0,348961,1,1,0,1326000,0,0,0
2021-01-05,53714,1,0,0,0,0,0,0,402675,2,1,0,1326000,0,0,0
2021-01-06,62665,6,2,0,0,0,0,0,465340,8,3,0,1326000,0,0,0
2021-01-07,55946,4,0,0,0,0,0,0,521286,12,3,0,1326000,0,0,0
2021-01-08,63012,48,0,0,687375,0,0,0,584298,60,3,0,2013375,0,0,0
2021-01-09,61085,0,0,0,0,0,0,0,645383,60,3,0,2013375,0,0,0
2021-01-10,35515,0,0,0,0,0,0,0,680898,60,3,0,2013375,0,0,0
2021-01-11,67580,1,0,0,0,0,0,0,748478,61,3,0,2013375,0,0,0
2021-01-12,82641,5,1,0,0,63600,0,0,831119,66,4,0,2013375,63600,0,0
2021-01-13,110914,797,0,0,0,0,0,0,942033,863,4,0,2013375,63600,0,0
2021-01-14,78447,4627,0,0,0,0,0,0,1020480,5490,4,0,2013375,63600,0,0
2021-01-15,86078,5437,19,0,0,0,0,0,1106558,10927,23,0,2013375,63600,0,0
2021-01-16,55799,1772,0,0,0,0,0,0,1162357,12699,23,0,2013375,63600,0,0
2021-01-17,47694,1305,1,0,0,0,0,0,1210051,14004,24,0,2013375,63600,0,0
2021-01-18,78593,4034,1,0,0,0,0,0,1288644,18038,25,0,2013375,63600,0,0
2021-01-19,114197,3467,48,0,842400,0,0,0,1402841,21505,73,0,2855775,63600,0,0
2021-01-20,129270,2751,4,0,0,0,0,0,1532111,24256,77,0,2855775,63600,0,0
2021-01-21,105016,2712,0,0,0,0,0,0,1637127,26968,77,0,2855775,63600,0,0
2021-01-22,101838,2042,12,0,0,0,0,0,1738965,29010,89,0,2855775,63600,0,0
2021-01-23,84629,383,1,0,0,0,0,0,1823594,29393,90,0,2855775,63600,0,0
2021-01-24,48976,244,4,0,0,0,0,0,1872570,29637,94,0,2855775,63600,0,0
2021-01-25,89978,1723,2,0,0,0,0,0,1962548,31360,96,0,2855775,63600,0,0
2021-01-26,97013,1652,6,0,489060,0,0,0,2059561,33012,102,0,3344835,63600,0,0
2021-01-27,109189,1957,8,0,0,0,0,0,2168750,34969,110,0,3344835,63600,0,0
2021-01-28,89532,1636,3,0,0,0,0,0,2258282,36605,113,0,3344835,63600,0,0
2021-01-29,107698,1405,18,0,0,0,0,0,2365980,38010,131,0,3344835,63600,0,0
2021-01-30,87597,874,1,0,0,0,0,0,2453577,38884,132,0,3344835,63600,0,0
2021-01-31,56139,377,1,0,0,90000,0,0,2509716,39261,133,0,3344835,153600,0,0
2021-02-01,118384,2210,57,0,0,0,0,0,2628100,41471,190,0,3344835,153600,0,0
2021-02-02,128796,2868,15,0,747630,0,0,0,2756896,44339,205,0,4092465,153600,0,0
2021-02-03,153060,6385,21,0,0,0,0,0,2909956,50724,226,0,4092465,153600,0,0
2021-02-04,125894,5873,7,0,0,0,0,0,3035850,56597,233,0,4092465,153600,0,0
2021-02-05,138305,6397,8,0,0,0,0,0,3174155,62994,241,0,4092465,153600,0,0
2021-02-06,97610,2527,1,0,0,0,345600,0,3271765,65521,242,0,4092465,153600,345600,0
2021-02-07,51861,2397,2,0,0,0,0,0,3323626,67918,244,0,4092465,153600,345600,0
2021-02-08,105962,3971,24,0,0,0,0,0,3429588,71889,268,0,4092465,153600,345600,0
2021-02-09,129900,3934,110,0,747630,0,0,0,3559488,75823,378,0,4840095,153600,345600,0
2021-02-10,140728,4013,7036,0,0,0,0,0,3700216,79836,7414,0,4840095,153600,345600,0
2021-02-11,118569,7146,15453,0,0,0,0,0,3818785,86982,22867,0,4840095,153600,345600,0
2021-02-12,133140,9788,14412,0,0,0,391200,0,3951925,96770,37279,0,4840095,153600,736800,0
2021-02-13,91704,3186,12881,0,0,0,0,0,4043629,99956,50160,0,4840095,153600,736800,0
2021-02-14,55587,2445,7280,0,0,0,0,0,4099216,102401,57440,0,4840095,153600,736800,0
2021-02-15,107090,4956,14723,0,0,182400,0,0,4206306,107357,72163,0,4840095,336000,736800,0
2021-02-16,107284,5742,23582,0,904410,0,0,0,4313590,113099,95745,0,5744505,336000,736800,0
2021-02-17,121790,7709,19539,0,0,0,0,0,4435380,120808,115284,0,5744505,336000,736800,0
2021-02-18,111072,7946,23668,0,0,0,0,0,4546452,128754,138952,0,5744505,336000,736800,0
2021-02-19,119227,9909,25379,0,0,0,715200,0,4665679,138663,164331,0,5744505,336000,1452000,0
2021-02-20,87244,4526,21651,0,0,0,0,0,4752923,143189,185982,0,5744505,336000,1452000,0
2021-02-21,67634,3228,15301,0,0,0,0,0,4820557,146417,201283,0,5744505,336000,1452000,0
2021-02-22,126134,9097,25067,0,0,0,0,0,4946691,155514,226350,0,5744505,336000,1452000,0
2021-02-23,132541,7160,27465,0,926640,0,0,0,5079232,162674,253815,0,6671145,336000,1452000,0
2021-02-24,132849,7780,35384,0,0,0,0,0,5212081,170454,289199,0,6671145,336000,1452000,0
2021-02-25,131233,6704,51371,0,0,0,0,0,5343314,177158,340570,0,6671145,336000,1452000,0
2021-02-26,140282,8841,60681,0,0,0,0,0,5483596,185999,401251,0,6671145,336000,1452000,0
2021-02-27,92839,4202,51517,0,0,343200,0,0,5576435,190201,452768,0,6671145,679200,1452000,0
2021-02-28,62408,3951,41756,0,0,0,0,0,5638843,194152,494524,0,6671145,679200,1452000,0
2021-03-01,128651,9410,57746,0,0,0,0,0,5767494,203562,552270,0,6671145,679200,1452000,0
2021-03-02,140613,10138,69123,0,1014390,0,650400,0,5908107,213700,621393,0,7685535,679200,2102400,0
2021-03-03,156914,13843,73015,0,0,0,0,0,6065021,227543,694408,0,7685535,679200,2102400,0
2021-03-04,142405,14053,86679,0,0,0,0,0,6207426,241596,781087,0,7685535,679200,2102400,0
2021-03-05,147233,13330,108552,0,0,0,0,0,6354659,254926,889639,0,7685535,679200,2102400,0
2021-03-06,110761,8591,83111,0,0,0,0,0,6465420,263517,972750,0,7685535,679200,2102400,0
2021-03-07,82480,6731,61176,0,0,0,0,0,6547900,270248,1033926,0,7685535,679200,2102400,0
2021-03-08,135715,11009,92463,0,0,0,0,0,6683615,281257,1126389,0,7685535,679200,2102400,0
2021-03-09,140141,12862,97438,0,1083420,0,960000,0,6823756,294119,1223827,0,8768955,679200,3062400,0
2021-03-10,157653,11454,114133,0,0,0,0,0,6981409,305573,1337960,0,8768955,679200,3062400,0
2021-03-11,149098,13226,119174,0,0,0,0,0,7130507,318799,1457134,0,8768955,679200,3062400,0
2021-03-12,152881,17574,153506,0,0,0,0,0,7283388,336373,1610640,0,8768955,679200,3062400,0
2021-03-13,114700,9750,122075,0,0,0,0,0,7398088,346123,1732715,0,8768955,679200,3062400,0
2021-03-14,89503,5146,76531,0,0,0,0,0,7487591,351269,1809246,0,8768955,679200,3062400,0
2021-03-15,152384,12415,83462,0,0,0,364800,0,7639975,363684,1892708,0,8768955,679200,3427200,0
2021-03-16,166126,11109,1923,0,1083420,0,0,0,7806101,374793,1894631,0,9852375,679200,3427200,0
2021-03-17,185766,18030,1417,0,0,0,0,0,7991867,392823,1896048,0,9852375,679200,3427200,0
2021-03-18,174894,18229,1576,0,0,0,0,0,8166761,411052,1897624,0,9852375,679200,3427200,0
2021-03-19,184573,20595,38734,0,0,0,0,0,8351334,431647,1936358,0,9852375,679200,3427200,0
2021-03-20,136473,15315,68434,0,0,0,0,0,8487807,446962,2004792,0,9852375,679200,3427200,0
2021-03-21,104645,9217,52239,0,0,432000,0,0,8592452,456179,2057031,0,9852375,1111200,3427200,0
2021-03-22,165636,23670,76857,0,0,0,0,0,8758088,479849,2133888,0,9852375,1111200,3427200,0
2021-03-23,180238,20260,97361,0,1076400,0,204000,0,8938326,500109,2231249,0,10928775,1111200,3631200,0
2021-03-24,197193,33126,103693,0,0,0,0,0,9135519,533235,2334942,0,10928775,1111200,3631200,0
2021-03-25,188450,27334,121697,0,0,0,0,0,9323969,560569,2456639,0,10928775,1111200,3631200,0
2021-03-26,201846,36405,136470,0,0,0,201600,0,9525815,596974,2593109,0,10928775,1111200,3832800,0
2021-03-27,151961,27367,107442,0,0,0,0,0,9677776,624341,2700551,0,10928775,1111200,3832800,0
2021-03-28,117731,18526,60662,0,0,0,0,0,9795507,642867,2761213,0,10928775,1111200,3832800,0
2021-03-29,187749,26027,94931,0,0,0,0,0,9983256,668894,2856144,0,10928775,1111200,3832800,0
2021-03-30,215868,26252,86282,0,1427400,0,0,0,10199124,695146,2942426,0,12356175,1111200,3832800,0
2021-03-31,249377,38247,53695,0,0,0,0,0,10448501,733393,2996121,0,12356175,1111200,3832800,0
2021-04-01,235982,32262,55303,0,0,0,0,0,10684483,765655,3051424,0,12356175,1111200,3832800,0
2021-04-02,181351,16640,31871,0,0,650400,0,0,10865834,782295,3083295,0,12356175,1761600,3832800,0
2021-04-03,173523,17186,41220,0,0,0,1744800,0,11039357,799481,3124515,0,12356175,1761600,5577600,0
2021-04-04,135292,11116,49635,0,0,0,0,0,11174649,810597,3174150,0,12356175,1761600,5577600,0
2021-04-05,168279,17919,63407,0,0,0,0,0,11342928,828516,3237557,0,12356175,1761600,5577600,0
2021-04-06,258002,33192,87151,0,0,0,0,0,11600930,861708,3324708,0,12356175,1761600,5577600,0
2021-04-07,541892,35799,99694,0,2738970,0,0,0,12142822,897507,3424402,0,15095145,1761600,5577600,0
2021-04-08,573267,35262,124128,0,0,0,0,0,12716089,932769,3548530,0,15095145,1761600,5577600,0
2021-04-09,486713,35955,100319,0,0,0,0,0,13202802,968724,3648849,0,15095145,1761600,5577600,0
2021-04-10,245701,23197,99510,0,0,0,0,0,13448503,991921,3748359,0,15095145,1761600,5577600,0
2021-04-11,167822,18031,74724,0,0,0,0,0,13616325,1009952,3823083,0,15095145,1761600,5577600,0
2021-04-12,278605,28643,108167,0,0,0,360000,0,13894930,1038595,3931250,0,15095145,1761600,5937600,0
2021-04-13,428862,26658,115516,0,2515500,0,0,0,14323792,1065253,4046766,0,17610645,1761600,5937600,0
2021-04-14,616854,33497,123360,0,0,0,0,0,14940646,1098750,4170126,0,17610645,1761600,5937600,0
2021-04-15,532437,36348,110477,0,0,0,0,0,15473083,1135098,4280603,0,17610645,1761600,5937600,0
2021-04-16,436822,31295,125071,0,0,0,0,0,15909905,1166393,4405674,0,17610645,1761600,5937600,0
2021-04-17,223477,22020,116602,0,0,42000,0,0,16133382,1188413,4522276,0,17610645,1803600,5937600,0
2021-04-18,171376,14413,80385,0,0,72000,57600,0,16304758,1202826,4602661,0,17610645,1875600,5995200,0
2021-04-19,289517,31825,77601,0,0,0,0,0,16594275,1234651,4680262,0,17610645,1875600,5995200,0
2021-04-20,378024,37866,139202,0,2515499,0,554398,0,16972299,1272517,4819464,0,20126144,1875600,6549598,0
2021-04-21,449172,39339,224480,0,0,477600,0,0,17421471,1311856,5043944,0,20126144,2353200,6549598,0
2021-04-22,379737,41499,212210,0,0,0,0,0,17801208,1353355,5256154,0,20126144,2353200,6549598,0
2021-04-23,349840,42647,158028,0,0,0,0,0,18151048,1396002,5414182,0,20126144,2353200,6549598,0
2021-04-24,238469,49584,80735,0,0,0,196800,0,18389517,1445586,5494917,0,20126144,2353200,6746398,0
2021-04-25,187442,33902,61666,0,21060,388800,9600,256800,18576959,1479488,5556583,0,20147204,2742000,6755998,256800
2021-04-26,315207,40964,71306,62,1364220,0,0,0,18892166,1520452,5627889,62,21511424,2742000,6755998,256800
2021-04-27,675521,51306,56285,454,2053350,0,0,0,19567687,1571758,5684174,516,23564774,2742000,6755998,256800
2021-04-28,1007246,58609,53284,713,0,0,144000,0,20574933,1630367,5737458,1229,23564774,2742000,6899998,256800
2021-04-29,820697,61810,56196,877,0,0,0,0,21395630,1692177,5793654,2106,23564774,2742000,6899998,256800
2021-04-30,675505,56213,66105,827,0,376800,60000,0,22071135,1748390,5859759,2933,23564774,3118800,6959998,256800
2021-05-01,250925,40530,39832,2568,1825200,0,0,0,22322060,1788920,5899591,5501,25389974,3118800,6959998,256800
2021-05-02,194257,37195,29174,1801,0,0,0,0,22516317,1826115,5928765,7302,25389974,3118800,6959998,256800
2021-05-03,314926,68582,62397,1459,0,0,60000,0,22831243,1894697,5991162,8761,25389974,3118800,7019998,256800
2021-05-04,623105,61000,150211,2635,1579499,0,1430402,216600,23454348,1955697,6141373,11396,26969473,3118800,8450400,473400
2021-05-05,840787,74452,211251,3495,0,0,0,0,24295135,2030149,6352624,14891,26969473,3118800,8450400,473400
2021-05-06,683626,87359,199564,2790,0,0,0,0,24978761,2117508,6552188,17681,26969473,3118800,8450400,473400
2021-05-07,574743,78843,208288,2516,0,550800,0,0,25553504,2196351,6760476,20197,26969473,3669600,8450400,473400
2021-05-08,262747,69124,82634,867,1790100,0,0,0,25816251,2265475,6843110,21064,28759573,3669600,8450400,473400
2021-05-09,191348,51941,32283,1040,0,0,0,0,26007599,2317416,6875393,22104,28759573,3669600,8450400,473400
2021-05-10,359333,75884,128372,3218,0,0,0,0,26366932,2393300,7003765,25322,28759573,3669600,8450400,473400
2021-05-11,801735,70561,172955,2614,0,0,0,0,27168667,2463861,7176720,27936,28759573,3669600,8450400,473400
