date,administered_doses_pfizer,administered_doses_moderna,administered_doses_astrazeneca,administered_doses_jj,delivered_doses_pfizer,delivered_doses_moderna,delivered_doses_astrazeneca,delivered_doses_jj,cum_administered_doses_pfizer,cum_administered_doses_moderna,cum_administered_doses_astrazeneca,cum_administered_doses_jj,cum_delivered_doses_pfizer,cum_delivered_doses_moderna,cum_delivered_doses_astrazeneca,cum_delivered_doses_jj
2020-12-26,0,0,0,0,151125,0,0,0,0,0,0,0,151125,0,0,0
2020-12-27,24502,0,0,0,0,0,0,0,24502,0,0,0,151125,0,0,0
2020-12-28,18382,0,0,0,521625,0,0,0,42884,0,0,0,672750,0,0,0
2020-12-29,49461,0,0,0,0,0,0,0,92345,0,0,0,672750,0,0,0
2020-12-30,62473,0,0,0,653250,0,0,0,154818,0,0,0,1326000,0,0,0
2020-12-31,50064,0,0,0,0,0,0,0,204882,0,0,0,1326000,0,0,0
2021-01-01,19267,0,1,0,0,0,0,0,224149,0,1,0,1326000,0,0,0
2021-01-02,53039,0,0,0,0,0,0,0,277188,0,1,0,1326000,0,0,0
2021-01-03,24200,0,0,0,0,0,0,0,301388,0,1,0,1326000,0,0,0
2021-01-04,48393,0,0,0,0,0,0,0,349781,0,1,0,1326000,0,0,0
2021-01-05,53845,1,0,0,0,0,0,0,403626,1,1,0,1326000,0,0,0
2021-01-06,62815,6,2,0,0,0,0,0,466441,7,3,0,1326000,0,0,0
2021-01-07,56019,4,0,0,0,0,0,0,522460,11,3,0,1326000,0,0,0
2021-01-08,63596,48,0,0,687375,0,0,0,586056,59,3,0,2013375,0,0,0
2021-01-09,61367,0,0,0,0,0,0,0,647423,59,3,0,2013375,0,0,0
2021-01-10,35271,0,0,0,0,0,0,0,682694,59,3,0,2013375,0,0,0
2021-01-11,66873,1,0,0,0,0,0,0,749567,60,3,0,2013375,0,0,0
2021-01-12,82928,0,2,0,0,63600,0,0,832495,60,5,0,2013375,63600,0,0
2021-01-13,111471,797,0,0,0,0,0,0,943966,857,5,0,2013375,63600,0,0
2021-01-14,78828,4627,0,0,0,0,0,0,1022794,5484,5,0,2013375,63600,0,0
2021-01-15,85887,5437,19,0,0,0,0,0,1108681,10921,24,0,2013375,63600,0,0
2021-01-16,55639,1772,0,0,0,0,0,0,1164320,12693,24,0,2013375,63600,0,0
2021-01-17,47065,1305,1,0,0,0,0,0,1211385,13998,25,0,2013375,63600,0,0
2021-01-18,78212,4035,1,0,0,0,0,0,1289597,18033,26,0,2013375,63600,0,0
2021-01-19,111876,3470,50,0,842400,0,0,0,1401473,21503,76,0,2855775,63600,0,0
2021-01-20,129466,2751,4,0,0,0,0,0,1530939,24254,80,0,2855775,63600,0,0
2021-01-21,102720,2712,0,0,0,0,0,0,1633659,26966,80,0,2855775,63600,0,0
2021-01-22,100171,2043,12,0,0,0,0,0,1733830,29009,92,0,2855775,63600,0,0
2021-01-23,85175,383,1,0,0,0,0,0,1819005,29392,93,0,2855775,63600,0,0
2021-01-24,49691,244,4,0,0,0,0,0,1868696,29636,97,0,2855775,63600,0,0
2021-01-25,94548,1722,2,0,0,0,0,0,1963244,31358,99,0,2855775,63600,0,0
2021-01-26,97938,1654,6,0,489060,0,0,0,2061182,33012,105,0,3344835,63600,0,0
2021-01-27,109272,1958,8,0,0,0,0,0,2170454,34970,113,0,3344835,63600,0,0
2021-01-28,90019,1635,1,0,0,0,0,0,2260473,36605,114,0,3344835,63600,0,0
2021-01-29,107278,1405,65,0,0,0,0,0,2367751,38010,179,0,3344835,63600,0,0
2021-01-30,86923,874,1,0,0,0,0,0,2454674,38884,180,0,3344835,63600,0,0
2021-01-31,57650,376,0,0,0,90000,0,0,2512324,39260,180,0,3344835,153600,0,0
2021-02-01,119556,2211,57,0,0,0,0,0,2631880,41471,237,0,3344835,153600,0,0
2021-02-02,127953,2870,14,0,747630,0,0,0,2759833,44341,251,0,4092465,153600,0,0
2021-02-03,153618,6389,20,0,0,0,0,0,2913451,50730,271,0,4092465,153600,0,0
2021-02-04,126231,5875,6,0,0,0,0,0,3039682,56605,277,0,4092465,153600,0,0
2021-02-05,138847,6399,7,0,0,0,0,0,3178529,63004,284,0,4092465,153600,0,0
2021-02-06,97504,2466,1,0,0,0,345600,0,3276033,65470,285,0,4092465,153600,345600,0
2021-02-07,51905,2349,2,0,0,0,0,0,3327938,67819,287,0,4092465,153600,345600,0
2021-02-08,106430,3859,24,0,0,0,0,0,3434368,71678,311,0,4092465,153600,345600,0
2021-02-09,128886,3881,110,0,747630,0,0,0,3563254,75559,421,0,4840095,153600,345600,0
2021-02-10,139098,3869,7039,0,0,0,0,0,3702352,79428,7460,0,4840095,153600,345600,0
2021-02-11,120314,7295,15424,0,0,0,0,0,3822666,86723,22884,0,4840095,153600,345600,0
2021-02-12,132731,9874,14252,0,0,0,391200,0,3955397,96597,37136,0,4840095,153600,736800,0
2021-02-13,92231,3047,12839,0,0,0,0,0,4047628,99644,49975,0,4840095,153600,736800,0
2021-02-14,55152,2402,7350,0,0,0,0,0,4102780,102046,57325,0,4840095,153600,736800,0
2021-02-15,107565,4813,14733,0,0,182400,0,0,4210345,106859,72058,0,4840095,336000,736800,0
2021-02-16,106008,5672,23522,0,904410,0,0,0,4316353,112531,95580,0,5744505,336000,736800,0
2021-02-17,122542,7952,19765,0,0,0,0,0,4438895,120483,115345,0,5744505,336000,736800,0
2021-02-18,111200,7936,24415,0,0,0,0,0,4550095,128419,139760,0,5744505,336000,736800,0
2021-02-19,118084,9800,25208,0,0,0,715200,0,4668179,138219,164968,0,5744505,336000,1452000,0
2021-02-20,88165,4470,21626,0,0,0,0,0,4756344,142689,186594,0,5744505,336000,1452000,0
2021-02-21,67287,3228,15305,0,0,0,0,0,4823631,145917,201899,0,5744505,336000,1452000,0
2021-02-22,127205,9098,24993,0,0,0,0,0,4950836,155015,226892,0,5744505,336000,1452000,0
2021-02-23,132421,7159,27422,0,926640,0,0,0,5083257,162174,254314,0,6671145,336000,1452000,0
2021-02-24,132124,7735,35264,0,0,0,0,0,5215381,169909,289578,0,6671145,336000,1452000,0
2021-02-25,131170,6646,51158,0,0,0,0,0,5346551,176555,340736,0,6671145,336000,1452000,0
2021-02-26,139654,8717,60417,0,0,0,0,0,5486205,185272,401153,0,6671145,336000,1452000,0
2021-02-27,92909,4191,51509,0,0,343200,0,0,5579114,189463,452662,0,6671145,679200,1452000,0
2021-02-28,62409,3956,41766,0,0,0,0,0,5641523,193419,494428,0,6671145,679200,1452000,0
2021-03-01,128630,9452,57387,0,0,0,0,0,5770153,202871,551815,0,6671145,679200,1452000,0
2021-03-02,140550,10117,68906,0,1014390,0,650400,0,5910703,212988,620721,0,7685535,679200,2102400,0
2021-03-03,156697,13787,72709,0,0,0,0,0,6067400,226775,693430,0,7685535,679200,2102400,0
2021-03-04,142162,13977,86324,0,0,0,0,0,6209562,240752,779754,0,7685535,679200,2102400,0
2021-03-05,147196,13321,108146,0,0,0,0,0,6356758,254073,887900,0,7685535,679200,2102400,0
2021-03-06,110651,8596,83050,0,0,0,0,0,6467409,262669,970950,0,7685535,679200,2102400,0
2021-03-07,82756,6737,61128,0,0,0,0,0,6550165,269406,1032078,0,7685535,679200,2102400,0
2021-03-08,135522,10999,92141,0,0,0,0,0,6685687,280405,1124219,0,7685535,679200,2102400,0
2021-03-09,140289,12731,97199,0,1083420,0,960000,0,6825976,293136,1221418,0,8768955,679200,3062400,0
2021-03-10,157449,11552,114423,0,0,0,0,0,6983425,304688,1335841,0,8768955,679200,3062400,0
2021-03-11,149114,13223,118896,0,0,0,0,0,7132539,317911,1454737,0,8768955,679200,3062400,0
2021-03-12,152296,17522,152354,0,0,0,0,0,7284835,335433,1607091,0,8768955,679200,3062400,0
2021-03-13,114581,9740,121819,0,0,0,0,0,7399416,345173,1728910,0,8768955,679200,3062400,0
2021-03-14,89568,5146,76367,0,0,0,0,0,7488984,350319,1805277,0,8768955,679200,3062400,0
2021-03-15,152271,12363,84010,0,0,0,364800,0,7641255,362682,1889287,0,8768955,679200,3427200,0
2021-03-16,167609,11034,1907,0,1083420,0,0,0,7808864,373716,1891194,0,9852375,679200,3427200,0
2021-03-17,186203,17948,1399,0,0,0,0,0,7995067,391664,1892593,0,9852375,679200,3427200,0
2021-03-18,175535,18168,1572,0,0,0,0,0,8170602,409832,1894165,0,9852375,679200,3427200,0
2021-03-19,184039,20339,38600,0,0,0,0,0,8354641,430171,1932765,0,9852375,679200,3427200,0
2021-03-20,135809,15243,68404,0,0,0,0,0,8490450,445414,2001169,0,9852375,679200,3427200,0
2021-03-21,104278,9209,52251,0,0,432000,0,0,8594728,454623,2053420,0,9852375,1111200,3427200,0
2021-03-22,165581,23641,76846,0,0,0,0,0,8760309,478264,2130266,0,9852375,1111200,3427200,0
2021-03-23,181073,19707,97229,0,1076400,0,204000,0,8941382,497971,2227495,0,10928775,1111200,3631200,0
2021-03-24,197118,32590,103235,0,0,0,0,0,9138500,530561,2330730,0,10928775,1111200,3631200,0
2021-03-25,187654,26734,121441,0,0,0,0,0,9326154,557295,2452171,0,10928775,1111200,3631200,0
2021-03-26,202019,35561,135634,0,0,0,201600,0,9528173,592856,2587805,0,10928775,1111200,3832800,0
2021-03-27,151386,27360,106842,0,0,0,0,0,9679559,620216,2694647,0,10928775,1111200,3832800,0
2021-03-28,117485,18527,60031,0,0,0,0,0,9797044,638743,2754678,0,10928775,1111200,3832800,0
2021-03-29,187595,25693,94844,0,0,0,0,0,9984639,664436,2849522,0,10928775,1111200,3832800,0
2021-03-30,214458,26065,85996,0,1427400,0,0,0,10199097,690501,2935518,0,12356175,1111200,3832800,0
2021-03-31,248469,37832,53672,0,0,0,0,0,10447566,728333,2989190,0,12356175,1111200,3832800,0
2021-04-01,235200,31970,55281,0,0,0,0,0,10682766,760303,3044471,0,12356175,1111200,3832800,0
2021-04-02,181261,16519,31876,0,0,650400,0,0,10864027,776822,3076347,0,12356175,1761600,3832800,0
2021-04-03,172047,17072,41231,0,0,0,1744800,0,11036074,793894,3117578,0,12356175,1761600,5577600,0
2021-04-04,135295,11112,49639,0,0,0,0,0,11171369,805006,3167217,0,12356175,1761600,5577600,0
2021-04-05,168475,17915,63423,0,0,0,0,0,11339844,822921,3230640,0,12356175,1761600,5577600,0
2021-04-06,257882,33158,87027,0,0,0,0,0,11597726,856079,3317667,0,12356175,1761600,5577600,0
2021-04-07,540917,35663,99613,0,2738970,0,0,0,12138643,891742,3417280,0,15095145,1761600,5577600,0
2021-04-08,570557,35121,123967,0,0,0,0,0,12709200,926863,3541247,0,15095145,1761600,5577600,0
2021-04-09,486823,35419,99966,0,0,0,0,0,13196023,962282,3641213,0,15095145,1761600,5577600,0
2021-04-10,244687,23103,99521,0,0,0,0,0,13440710,985385,3740734,0,15095145,1761600,5577600,0
2021-04-11,166767,18036,74718,0,0,0,0,0,13607477,1003421,3815452,0,15095145,1761600,5577600,0
2021-04-12,278037,28391,108088,0,0,0,360000,0,13885514,1031812,3923540,0,15095145,1761600,5937600,0
2021-04-13,428635,26555,115280,0,2515500,0,0,0,14314149,1058367,4038820,0,17610645,1761600,5937600,0
2021-04-14,617411,33099,123051,0,0,0,0,0,14931560,1091466,4161871,0,17610645,1761600,5937600,0
2021-04-15,531199,36042,109630,0,0,0,0,0,15462759,1127508,4271501,0,17610645,1761600,5937600,0
2021-04-16,436701,30632,124345,0,0,0,0,0,15899460,1158140,4395846,0,17610645,1761600,5937600,0
2021-04-17,221316,20415,115901,0,0,42000,0,0,16120776,1178555,4511747,0,17610645,1803600,5937600,0
2021-04-18,170152,13107,80294,0,0,72000,57600,0,16290928,1191662,4592041,0,17610645,1875600,5995200,0
2021-04-19,288504,30678,77189,0,0,0,0,0,16579432,1222340,4669230,0,17610645,1875600,5995200,0
2021-04-20,374695,36609,138621,0,2515499,0,554398,0,16954127,1258949,4807851,0,20126144,1875600,6549598,0
2021-04-21,446467,37338,223830,0,0,477600,0,0,17400594,1296287,5031681,0,20126144,2353200,6549598,0
2021-04-22,375123,37009,211065,0,0,0,0,0,17775717,1333296,5242746,0,20126144,2353200,6549598,0
2021-04-23,341832,37618,156690,0,0,0,0,0,18117549,1370914,5399436,0,20126144,2353200,6549598,0
2021-04-24,231424,40267,79809,0,0,0,196800,0,18348973,1411181,5479245,0,20126144,2353200,6746398,0
2021-04-25,183307,27220,60351,0,21060,388800,9600,256800,18532280,1438401,5539596,0,20147204,2742000,6755998,256800
2021-04-26,304619,32928,68950,63,0,0,0,0,18836899,1471329,5608546,63,20147204,2742000,6755998,256800
2021-04-27,628528,35762,53445,389,0,0,0,0,19465427,1507091,5661991,452,20147204,2742000,6755998,256800
