date,administered_doses_pfizer,administered_doses_moderna,administered_doses_astrazeneca,delivered_doses_pfizer,delivered_doses_moderna,delivered_doses_astrazeneca,cum_administered_doses_pfizer,cum_administered_doses_moderna,cum_administered_doses_astrazeneca,cum_delivered_doses_pfizer,cum_delivered_doses_moderna,cum_delivered_doses_astrazeneca
2020-12-26,0,0,0,151125,0,0,0,0,0,151125,0,0
2020-12-27,24296,0,0,0,0,0,24296,0,0,151125,0,0
2020-12-28,18383,0,0,521625,0,0,42679,0,0,672750,0,0
2020-12-29,48987,0,0,0,0,0,91666,0,0,672750,0,0
2020-12-30,61832,0,0,653250,0,0,153498,0,0,1326000,0,0
2020-12-31,49672,0,0,0,0,0,203170,0,0,1326000,0,0
2021-01-01,19270,0,1,0,0,0,222440,0,1,1326000,0,0
2021-01-02,52861,0,0,0,0,0,275301,0,1,1326000,0,0
2021-01-03,24151,0,0,0,0,0,299452,0,1,1326000,0,0
2021-01-04,48349,0,0,0,0,0,347801,0,1,1326000,0,0
2021-01-05,53458,1,0,0,0,0,401259,1,1,1326000,0,0
2021-01-06,62990,6,2,0,0,0,464249,7,3,1326000,0,0
2021-01-07,56200,4,0,0,0,0,520449,11,3,1326000,0,0
2021-01-08,63523,48,0,687375,0,0,583972,59,3,2013375,0,0
2021-01-09,61226,0,0,0,0,0,645198,59,3,2013375,0,0
2021-01-10,35139,0,0,0,0,0,680337,59,3,2013375,0,0
2021-01-11,66544,1,0,0,0,0,746881,60,3,2013375,0,0
2021-01-12,82930,0,2,0,63600,0,829811,60,5,2013375,63600,0
2021-01-13,110531,797,0,0,0,0,940342,857,5,2013375,63600,0
2021-01-14,78608,4584,0,0,0,0,1018950,5441,5,2013375,63600,0
2021-01-15,85293,5437,19,0,0,0,1104243,10878,24,2013375,63600,0
2021-01-16,55625,1772,0,0,0,0,1159868,12650,24,2013375,63600,0
2021-01-17,46192,1305,1,0,0,0,1206060,13955,25,2013375,63600,0
2021-01-18,78249,3568,1,0,0,0,1284309,17523,26,2013375,63600,0
2021-01-19,110555,2983,50,842400,0,0,1394864,20506,76,2855775,63600,0
2021-01-20,129196,2715,4,0,0,0,1524060,23221,80,2855775,63600,0
2021-01-21,101732,2589,0,0,0,0,1625792,25810,80,2855775,63600,0
2021-01-22,99884,2034,12,0,0,0,1725676,27844,92,2855775,63600,0
2021-01-23,85243,383,1,0,0,0,1810919,28227,93,2855775,63600,0
2021-01-24,49252,244,4,0,0,0,1860171,28471,97,2855775,63600,0
2021-01-25,94255,1722,2,0,0,0,1954426,30193,99,2855775,63600,0
2021-01-26,97781,1654,6,489060,0,0,2052207,31847,105,3344835,63600,0
2021-01-27,109080,1926,8,0,0,0,2161287,33773,113,3344835,63600,0
2021-01-28,89583,1635,1,0,0,0,2250870,35408,114,3344835,63600,0
2021-01-29,107075,1405,68,0,0,0,2357945,36813,182,3344835,63600,0
2021-01-30,85885,874,1,0,0,0,2443830,37687,183,3344835,63600,0
2021-01-31,57434,365,0,0,90000,0,2501264,38052,183,3344835,153600,0
2021-02-01,119339,2211,57,0,0,0,2620603,40263,240,3344835,153600,0
2021-02-02,127689,2870,14,747630,0,0,2748292,43133,254,4092465,153600,0
2021-02-03,152225,5949,20,0,0,0,2900517,49082,274,4092465,153600,0
2021-02-04,125760,5453,6,0,0,0,3026277,54535,280,4092465,153600,0
2021-02-05,137265,5880,7,0,0,0,3163542,60415,287,4092465,153600,0
2021-02-06,96808,2466,1,0,0,345600,3260350,62881,288,4092465,153600,345600
2021-02-07,51216,2349,2,0,0,0,3311566,65230,290,4092465,153600,345600
2021-02-08,106138,3859,18,0,0,0,3417704,69089,308,4092465,153600,345600
2021-02-09,128561,3882,108,747630,0,0,3546265,72971,416,4840095,153600,345600
2021-02-10,138803,3592,7024,0,0,0,3685068,76563,7440,4840095,153600,345600
2021-02-11,119678,6949,15429,0,0,0,3804746,83512,22869,4840095,153600,345600
2021-02-12,132620,9494,14238,0,0,391200,3937366,93006,37107,4840095,153600,736800
2021-02-13,92210,3035,12709,0,0,0,4029576,96041,49816,4840095,153600,736800
2021-02-14,55134,2401,7310,0,0,0,4084710,98442,57126,4840095,153600,736800
2021-02-15,107390,4397,14741,0,182400,0,4192100,102839,71867,4840095,336000,736800
2021-02-16,105759,5235,23471,904410,0,0,4297859,108074,95338,5744505,336000,736800
2021-02-17,122592,7521,19706,0,0,0,4420451,115595,115044,5744505,336000,736800
2021-02-18,111471,7762,24398,0,0,0,4531922,123357,139442,5744505,336000,736800
2021-02-19,118046,9386,25163,0,0,715200,4649968,132743,164605,5744505,336000,1452000
2021-02-20,88087,4471,21620,0,0,0,4738055,137214,186225,5744505,336000,1452000
2021-02-21,67292,3228,15301,0,0,0,4805347,140442,201526,5744505,336000,1452000
2021-02-22,127124,8807,24951,0,0,0,4932471,149249,226477,5744505,336000,1452000
2021-02-23,132458,6823,27342,926640,0,0,5064929,156072,253819,6671145,336000,1452000
2021-02-24,131735,7524,34963,0,0,0,5196664,163596,288782,6671145,336000,1452000
2021-02-25,131138,6519,50840,0,0,0,5327802,170115,339622,6671145,336000,1452000
2021-02-26,139249,8704,60228,0,0,0,5467051,178819,399850,6671145,336000,1452000
2021-02-27,92743,4191,51423,0,343200,0,5559794,183010,451273,6671145,679200,1452000
2021-02-28,62336,3956,41782,0,0,0,5622130,186966,493055,6671145,679200,1452000
2021-03-01,128528,9007,57005,0,0,0,5750658,195973,550060,6671145,679200,1452000
2021-03-02,140470,9670,68611,1014390,0,650400,5891128,205643,618671,7685535,679200,2102400
2021-03-03,156413,13337,72569,0,0,0,6047541,218980,691240,7685535,679200,2102400
2021-03-04,142650,13528,86063,0,0,0,6190191,232508,777303,7685535,679200,2102400
2021-03-05,146936,12796,107410,0,0,0,6337127,245304,884713,7685535,679200,2102400
2021-03-06,110579,8579,82951,0,0,0,6447706,253883,967664,7685535,679200,2102400
2021-03-07,82704,6721,61099,0,0,0,6530410,260604,1028763,7685535,679200,2102400
2021-03-08,135714,10991,91652,0,0,0,6666124,271595,1120415,7685535,679200,2102400
2021-03-09,140248,12661,97283,1083420,0,960000,6806372,284256,1217698,8768955,679200,3062400
2021-03-10,157205,11531,114138,0,0,0,6963577,295787,1331836,8768955,679200,3062400
2021-03-11,149074,13079,118616,0,0,0,7112651,308866,1450452,8768955,679200,3062400
2021-03-12,152278,17222,151690,0,0,0,7264929,326088,1602142,8768955,679200,3062400
2021-03-13,114502,9623,121571,0,0,0,7379431,335711,1723713,8768955,679200,3062400
2021-03-14,89497,5051,76293,0,0,0,7468928,340762,1800006,8768955,679200,3062400
2021-03-15,151903,12320,83473,0,0,364800,7620831,353082,1883479,8768955,679200,3427200
2021-03-16,167500,10970,1918,1083420,0,0,7788331,364052,1885397,9852375,679200,3427200
2021-03-17,185716,17025,1398,0,0,0,7974047,381077,1886795,9852375,679200,3427200
2021-03-18,174815,17513,1568,0,0,0,8148862,398590,1888363,9852375,679200,3427200
2021-03-19,183101,19699,38237,0,0,0,8331963,418289,1926600,9852375,679200,3427200
2021-03-20,135415,15142,67926,0,0,0,8467378,433431,1994526,9852375,679200,3427200
2021-03-21,104063,9168,52259,0,432000,0,8571441,442599,2046785,9852375,1111200,3427200
2021-03-22,164975,23456,76534,0,0,0,8736416,466055,2123319,9852375,1111200,3427200
2021-03-23,180316,19642,96912,1076400,0,204000,8916732,485697,2220231,10928775,1111200,3631200
2021-03-24,196149,32517,102544,0,0,0,9112881,518214,2322775,10928775,1111200,3631200
2021-03-25,186806,25906,120859,0,0,0,9299687,544120,2443634,10928775,1111200,3631200
2021-03-26,201173,34441,133526,0,0,201600,9500860,578561,2577160,10928775,1111200,3832800
2021-03-27,150875,27070,106190,0,0,0,9651735,605631,2683350,10928775,1111200,3832800
2021-03-28,117308,18520,60001,0,0,0,9769043,624151,2743351,10928775,1111200,3832800
2021-03-29,187088,25067,94145,0,0,0,9956131,649218,2837496,10928775,1111200,3832800
2021-03-30,213655,25367,84925,1427400,0,0,10169786,674585,2922421,12356175,1111200,3832800
2021-03-31,246926,36791,52334,0,0,0,10416712,711376,2974755,12356175,1111200,3832800
2021-04-01,232059,31585,54546,0,0,0,10648771,742961,3029301,12356175,1111200,3832800
2021-04-02,180892,16457,31551,0,650400,0,10829663,759418,3060852,12356175,1761600,3832800
2021-04-03,171380,17057,41102,0,0,1744800,11001043,776475,3101954,12356175,1761600,5577600
2021-04-04,135080,11094,49610,0,0,0,11136123,787569,3151564,12356175,1761600,5577600
2021-04-05,168198,17818,63473,0,0,0,11304321,805387,3215037,12356175,1761600,5577600
2021-04-06,257592,32523,86693,0,0,0,11561913,837910,3301730,12356175,1761600,5577600
2021-04-07,538376,35064,99060,2749500,0,0,12100289,872974,3400790,15105675,1761600,5577600
2021-04-08,568082,34422,122947,0,0,0,12668371,907396,3523737,15105675,1761600,5577600
2021-04-09,484834,33897,98805,0,0,0,13153205,941293,3622542,15105675,1761600,5577600
2021-04-10,243184,22104,97504,0,0,0,13396389,963397,3720046,15105675,1761600,5577600
2021-04-11,165482,17860,73447,0,0,0,13561871,981257,3793493,15105675,1761600,5577600
2021-04-12,275871,27485,107594,0,0,0,13837742,1008742,3901087,15105675,1761600,5577600
2021-04-13,424036,25371,114457,0,0,0,14261778,1034113,4015544,15105675,1761600,5577600
2021-04-14,592696,28309,117496,0,0,0,14854474,1062422,4133040,15105675,1761600,5577600
