date,administered_doses_pfizer,administered_doses_moderna,administered_doses_astrazeneca,delivered_doses_pfizer,delivered_doses_moderna,delivered_doses_astrazeneca,cum_administered_doses_pfizer,cum_administered_doses_moderna,cum_administered_doses_astrazeneca,cum_delivered_doses_pfizer,cum_delivered_doses_moderna,cum_delivered_doses_astrazeneca
2020-12-27,23716,0,0,151125,0,0,23716,0,0,151125,0,0
2020-12-28,18740,0,0,521625,0,0,42456,0,0,672750,0,0
2020-12-29,42648,0,0,0,0,0,85104,0,0,672750,0,0
2020-12-30,58001,0,0,653250,0,0,143105,0,0,1326000,0,0
2020-12-31,38740,0,0,0,0,0,181845,0,0,1326000,0,0
2021-01-01,24749,0,0,0,0,0,206594,0,0,1326000,0,0
2021-01-02,52180,0,0,0,0,0,258774,0,0,1326000,0,0
2021-01-03,24986,0,0,0,0,0,283760,0,0,1326000,0,0
2021-01-04,48709,0,0,0,0,0,332469,0,0,1326000,0,0
2021-01-05,52474,0,0,0,0,0,384943,0,0,1326000,0,0
2021-01-06,59166,0,0,0,0,0,444109,0,0,1326000,0,0
2021-01-07,58460,0,0,0,0,0,502569,0,0,1326000,0,0
2021-01-08,60447,0,0,687375,0,0,563016,0,0,2013375,0,0
2021-01-09,57321,0,0,0,0,0,620337,0,0,2013375,0,0
2021-01-10,33279,0,0,0,0,0,653616,0,0,2013375,0,0
2021-01-11,65719,0,0,0,0,0,719335,0,0,2013375,0,0
2021-01-12,82084,0,0,0,63600,0,801419,0,0,2013375,63600,0
2021-01-13,98289,795,0,0,0,0,899708,795,0,2013375,63600,0
2021-01-14,95577,4648,0,0,0,0,995285,5443,0,2013375,63600,0
2021-01-15,87375,5450,0,0,0,0,1082660,10893,0,2013375,63600,0
2021-01-16,55240,1858,0,0,0,0,1137900,12751,0,2013375,63600,0
2021-01-17,43236,1414,0,0,0,0,1181136,14165,0,2013375,63600,0
2021-01-18,72419,2038,0,0,0,0,1253555,16203,0,2013375,63600,0
2021-01-19,93874,1521,0,842400,0,0,1347429,17724,0,2855775,63600,0
2021-01-20,127645,1292,0,0,0,0,1475074,19016,0,2855775,63600,0
2021-01-21,95029,1099,0,0,0,0,1570103,20115,0,2855775,63600,0
2021-01-22,114266,1337,0,0,0,0,1684369,21452,0,2855775,63600,0
2021-01-23,92657,383,0,0,0,0,1777026,21835,0,2855775,63600,0
2021-01-24,66057,244,0,0,0,0,1843083,22079,0,2855775,63600,0
2021-01-25,96480,1474,0,0,0,0,1939563,23553,0,2855775,63600,0
2021-01-26,101149,1588,0,489060,0,0,2040712,25141,0,3344835,63600,0
2021-01-27,111618,1911,0,0,0,0,2152330,27052,0,3344835,63600,0
2021-01-28,94112,6483,0,0,0,0,2246442,33535,0,3344835,63600,0
2021-01-29,108411,1404,0,0,0,0,2354853,34939,0,3344835,63600,0
2021-01-30,87304,874,0,0,0,0,2442157,35813,0,3344835,63600,0
2021-01-31,62363,342,0,0,90000,0,2504520,36155,0,3344835,153600,0
2021-02-01,114378,1577,0,747630,0,0,2618898,37732,0,4092465,153600,0
2021-02-02,125650,2028,0,0,0,0,2744548,39760,0,4092465,153600,0
2021-02-03,137745,5458,0,0,0,0,2882293,45218,0,4092465,153600,0
2021-02-04,130855,5026,0,0,0,0,3013148,50244,0,4092465,153600,0
2021-02-05,129676,4070,0,0,0,0,3142824,54314,0,4092465,153600,0
2021-02-06,100683,3401,0,0,0,345600,3243507,57715,0,4092465,153600,345600
2021-02-07,56025,3459,0,0,0,0,3299532,61174,0,4092465,153600,345600
2021-02-08,102445,3960,16,0,0,0,3401977,65134,16,4092465,153600,345600
2021-02-09,121489,3270,106,747630,0,0,3523466,68404,122,4840095,153600,345600
2021-02-10,138134,4932,7503,0,0,0,3661600,73336,7625,4840095,153600,345600
2021-02-11,124235,5962,13826,0,0,0,3785835,79298,21451,4840095,153600,345600
2021-02-12,135393,9537,13922,0,0,391200,3921228,88835,35373,4840095,153600,736800
2021-02-13,94272,3379,12335,0,0,0,4015500,92214,47708,4840095,153600,736800
2021-02-14,56954,2852,6979,0,0,0,4072454,95066,54687,4840095,153600,736800
2021-02-15,108475,3320,15059,0,182400,0,4180929,98386,69746,4840095,336000,736800
2021-02-16,108299,4634,23414,900900,0,0,4289228,103020,93160,5740995,336000,736800
2021-02-17,123189,7071,19257,0,0,0,4412417,110091,112417,5740995,336000,736800
2021-02-18,115023,7151,23986,0,0,0,4527440,117242,136403,5740995,336000,736800
2021-02-19,119083,7920,23769,0,0,715200,4646523,125162,160172,5740995,336000,1452000
2021-02-20,86357,5462,20809,0,0,0,4732880,130624,180981,5740995,336000,1452000
2021-02-21,65815,4221,15524,0,0,0,4798695,134845,196505,5740995,336000,1452000
2021-02-22,119006,7442,25762,0,0,0,4917701,142287,222267,5740995,336000,1452000
2021-02-23,127336,6323,26691,924300,0,0,5045037,148610,248958,6665295,336000,1452000
2021-02-24,132889,7595,34496,0,0,0,5177926,156205,283454,6665295,336000,1452000
2021-02-25,125187,6172,48707,0,0,0,5303113,162377,332161,6665295,336000,1452000
2021-02-26,133052,7120,55463,0,0,0,5436165,169497,387624,6665295,336000,1452000
2021-02-27,93993,4159,48572,0,343200,0,5530158,173656,436196,6665295,679200,1452000
2021-02-28,67301,3621,42784,0,0,0,5597459,177277,478980,6665295,679200,1452000
2021-03-01,129104,7770,54767,0,0,0,5726563,185047,533747,6665295,679200,1452000
2021-03-02,143810,8385,64661,1012050,0,650400,5870373,193432,598408,7677345,679200,2102400
2021-03-03,162135,11519,66933,0,0,0,6032508,204951,665341,7677345,679200,2102400
2021-03-04,142869,12573,83132,0,0,0,6175377,217524,748473,7677345,679200,2102400
2021-03-05,141789,12354,96726,0,0,0,6317166,229878,845199,7677345,679200,2102400
2021-03-06,108131,7919,77643,0,0,0,6425297,237797,922842,7677345,679200,2102400
2021-03-07,83972,6634,57400,0,0,0,6509269,244431,980242,7677345,679200,2102400
2021-03-08,136427,11357,83573,0,0,0,6645696,255788,1063815,7677345,679200,2102400
2021-03-09,140435,11667,95185,1076400,0,960000,6786131,267455,1159000,8753745,679200,3062400
2021-03-10,158341,11683,107718,0,0,0,6944472,279138,1266718,8753745,679200,3062400
2021-03-11,153893,12432,120284,0,0,0,7098365,291570,1387002,8753745,679200,3062400
2021-03-12,149816,14147,132495,0,0,0,7248181,305717,1519497,8753745,679200,3062400
2021-03-13,112934,8714,113297,0,0,0,7361115,314431,1632794,8753745,679200,3062400
2021-03-14,88149,4834,71444,0,0,0,7449264,319265,1704238,8753745,679200,3062400
2021-03-15,147289,11452,72806,0,0,0,7596553,330717,1777044,8753745,679200,3062400
2021-03-16,165081,9754,1519,0,0,0,7761634,340471,1778563,8753745,679200,3062400
2021-03-17,178826,14696,1451,0,0,0,7940460,355167,1780014,8753745,679200,3062400
2021-03-18,168853,15897,1154,0,0,0,8109313,371064,1781168,8753745,679200,3062400
