date,administered_doses_pfizer,administered_doses_moderna,administered_doses_astrazeneca,delivered_doses_pfizer,delivered_doses_moderna,delivered_doses_astrazeneca,J&J,cum_administered_doses_pfizer,cum_administered_doses_moderna,cum_administered_doses_astrazeneca,cum_delivered_doses_pfizer,cum_delivered_doses_moderna,cum_delivered_doses_astrazeneca
2020-12-26,0,0,0,151125,0,0,NA,0,0,0,151125,0,0
2020-12-27,24504,0,0,0,0,0,NA,24504,0,0,151125,0,0
2020-12-28,18382,0,0,521625,0,0,NA,42886,0,0,672750,0,0
2020-12-29,49173,0,0,0,0,0,NA,92059,0,0,672750,0,0
2020-12-30,62411,0,0,653250,0,0,NA,154470,0,0,1326000,0,0
2020-12-31,50064,0,0,0,0,0,NA,204534,0,0,1326000,0,0
2021-01-01,19267,0,1,0,0,0,NA,223801,0,1,1326000,0,0
2021-01-02,52868,0,0,0,0,0,NA,276669,0,1,1326000,0,0
2021-01-03,24164,0,0,0,0,0,NA,300833,0,1,1326000,0,0
2021-01-04,48394,0,0,0,0,0,NA,349227,0,1,1326000,0,0
2021-01-05,53847,1,0,0,0,0,NA,403074,1,1,1326000,0,0
2021-01-06,62815,6,2,0,0,0,NA,465889,7,3,1326000,0,0
2021-01-07,56021,4,0,0,0,0,NA,521910,11,3,1326000,0,0
2021-01-08,63595,48,0,687375,0,0,NA,585505,59,3,2013375,0,0
2021-01-09,61365,0,0,0,0,0,NA,646870,59,3,2013375,0,0
2021-01-10,35272,0,0,0,0,0,NA,682142,59,3,2013375,0,0
2021-01-11,66874,1,0,0,0,0,NA,749016,60,3,2013375,0,0
2021-01-12,82931,0,2,0,63600,0,NA,831947,60,5,2013375,63600,0
2021-01-13,111421,797,0,0,0,0,NA,943368,857,5,2013375,63600,0
2021-01-14,78824,4627,0,0,0,0,NA,1022192,5484,5,2013375,63600,0
2021-01-15,85888,5437,19,0,0,0,NA,1108080,10921,24,2013375,63600,0
2021-01-16,55638,1772,0,0,0,0,NA,1163718,12693,24,2013375,63600,0
2021-01-17,47065,1305,1,0,0,0,NA,1210783,13998,25,2013375,63600,0
2021-01-18,78211,4035,1,0,0,0,NA,1288994,18033,26,2013375,63600,0
2021-01-19,111184,3470,50,842400,0,0,NA,1400178,21503,76,2855775,63600,0
2021-01-20,129472,2751,4,0,0,0,NA,1529650,24254,80,2855775,63600,0
2021-01-21,102354,2712,0,0,0,0,NA,1632004,26966,80,2855775,63600,0
2021-01-22,100091,2043,12,0,0,0,NA,1732095,29009,92,2855775,63600,0
2021-01-23,85175,383,1,0,0,0,NA,1817270,29392,93,2855775,63600,0
2021-01-24,49518,244,4,0,0,0,NA,1866788,29636,97,2855775,63600,0
2021-01-25,94502,1722,2,0,0,0,NA,1961290,31358,99,2855775,63600,0
2021-01-26,97938,1654,6,489060,0,0,NA,2059228,33012,105,3344835,63600,0
2021-01-27,109274,1925,8,0,0,0,NA,2168502,34937,113,3344835,63600,0
2021-01-28,89951,1635,1,0,0,0,NA,2258453,36572,114,3344835,63600,0
2021-01-29,107186,1405,65,0,0,0,NA,2365639,37977,179,3344835,63600,0
2021-01-30,86922,874,1,0,0,0,NA,2452561,38851,180,3344835,63600,0
2021-01-31,57649,376,0,0,90000,0,NA,2510210,39227,180,3344835,153600,0
2021-02-01,119557,2211,57,0,0,0,NA,2629767,41438,237,3344835,153600,0
2021-02-02,127955,2870,14,747630,0,0,NA,2757722,44308,251,4092465,153600,0
2021-02-03,153416,6389,20,0,0,0,NA,2911138,50697,271,4092465,153600,0
2021-02-04,126231,5875,6,0,0,0,NA,3037369,56572,277,4092465,153600,0
2021-02-05,138724,6399,7,0,0,0,NA,3176093,62971,284,4092465,153600,0
2021-02-06,97403,2466,1,0,0,345600,NA,3273496,65437,285,4092465,153600,345600
2021-02-07,51905,2349,2,0,0,0,NA,3325401,67786,287,4092465,153600,345600
2021-02-08,106431,3859,24,0,0,0,NA,3431832,71645,311,4092465,153600,345600
2021-02-09,128887,3881,110,747630,0,0,NA,3560719,75526,421,4840095,153600,345600
2021-02-10,139097,3869,7040,0,0,0,NA,3699816,79395,7461,4840095,153600,345600
2021-02-11,120307,7295,15424,0,0,0,NA,3820123,86690,22885,4840095,153600,345600
2021-02-12,132733,9874,14249,0,0,391200,NA,3952856,96564,37134,4840095,153600,736800
2021-02-13,92225,3047,12840,0,0,0,NA,4045081,99611,49974,4840095,153600,736800
2021-02-14,55137,2402,7350,0,0,0,NA,4100218,102013,57324,4840095,153600,736800
2021-02-15,107565,4813,14732,0,182400,0,NA,4207783,106826,72056,4840095,336000,736800
2021-02-16,105999,5679,23520,904410,0,0,NA,4313782,112505,95576,5744505,336000,736800
2021-02-17,122536,7952,19767,0,0,0,NA,4436318,120457,115343,5744505,336000,736800
2021-02-18,111192,7936,24402,0,0,0,NA,4547510,128393,139745,5744505,336000,736800
2021-02-19,118039,9800,25220,0,0,715200,NA,4665549,138193,164965,5744505,336000,1452000
2021-02-20,88165,4470,21626,0,0,0,NA,4753714,142663,186591,5744505,336000,1452000
2021-02-21,67287,3228,15304,0,0,0,NA,4821001,145891,201895,5744505,336000,1452000
2021-02-22,127201,9098,24974,0,0,0,NA,4948202,154989,226869,5744505,336000,1452000
2021-02-23,132424,7159,27411,926640,0,0,NA,5080626,162148,254280,6671145,336000,1452000
2021-02-24,131925,7735,35252,0,0,0,NA,5212551,169883,289532,6671145,336000,1452000
2021-02-25,131170,6646,51158,0,0,0,NA,5343721,176529,340690,6671145,336000,1452000
2021-02-26,139564,8717,60412,0,0,0,NA,5483285,185246,401102,6671145,336000,1452000
2021-02-27,92912,4191,51516,0,343200,0,NA,5576197,189437,452618,6671145,679200,1452000
2021-02-28,62409,3956,41766,0,0,0,NA,5638606,193393,494384,6671145,679200,1452000
2021-03-01,128631,9441,57382,0,0,0,NA,5767237,202834,551766,6671145,679200,1452000
2021-03-02,140551,10117,68900,1014390,0,650400,NA,5907788,212951,620666,7685535,679200,2102400
2021-03-03,156690,13787,72705,0,0,0,NA,6064478,226738,693371,7685535,679200,2102400
2021-03-04,142154,13977,86318,0,0,0,NA,6206632,240715,779689,7685535,679200,2102400
2021-03-05,147197,13322,108094,0,0,0,NA,6353829,254037,887783,7685535,679200,2102400
2021-03-06,110652,8596,83046,0,0,0,NA,6464481,262633,970829,7685535,679200,2102400
2021-03-07,82757,6737,61129,0,0,0,NA,6547238,269370,1031958,7685535,679200,2102400
2021-03-08,135524,11001,92139,0,0,0,NA,6682762,280371,1124097,7685535,679200,2102400
2021-03-09,140291,12696,97189,1083420,0,960000,NA,6823053,293067,1221286,8768955,679200,3062400
2021-03-10,157425,11550,114389,0,0,0,NA,6980478,304617,1335675,8768955,679200,3062400
2021-03-11,149111,13220,118888,0,0,0,NA,7129589,317837,1454563,8768955,679200,3062400
2021-03-12,152272,17532,152194,0,0,0,NA,7281861,335369,1606757,8768955,679200,3062400
2021-03-13,114586,9741,121820,0,0,0,NA,7396447,345110,1728577,8768955,679200,3062400
2021-03-14,89568,5146,76370,0,0,0,NA,7486015,350256,1804947,8768955,679200,3062400
2021-03-15,152246,12358,83938,0,0,364800,NA,7638261,362614,1888885,8768955,679200,3427200
2021-03-16,167610,11032,1908,1083420,0,0,NA,7805871,373646,1890793,9852375,679200,3427200
2021-03-17,186129,17944,1400,0,0,0,NA,7992000,391590,1892193,9852375,679200,3427200
2021-03-18,175396,18167,1571,0,0,0,NA,8167396,409757,1893764,9852375,679200,3427200
2021-03-19,183862,20340,38563,0,0,0,NA,8351258,430097,1932327,9852375,679200,3427200
2021-03-20,135800,15237,68412,0,0,0,NA,8487058,445334,2000739,9852375,679200,3427200
2021-03-21,104263,9207,52259,0,432000,0,NA,8591321,454541,2052998,9852375,1111200,3427200
2021-03-22,165435,23571,76775,0,0,0,NA,8756756,478112,2129773,9852375,1111200,3427200
2021-03-23,180952,19675,97041,1076400,0,204000,NA,8937708,497787,2226814,10928775,1111200,3631200
2021-03-24,197007,32574,102892,0,0,0,NA,9134715,530361,2329706,10928775,1111200,3631200
2021-03-25,187630,26737,120905,0,0,0,NA,9322345,557098,2450611,10928775,1111200,3631200
2021-03-26,201836,35526,134874,0,0,201600,NA,9524181,592624,2585485,10928775,1111200,3832800
2021-03-27,151175,27266,106603,0,0,0,NA,9675356,619890,2692088,10928775,1111200,3832800
2021-03-28,117478,18529,59999,0,0,0,NA,9792834,638419,2752087,10928775,1111200,3832800
2021-03-29,187488,25648,94325,0,0,0,NA,9980322,664067,2846412,10928775,1111200,3832800
2021-03-30,214245,25918,85139,1427400,0,0,NA,10194567,689985,2931551,12356175,1111200,3832800
2021-03-31,248387,37773,52567,0,0,0,NA,10442954,727758,2984118,12356175,1111200,3832800
2021-04-01,234122,31875,54592,0,0,0,NA,10677076,759633,3038710,12356175,1111200,3832800
2021-04-02,181262,16521,31631,0,650400,0,NA,10858338,776154,3070341,12356175,1761600,3832800
2021-04-03,172036,17073,41135,0,0,1744800,NA,11030374,793227,3111476,12356175,1761600,5577600
2021-04-04,135299,11111,49625,0,0,0,NA,11165673,804338,3161101,12356175,1761600,5577600
2021-04-05,168387,17917,63407,0,0,0,NA,11334060,822255,3224508,12356175,1761600,5577600
2021-04-06,257869,33029,86737,0,0,0,NA,11591929,855284,3311245,12356175,1761600,5577600
2021-04-07,540815,35590,99259,2738970,0,0,NA,12132744,890874,3410504,15095145,1761600,5577600
2021-04-08,570229,35059,123629,0,0,0,NA,12702973,925933,3534133,15095145,1761600,5577600
2021-04-09,487509,35410,99551,0,0,0,NA,13190482,961343,3633684,15095145,1761600,5577600
2021-04-10,245194,23175,99328,0,0,0,NA,13435676,984518,3733012,15095145,1761600,5577600
2021-04-11,166352,18037,73746,0,0,0,NA,13602028,1002555,3806758,15095145,1761600,5577600
2021-04-12,277885,28313,107781,0,0,360000,NA,13879913,1030868,3914539,15095145,1761600,5937600
2021-04-13,428353,26533,114930,2515500,0,0,NA,14308266,1057401,4029469,17610645,1761600,5937600
2021-04-14,616926,32504,122776,0,0,0,NA,14925192,1089905,4152245,17610645,1761600,5937600
2021-04-15,530956,35923,109047,0,0,0,NA,15456148,1125828,4261292,17610645,1761600,5937600
2021-04-16,435346,30184,123747,0,0,0,NA,15891494,1156012,4385039,17610645,1761600,5937600
2021-04-17,220627,20179,115527,0,42000,0,NA,16112121,1176191,4500566,17610645,1803600,5937600
2021-04-18,169130,13008,80039,0,72000,57600,NA,16281251,1189199,4580605,17610645,1875600,5995200
2021-04-19,287059,30510,76456,0,0,0,NA,16568310,1219709,4657061,17610645,1875600,5995200
2021-04-20,373906,36230,138093,2515499,0,554398,NA,16942216,1255939,4795154,20126144,1875600,6549598
2021-04-21,445327,36418,223031,0,477600,0,NA,17387543,1292357,5018185,20126144,2353200,6549598
2021-04-22,370296,33064,210308,0,0,0,NA,17757839,1325421,5228493,20126144,2353200,6549598
2021-04-23,335265,34442,155448,0,0,0,NA,18093104,1359863,5383941,20126144,2353200,6549598
2021-04-24,227697,36855,78697,0,0,196800,NA,18320801,1396718,5462638,20126144,2353200,6746398
2021-04-25,181080,26260,59444,21060,388800,9600,256800,18501881,1422978,5522082,20147204,2742000,6755998
