date,administered_doses_pfizer,administered_doses_moderna,administered_doses_astrazeneca,delivered_doses_pfizer,delivered_doses_moderna,delivered_doses_astrazeneca,cum_administered_doses_pfizer,cum_administered_doses_moderna,cum_administered_doses_astrazeneca,cum_delivered_doses_pfizer,cum_delivered_doses_moderna,cum_delivered_doses_astrazeneca
2020-12-26,0,0,0,151125,0,0,0,0,0,151125,0,0
2020-12-27,24296,0,0,0,0,0,24296,0,0,151125,0,0
2020-12-28,18383,0,0,521625,0,0,42679,0,0,672750,0,0
2020-12-29,48845,0,0,0,0,0,91524,0,0,672750,0,0
2020-12-30,62201,0,0,653250,0,0,153725,0,0,1326000,0,0
2020-12-31,49823,0,0,0,0,0,203548,0,0,1326000,0,0
2021-01-01,19268,0,1,0,0,0,222816,0,1,1326000,0,0
2021-01-02,52861,0,0,0,0,0,275677,0,1,1326000,0,0
2021-01-03,24115,0,0,0,0,0,299792,0,1,1326000,0,0
2021-01-04,48400,0,0,0,0,0,348192,0,1,1326000,0,0
2021-01-05,53848,1,0,0,0,0,402040,1,1,1326000,0,0
2021-01-06,62824,6,2,0,0,0,464864,7,3,1326000,0,0
2021-01-07,56025,4,0,0,0,0,520889,11,3,1326000,0,0
2021-01-08,63570,48,0,687375,0,0,584459,59,3,2013375,0,0
2021-01-09,61373,0,0,0,0,0,645832,59,3,2013375,0,0
2021-01-10,35213,0,0,0,0,0,681045,59,3,2013375,0,0
2021-01-11,66731,1,0,0,0,0,747776,60,3,2013375,0,0
2021-01-12,82906,0,2,0,63600,0,830682,60,5,2013375,63600,0
2021-01-13,111044,797,0,0,0,0,941726,857,5,2013375,63600,0
2021-01-14,78615,4627,0,0,0,0,1020341,5484,5,2013375,63600,0
2021-01-15,85734,5437,19,0,0,0,1106075,10921,24,2013375,63600,0
2021-01-16,55640,1772,0,0,0,0,1161715,12693,24,2013375,63600,0
2021-01-17,46693,1305,1,0,0,0,1208408,13998,25,2013375,63600,0
2021-01-18,78214,4036,1,0,0,0,1286622,18034,26,2013375,63600,0
2021-01-19,110839,3469,50,842400,0,0,1397461,21503,76,2855775,63600,0
2021-01-20,129286,2749,4,0,0,0,1526747,24252,80,2855775,63600,0
2021-01-21,101939,2712,0,0,0,0,1628686,26964,80,2855775,63600,0
2021-01-22,99902,2043,12,0,0,0,1728588,29007,92,2855775,63600,0
2021-01-23,85178,383,1,0,0,0,1813766,29390,93,2855775,63600,0
2021-01-24,49426,244,4,0,0,0,1863192,29634,97,2855775,63600,0
2021-01-25,94508,1722,2,0,0,0,1957700,31356,99,2855775,63600,0
2021-01-26,97948,1654,6,489060,0,0,2055648,33010,105,3344835,63600,0
2021-01-27,109237,1926,8,0,0,0,2164885,34936,113,3344835,63600,0
2021-01-28,89856,1635,1,0,0,0,2254741,36571,114,3344835,63600,0
2021-01-29,107158,1405,65,0,0,0,2361899,37976,179,3344835,63600,0
2021-01-30,86602,874,1,0,0,0,2448501,38850,180,3344835,63600,0
2021-01-31,57665,376,0,0,90000,0,2506166,39226,180,3344835,153600,0
2021-02-01,119504,2211,57,0,0,0,2625670,41437,237,3344835,153600,0
2021-02-02,127781,2870,14,747630,0,0,2753451,44307,251,4092465,153600,0
2021-02-03,152556,6389,20,0,0,0,2906007,50696,271,4092465,153600,0
2021-02-04,126077,5876,6,0,0,0,3032084,56572,277,4092465,153600,0
2021-02-05,138061,6402,7,0,0,0,3170145,62974,284,4092465,153600,0
2021-02-06,97082,2466,1,0,0,345600,3267227,65440,285,4092465,153600,345600
2021-02-07,51606,2349,2,0,0,0,3318833,67789,287,4092465,153600,345600
2021-02-08,106378,3859,19,0,0,0,3425211,71648,306,4092465,153600,345600
2021-02-09,128860,3882,110,747630,0,0,3554071,75530,416,4840095,153600,345600
2021-02-10,139133,3868,7036,0,0,0,3693204,79398,7452,4840095,153600,345600
2021-02-11,119788,7295,15423,0,0,0,3812992,86693,22875,4840095,153600,345600
2021-02-12,132713,9875,14232,0,0,391200,3945705,96568,37107,4840095,153600,736800
2021-02-13,92167,3047,12812,0,0,0,4037872,99615,49919,4840095,153600,736800
2021-02-14,55144,2401,7351,0,0,0,4093016,102016,57270,4840095,153600,736800
2021-02-15,107550,4806,14735,0,182400,0,4200566,106822,72005,4840095,336000,736800
2021-02-16,105970,5235,23489,904410,0,0,4306536,112057,95494,5744505,336000,736800
2021-02-17,122547,7521,19748,0,0,0,4429083,119578,115242,5744505,336000,736800
2021-02-18,111108,7761,24397,0,0,0,4540191,127339,139639,5744505,336000,736800
2021-02-19,118047,9773,25172,0,0,715200,4658238,137112,164811,5744505,336000,1452000
2021-02-20,88168,4470,21624,0,0,0,4746406,141582,186435,5744505,336000,1452000
2021-02-21,67300,3228,15302,0,0,0,4813706,144810,201737,5744505,336000,1452000
2021-02-22,127202,9096,24950,0,0,0,4940908,153906,226687,5744505,336000,1452000
2021-02-23,132276,7159,27393,926640,0,0,5073184,161065,254080,6671145,336000,1452000
2021-02-24,131761,7733,35256,0,0,0,5204945,168798,289336,6671145,336000,1452000
2021-02-25,131154,6645,51119,0,0,0,5336099,175443,340455,6671145,336000,1452000
2021-02-26,139245,8717,60238,0,0,0,5475344,184160,400693,6671145,336000,1452000
2021-02-27,92811,4191,51493,0,343200,0,5568155,188351,452186,6671145,679200,1452000
2021-02-28,62371,3956,41809,0,0,0,5630526,192307,493995,6671145,679200,1452000
2021-03-01,128613,9417,57069,0,0,0,5759139,201724,551064,6671145,679200,1452000
2021-03-02,140564,9972,68753,1014390,0,650400,5899703,211696,619817,7685535,679200,2102400
2021-03-03,156664,13363,72351,0,0,0,6056367,225059,692168,7685535,679200,2102400
2021-03-04,142022,13540,86167,0,0,0,6198389,238599,778335,7685535,679200,2102400
2021-03-05,147212,12811,107719,0,0,0,6345601,251410,886054,7685535,679200,2102400
2021-03-06,110651,8596,82995,0,0,0,6456252,260006,969049,7685535,679200,2102400
2021-03-07,82773,6735,61130,0,0,0,6539025,266741,1030179,7685535,679200,2102400
2021-03-08,135571,11004,92036,0,0,0,6674596,277745,1122215,7685535,679200,2102400
2021-03-09,140261,12690,97088,1083420,0,960000,6814857,290435,1219303,8768955,679200,3062400
2021-03-10,157358,11549,114220,0,0,0,6972215,301984,1333523,8768955,679200,3062400
2021-03-11,149058,13214,118727,0,0,0,7121273,315198,1452250,8768955,679200,3062400
2021-03-12,152261,17371,151641,0,0,0,7273534,332569,1603891,8768955,679200,3062400
2021-03-13,114552,9639,121687,0,0,0,7388086,342208,1725578,8768955,679200,3062400
2021-03-14,89533,5142,76285,0,0,0,7477619,347350,1801863,8768955,679200,3062400
2021-03-15,152009,12344,83727,0,0,364800,7629628,359694,1885590,8768955,679200,3427200
2021-03-16,167514,11010,1908,1083420,0,0,7797142,370704,1887498,9852375,679200,3427200
2021-03-17,185954,17260,1400,0,0,0,7983096,387964,1888898,9852375,679200,3427200
2021-03-18,175240,17570,1571,0,0,0,8158336,405534,1890469,9852375,679200,3427200
2021-03-19,183741,19724,38384,0,0,0,8342077,425258,1928853,9852375,679200,3427200
2021-03-20,135713,15208,67947,0,0,0,8477790,440466,1996800,9852375,679200,3427200
2021-03-21,104187,9179,52262,0,432000,0,8581977,449645,2049062,9852375,1111200,3427200
2021-03-22,165319,23525,76570,0,0,0,8747296,473170,2125632,9852375,1111200,3427200
2021-03-23,180723,19642,97007,1076400,0,204000,8928019,492812,2222639,10928775,1111200,3631200
2021-03-24,196757,32570,102778,0,0,0,9124776,525382,2325417,10928775,1111200,3631200
2021-03-25,187425,25979,120887,0,0,0,9312201,551361,2446304,10928775,1111200,3631200
2021-03-26,201628,34889,134061,0,0,201600,9513829,586250,2580365,10928775,1111200,3832800
2021-03-27,151054,27093,106244,0,0,0,9664883,613343,2686609,10928775,1111200,3832800
2021-03-28,117413,18520,59993,0,0,0,9782296,631863,2746602,10928775,1111200,3832800
2021-03-29,187350,25211,94253,0,0,0,9969646,657074,2840855,10928775,1111200,3832800
2021-03-30,214183,25401,84979,1427400,0,0,10183829,682475,2925834,12356175,1111200,3832800
2021-03-31,248045,37563,52376,0,0,0,10431874,720038,2978210,12356175,1111200,3832800
2021-04-01,232805,31646,54552,0,0,0,10664679,751684,3032762,12356175,1111200,3832800
2021-04-02,181144,16471,31568,0,650400,0,10845823,768155,3064330,12356175,1761600,3832800
2021-04-03,171652,17058,41076,0,0,1744800,11017475,785213,3105406,12356175,1761600,5577600
2021-04-04,135133,11092,49562,0,0,0,11152608,796305,3154968,12356175,1761600,5577600
2021-04-05,168278,17887,63407,0,0,0,11320886,814192,3218375,12356175,1761600,5577600
2021-04-06,257811,32916,86734,0,0,0,11578697,847108,3305109,12356175,1761600,5577600
2021-04-07,540238,35392,99241,2749500,0,0,12118935,882500,3404350,15105675,1761600,5577600
2021-04-08,569668,34615,123590,0,0,0,12688603,917115,3527940,15105675,1761600,5577600
2021-04-09,486881,35024,99545,0,0,0,13175484,952139,3627485,15105675,1761600,5577600
2021-04-10,244693,22669,99186,0,0,0,13420177,974808,3726671,15105675,1761600,5577600
2021-04-11,165896,18003,73717,0,0,0,13586073,992811,3800388,15105675,1761600,5577600
2021-04-12,277158,28207,107718,0,0,360000,13863231,1021018,3908106,15105675,1761600,5937600
2021-04-13,427106,26498,114860,2515501,0,0,14290337,1047516,4022966,17621176,1761600,5937600
2021-04-14,615209,31736,122592,0,0,0,14905546,1079252,4145558,17621176,1761600,5937600
2021-04-15,528130,35428,108943,0,0,0,15433676,1114680,4254501,17621176,1761600,5937600
2021-04-16,430835,28522,123328,0,0,0,15864511,1143202,4377829,17621176,1761600,5937600
2021-04-17,217457,19368,114895,0,42000,0,16081968,1162570,4492724,17621176,1803600,5937600
2021-04-18,167668,12955,79796,0,72000,57600,16249636,1175525,4572520,17621176,1875600,5995200
2021-04-19,276990,28836,75269,0,0,0,16526626,1204361,4647789,17621176,1875600,5995200
