date,cum_vacs,new_vacs_all,new_vacs_first_dose_all,new_vacs_second_dose_all,cum_vacs_pfizer,cum_vacs_moderna,cum_vacs_astrazeneca,cum_persons_vaccinated_first_dose,cum_persons_vaccinated_second_dose,pct_pop_vaccinated_first_dose,pct_pop_vaccinated_second_dose,cum_vacs_elderly,cum_vacs_medical_profession,cum_vacs_medical_condition,cum_vacs_care_homes,cum_vacs_elderly_first_dose,cum_vacs_medical_profession_first_dose,cum_vacs_medical_condition_first_dose,cum_vacs_care_homes_first_dose,cum_vacs_elderly_second_dose,cum_vacs_medical_profession_second_dose,cum_vacs_medical_condition_second_dose,cum_vacs_care_homes_second_dose,new_vacs_pfizer,new_vacs_moderna,new_vacs_astrazeneca,new_vacs_elderly,new_vacs_medical_profession,new_vacs_medical_condition,new_vacs_care_homes,new_vacs_all_7day_rollsum,new_vacs_pfizer_7day_rollsum,new_vacs_moderna_7day_rollsum,new_vacs_astrazeneca_7day_rollsum
2020-12-27,23567,23567,23567,0,23567,0,0,23567,0,2.8e-4,0,8634,7774,1281,13036,8634,7774,1281,13036,0,0,0,0,23567,0,0,8634,7774,1281,13036,NA,NA,NA,NA
2020-12-28,42307,18740,18740,0,42307,0,0,42307,0,5.1e-4,0,16423,15166,1967,21868,16423,15166,1967,21868,0,0,0,0,18740,0,0,7789,7392,686,8832,NA,NA,NA,NA
2020-12-29,84962,42655,42655,0,84962,0,0,84962,0,0.00102,0,28858,36727,3043,38597,28858,36727,3043,38597,0,0,0,0,42655,0,0,12435,21561,1076,16729,NA,NA,NA,NA
2020-12-30,142965,58003,58003,0,142965,0,0,142965,0,0.00172,0,46272,68156,4644,59524,46272,68156,4644,59524,0,0,0,0,58003,0,0,17414,31429,1601,20927,NA,NA,NA,NA
2020-12-31,181583,38618,38618,0,181583,0,0,181583,0,0.00218,0,59368,86809,6462,74884,59368,86809,6462,74884,0,0,0,0,38618,0,0,13096,18653,1818,15360,NA,NA,NA,NA
2021-01-01,206334,24751,24751,0,206334,0,0,206334,0,0.00248,0,67115,96773,7537,87484,67115,96773,7537,87484,0,0,0,0,24751,0,0,7747,9964,1075,12600,NA,NA,NA,NA
2021-01-02,258390,52056,52056,0,258390,0,0,258390,0,0.00311,0,86425,120560,10018,108501,86425,120560,10018,108501,0,0,0,0,52056,0,0,19310,23787,2481,21017,258390,258390,0,0
2021-01-03,283379,24989,24989,0,283379,0,0,283379,0,0.00341,0,96344,131412,10948,119079,96344,131412,10948,119079,0,0,0,0,24989,0,0,9919,10852,930,10578,259812,259812,0,0
2021-01-04,332030,48651,48651,0,332030,0,0,332030,0,0.00399,0,111668,156478,13608,134893,111668,156478,13608,134893,0,0,0,0,48651,0,0,15324,25066,2660,15814,289723,289723,0,0
2021-01-05,384464,52434,52434,0,384464,0,0,384464,0,0.00462,0,127908,183997,16043,153051,127908,183996,16043,153051,0,1,0,0,52434,0,0,16240,27519,2435,18158,299502,299502,0,0
2021-01-06,443587,59123,59123,0,443587,0,0,443587,0,0.00533,0,145827,214965,19457,174208,145827,214964,19457,174208,0,1,0,0,59123,0,0,17919,30968,3414,21157,300622,300622,0,0
2021-01-07,502002,58415,58415,0,502002,0,0,502002,0,0.00604,0,163615,245369,22461,191995,163614,245368,22461,191995,1,1,0,0,58415,0,0,17788,30404,3004,17787,320419,320419,0,0
2021-01-08,562341,60339,60339,0,562341,0,0,562341,0,0.00676,0,183163,276923,25753,211723,183158,276922,25753,211723,5,1,0,0,60339,0,0,19548,31554,3292,19728,356007,356007,0,0
2021-01-09,619534,57193,57193,0,619534,0,0,619534,0,0.00745,0,205507,301627,28066,234592,205498,301626,28066,234592,9,1,0,0,57193,0,0,22344,24704,2313,22869,361144,361144,0,0
2021-01-10,652818,33284,33284,0,652818,0,0,652818,0,0.00785,0,218735,315741,29335,246399,218724,315740,29335,246399,11,1,0,0,33284,0,0,13228,14114,1269,11807,369439,369439,0,0
2021-01-11,718488,65670,65670,0,718488,0,0,718488,0,0.00864,0,241699,347057,32280,266668,241688,347056,32280,266668,11,1,0,0,65670,0,0,22964,31316,2945,20269,386458,386458,0,0
2021-01-12,800671,82183,82183,0,800671,0,0,800671,0,0.00963,0,267216,389493,35432,290906,267205,389492,35432,290906,11,1,0,0,82183,0,0,25517,42436,3152,24238,416207,416207,0,0
2021-01-13,899673,99002,99002,0,898878,795,0,899673,0,0.01082,0,299576,441723,38854,320396,299565,441722,38854,320396,11,1,0,0,98207,795,0,32360,52230,3422,29490,456086,455291,795,0
2021-01-14,999823,100150,100036,114,994380,5443,0,999709,114,0.01202,0,325713,493042,41149,353243,325647,493037,41149,353243,66,5,0,0,95502,4648,0,26137,51319,2295,32847,497821,492378,5443,0
2021-01-15,1092620,92797,92368,429,1081726,10894,0,1092077,543,0.01313,1e-5,355437,540335,44766,381373,355258,540251,44757,381284,179,84,9,89,87346,5451,0,29724,47293,3617,28130,530279,519385,10894,0
2021-01-16,1149731,57111,56714,397,1136979,12752,0,1148791,940,0.01381,1e-5,376411,565427,46805,401247,376041,565236,46735,400956,370,191,70,291,55253,1858,0,20974,25092,2039,19874,530197,517445,12752,0
2021-01-17,1194239,44508,30898,13610,1180072,14167,0,1179689,14550,0.01418,1.7e-4,393125,585013,48528,419090,386435,579930,47863,410857,6690,5083,665,8233,43093,1415,0,16714,19586,1723,17843,541421,527254,14167,0
2021-01-18,1268604,74365,57993,16372,1252503,16101,0,1237682,30922,0.014880000000000001,3.7e-4,420393,620990,50636,439667,407933,608829,49437,424006,12460,12161,1199,15661,72431,1934,0,27268,35977,2108,20577,550116,534015,16101,0
2021-01-19,1364010,95406,68176,27230,1346386,17624,0,1305858,58152,0.0157,7e-4,452869,670181,53892,466780,430953,644996,51900,440491,21916,25185,1992,26289,93883,1523,0,32476,49191,3256,27113,563339,545715,17624,0
2021-01-20,1492956,128946,78289,50657,1474040,18916,0,1384147,108809,0.01664,0.00131,494903,732885,57791,509407,458134,682329,54901,463109,36769,50556,2890,46298,127654,1292,0,42034,62704,3899,42627,593283,575162,18121,0
2021-01-21,1589098,96142,60708,35434,1569082,20016,0,1444855,144243,0.01737,0.00173,532393,776948,62019,540437,482664,709207,58127,480708,49729,67741,3892,59729,95042,1100,0,37490,44063,4228,31030,589275,574702,14573,0
2021-01-22,1704638,115540,84251,31289,1683284,21354,0,1529106,175532,0.01839,0.00211,573692,829130,65596,583011,511404,746937,60812,508344,62288,82193,4784,74667,114202,1338,0,41299,52182,3577,42574,612018,601558,10460,0
2021-01-23,1797449,92811,48962,43849,1775712,21737,0,1578068,219381,0.01897,0.00264,607949,869999,68858,614252,529848,766908,61995,522061,78101,103091,6863,92191,92428,383,0,34257,40869,3262,31241,647718,638733,8985,0
2021-01-24,1863751,66302,38213,28089,1841770,21981,0,1616281,247470,0.01943,0.00298,630498,897296,69748,638320,543189,782083,62316,533855,87309,115213,7432,104465,66058,244,0,22549,27297,890,24068,669512,661698,7814,0
2021-01-25,1961678,97927,58194,39733,1938223,23455,0,1674475,287203,0.02013,0.00345,670096,940569,73165,663984,570859,804472,63963,546597,99237,136097,9202,117387,96453,1474,0,39598,43273,3417,25664,693074,685720,7354,0
2021-01-26,2064367,102689,53111,49578,2039324,25043,0,1727586,336781,0.02077,0.00405,708232,988776,76841,691665,595616,825165,65268,558584,112616,163611,11573,133081,101101,1588,0,38136,48207,3676,27681,700357,692938,7419,0
2021-01-27,2177654,113287,54056,59231,2150700,26954,0,1781642,396012,0.02142,0.00476,748668,1043326,81910,723511,618872,847499,67059,570769,129796,195827,14851,152742,111376,1911,0,40436,54550,5069,31846,684698,676660,8038,0
2021-01-28,2278193,100539,51577,48962,2244756,33437,0,1833219,444974,0.02204,0.00535,785245,1092192,86032,749845,640543,870354,68582,582634,144702,221838,17450,167211,94056,6483,0,36577,48866,4122,26334,689095,675674,13421,0
2021-01-29,2387652,109459,55942,53517,2352811,34841,0,1889161,498491,0.02272,0.00599,825619,1143597,91299,777956,662523,894376,70788,593670,163096,249221,20511,184286,108055,1404,0,40374,51405,5267,28111,683014,669527,13487,0
2021-01-30,2475389,87737,39557,48180,2439674,35715,0,1928718,546671,0.02319,0.00657,859008,1184171,94956,803413,678635,912664,72188,601533,180373,271507,22768,201880,86863,874,0,33389,40574,3657,25457,677940,663962,13978,0
2021-01-31,2538097,62708,31328,31380,2502040,36057,0,1960046,578051,0.02357,0.00695,882552,1212596,96986,819138,692206,926953,73344,607313,190346,285643,23642,211825,62366,342,0,23544,28425,2030,15725,674346,660270,14076,0
2021-02-01,2654004,115907,50046,65861,2616370,37634,0,2010092,643912,0.02417,0.00774,923376,1270429,100535,848138,712239,951728,75160,617172,211137,318701,25375,230966,114330,1577,0,40824,57833,3549,29000,692326,678147,14179,0
2021-02-02,2781675,127671,57924,69747,2742012,39663,0,2068016,713659,0.02487,0.00858,964698,1337281,105423,880379,731044,984708,77630,626880,233654,352573,27793,253499,125642,2029,0,41322,66852,4888,32241,717308,702688,14620,0
2021-02-03,2924137,142462,57890,84572,2879020,45117,0,2125906,798231,0.02556,0.0096,1017007,1406025,110852,917935,753533,1012413,79767,637898,263474,393612,31085,280037,137008,5454,0,52309,68744,5429,37556,746483,728320,18163,0
2021-02-04,3059626,135489,63008,72481,3009483,50143,0,2188914,870712,0.02632,0.01047,1062528,1475467,115305,950417,774805,1047696,81954,647211,287723,427771,33351,303206,130463,5026,0,45521,69442,4453,32482,781433,764727,16706,0
2021-02-05,3192685,133059,59473,73586,3138470,54215,0,2248387,944298,0.02703,0.01135,1112233,1540222,120217,982142,798361,1077320,83457,656743,313872,462902,36760,325399,128987,4072,0,49705,64755,4912,31725,805033,785659,19374,0
2021-02-06,3296443,103758,48601,55157,3238827,57616,0,2296988,999455,0.02762,0.01202,1147902,1591863,124720,1009049,815898,1102623,85307,665795,332004,489240,39413,343254,100357,3401,0,35669,51641,4503,26907,821054,799153,21901,0
2021-02-07,3355840,59397,32878,26519,3294764,61076,0,2329866,1025974,0.02801,0.01234,1170515,1619323,127418,1022864,828755,1118608,86542,671445,341760,500715,40876,351419,55937,3460,0,22613,27460,2698,13815,817743,792724,25019,0
2021-02-08,3462107,106267,54655,51612,3397053,65038,16,2384521,1077586,0.02867,0.01296,1221535,1661453,131273,1042443,860199,1136458,88346,679010,361336,524995,42927,363433,102289,3962,16,51020,42130,3855,19579,808103,780683,27404,16
2021-02-09,3586783,124676,59601,65075,3518356,68307,120,2444122,1142661,0.02939,0.01374,1279793,1713808,135527,1064749,895907,1154627,91025,687482,383886,559181,44502,377267,121303,3269,104,58258,52355,4254,22306,805108,776344,28644,120
2021-02-10,3736179,149396,75199,74197,3655319,73237,7623,2519321,1216858,0.03029,0.01463,1342542,1783548,139269,1092733,934590,1184290,92626,697660,407952,599258,46643,395073,136963,4930,7503,62749,69740,3742,27984,812042,776299,28120,7623
2021-02-11,3880046,143867,71446,72421,3779411,79186,21449,2590767,1289279,0.03115,0.0155,1401011,1853760,144568,1118214,968941,1215766,94902,707196,432070,637994,49666,411018,124092,5949,13826,58469,70212,5299,25481,820420,769928,29043,21449
2021-02-12,4038341,158295,79975,78320,3914404,88723,35214,2670742,1367599,0.03211,0.01644,1471057,1926180,150768,1145157,1010271,1248277,97578,716941,460786,677903,53190,428216,134993,9537,13765,70046,72420,6200,26943,845656,775934,34508,35214
2021-02-13,4148237,109896,63251,46645,4008602,92094,47541,2733993,1414244,0.03287,0.017,1525874,1970522,155305,1162822,1044752,1272930,99350,723764,481122,697592,55955,439058,94198,3371,12327,54817,44342,4537,17665,851794,769775,34478,47541
2021-02-14,4215028,66791,39809,26982,4065563,94946,54519,2773802,1441226,0.03335,0.01733,1563900,1995008,156908,1171321,1069164,1286290,100192,727317,494736,708718,56716,444004,56961,2852,6978,38026,24486,1603,8499,859188,770799,33870,54519
2021-02-15,4341859,126831,70809,56022,4174017,98266,69576,2844611,1497248,0.0342,0.018,1630205,2044105,160782,1191045,1109679,1311876,102325,733927,520526,732229,58457,457118,108454,3320,15057,66305,49097,3874,19724,879752,776964,33228,69560
2021-02-16,4478099,136240,81479,54761,4282225,102893,92981,2926090,1552009,0.03518,0.01866,1695480,2102786,163420,1209185,1151408,1347314,103837,740706,544072,755472,59583,468479,108208,4627,23405,65275,58681,2638,18140,891316,763869,34586,92861
2021-02-17,4627145,149046,94416,54630,4405113,109886,112146,3020506,1606639,0.03632,0.01932,1773860,2160724,168339,1230921,1207081,1380474,106708,749198,566779,780250,61631,481723,122888,6993,19165,78380,57938,4919,21736,890966,749794,36649,104523
2021-02-18,4772441,145296,93260,52036,4519633,116952,135856,3113766,1658675,0.03744,0.01994,1848477,2219874,171720,1251151,1259066,1416972,108457,757094,589411,802902,63263,494057,114520,7066,23710,74617,59150,3381,20230,892395,740222,37766,114407
2021-02-19,4922528,150087,96599,53488,4638720,124860,158948,3210365,1712163,0.0386,0.02059,1927957,2278195,176456,1269092,1316288,1451248,111032,763879,611669,826947,65424,505213,119087,7908,23092,79480,58321,4736,17941,884187,724316,36137,123734
2021-02-20,5035078,112550,74924,37626,4725035,130322,179721,3285289,1749789,0.0395,0.02104,1987616,2321459,180055,1282359,1358973,1479498,113266,767831,628643,841961,66789,514528,86315,5462,20773,59659,43264,3599,13267,886841,716433,38228,132180
2021-02-21,5120666,85588,56645,28943,4790878,134542,195246,3341934,1778732,0.04018,0.02139,2034882,2353043,182563,1291571,1392457,1499936,114387,769610,642425,853107,68176,521961,65843,4220,15525,47266,31584,2508,9212,905638,725315,39596,140727
2021-02-22,5272560,151894,98949,52945,4909776,141977,220807,3440883,1831677,0.04137,0.02202,2112787,2415531,187425,1309037,1450327,1535465,117374,775900,662460,880066,70051,533137,118898,7435,25561,77905,62488,4862,17466,930701,735759,43711,151231
2021-02-23,5432016,159456,103832,55624,5036706,148232,247078,3544715,1887301,0.04262,0.02269,2191215,2482773,192907,1326833,1509282,1572366,120734,783320,681933,910407,72173,543513,126930,6255,26271,78428,67242,5482,17796,953917,754481,45339,154097
2021-02-24,5606212,174196,116396,57800,5169281,155739,281192,3661111,1945101,0.04402,0.02339,2275951,2557977,199441,1344875,1572971,1617401,125001,790611,702980,940576,74440,554264,132575,7507,34114,84736,75204,6534,18042,979067,764168,45853,169046
2021-02-25,5785406,179194,126950,52244,5293947,161912,329547,3788061,1997345,0.04555,0.02402,2356323,2642398,206114,1361440,1634911,1673922,130019,798074,721412,968476,76095,563366,124666,6173,48355,80372,84421,6673,16565,1012965,774314,44960,193691
2021-02-26,5979322,193916,135535,58381,5426500,169027,383795,3923596,2055726,0.04718,0.02472,2442128,2735081,212922,1378542,1699068,1736774,135025,804634,743060,998307,77897,573908,132553,7115,54248,85805,92683,6808,17102,1056794,787780,44167,224847
2021-02-27,6125261,145939,107415,38524,5520045,173177,432039,4031011,2094250,0.04847,0.02518,2506056,2806111,219805,1388972,1746793,1789420,140096,807993,759263,1016691,79709,580979,93545,4150,48244,63928,71030,6883,10430,1090183,795010,42855,252318
2021-02-28,6238809,113548,85616,27932,5587281,176705,474823,4116627,2122182,0.0495,0.02552,2553174,2864348,225153,1395266,1781604,1835142,144516,809572,771570,1029206,80637,585694,67236,3528,42784,47118,58237,5348,6294,1118143,796403,42163,279577
2021-03-01,6429825,191016,140881,50135,5716266,184384,529175,4257508,2172317,0.05119,0.02612,2654864,2940397,232608,1408771,1855659,1894206,150675,814319,799205,1046191,81933,594452,128985,7679,54352,101690,76049,7455,13505,1157265,806490,42407,308368
2021-03-02,6642458,212633,156987,55646,5860083,192769,589606,4414495,2227963,0.05308,0.02679,2763682,3029108,241840,1424217,1933979,1962951,157710,820618,829703,1066157,84130,603599,143817,8385,60431,108818,88711,9232,15446,1210442,823377,44537,342528
2021-03-03,6880953,238495,171967,66528,6021385,204116,655452,4586462,2294491,0.05515,0.02759,2882288,3127719,253492,1443742,2016011,2038329,166875,829445,866277,1089390,86617,614297,161302,11347,65846,118606,98611,11652,19525,1274741,852104,48377,374260
2021-03-04,7116831,235878,174283,61595,6163733,216598,736500,4760745,2356086,0.05724,0.02833,2992537,3233160,265614,1460116,2091555,2123149,176598,834983,900982,1110011,89016,625133,142348,12482,81048,110249,105441,12122,16374,1331425,869786,54686,406953
2021-03-05,7360100,243269,180784,62485,6304391,228805,826904,4941529,2418571,0.05942,0.02908,3105914,3343495,280127,1474106,2166931,2215161,188239,839975,938983,1128334,91888,634131,140658,12207,90404,113377,110335,14513,13990,1380778,877891,59778,443109
2021-03-06,7550628,190528,143914,46614,6411473,236332,902823,5085443,2465185,0.06115,0.02964,3193991,3429166,290688,1482171,2221957,2290642,197228,842284,972034,1138524,93460,639887,107082,7527,75919,88077,85671,10561,8065,1425367,891428,63155,470784
2021-03-07,7697416,146788,112731,34057,6494752,242625,960039,5198174,2499242,0.0625,0.03005,3266191,3491967,298926,1486965,2269417,2346176,204649,843750,996774,1145791,94277,643215,83279,6293,57216,72200,62801,8238,4794,1458607,907471,65920,485216
2021-03-08,7923878,226462,173567,52895,6630257,253736,1039885,5371741,2552137,0.06459,0.03069,3384714,3580052,314986,1499260,2350732,2420833,219024,848988,1033982,1159219,95962,650272,135505,11111,79846,118523,88085,16060,12295,1494053,913991,69352,510710
2021-03-09,8161238,237360,183679,53681,6768884,264865,1127489,5555420,2605818,0.0668,0.03133,3504423,3673842,331857,1511978,2431382,2503665,234064,854776,1073041,1170177,97793,657202,138627,11129,87604,119709,93790,16871,12718,1518780,908801,72096,537883
