date,administered_doses_pfizer,administered_doses_moderna,administered_doses_astrazeneca,delivered_doses_pfizer,delivered_doses_moderna,delivered_doses_astrazeneca,cum_administered_doses_pfizer,cum_administered_doses_moderna,cum_administered_doses_astrazeneca,cum_delivered_doses_pfizer,cum_delivered_doses_moderna,cum_delivered_doses_astrazeneca
2020-12-27,23990,0,0,0,0,0,23990,0,0,0,0,0
2020-12-28,18385,0,0,521625,0,0,42375,0,0,521625,0,0
2020-12-29,48307,0,0,0,0,0,90682,0,0,521625,0,0
2020-12-30,61112,0,0,653250,0,0,151794,0,0,1174875,0,0
2020-12-31,48475,0,0,0,0,0,200269,0,0,1174875,0,0
2021-01-01,19273,0,1,0,0,0,219542,0,1,1174875,0,0
2021-01-02,52608,0,0,0,0,0,272150,0,1,1174875,0,0
2021-01-03,24088,0,0,0,0,0,296238,0,1,1174875,0,0
2021-01-04,48344,0,0,0,0,0,344582,0,1,1174875,0,0
2021-01-05,53355,1,0,0,0,0,397937,1,1,1174875,0,0
2021-01-06,62742,1,2,0,0,0,460679,2,3,1174875,0,0
2021-01-07,55768,0,0,0,0,0,516447,2,3,1174875,0,0
2021-01-08,62663,0,0,687375,0,0,579110,2,3,1862250,0,0
2021-01-09,60852,0,0,0,0,0,639962,2,3,1862250,0,0
2021-01-10,34980,0,0,0,0,0,674942,2,3,1862250,0,0
2021-01-11,66136,1,0,0,0,0,741078,3,3,1862250,0,0
2021-01-12,82569,0,2,0,63600,0,823647,3,5,1862250,63600,0
2021-01-13,109874,797,0,0,0,0,933521,800,5,1862250,63600,0
2021-01-14,77913,4585,0,0,0,0,1011434,5385,5,1862250,63600,0
2021-01-15,84423,5437,19,0,0,0,1095857,10822,24,1862250,63600,0
2021-01-16,55059,1772,0,0,0,0,1150916,12594,24,1862250,63600,0
2021-01-17,45929,1305,1,0,0,0,1196845,13899,25,1862250,63600,0
2021-01-18,77453,3289,1,0,0,0,1274298,17188,26,1862250,63600,0
2021-01-19,109052,2774,50,842400,0,0,1383350,19962,76,2704650,63600,0
2021-01-20,127198,2518,4,0,0,0,1510548,22480,80,2704650,63600,0
2021-01-21,101237,2323,0,0,0,0,1611785,24803,80,2704650,63600,0
2021-01-22,99577,1991,12,0,0,0,1711362,26794,92,2704650,63600,0
2021-01-23,84816,383,1,0,0,0,1796178,27177,93,2704650,63600,0
2021-01-24,48907,244,2,0,0,0,1845085,27421,95,2704650,63600,0
2021-01-25,94152,1579,2,0,0,0,1939237,29000,97,2704650,63600,0
2021-01-26,97371,1654,6,489060,0,0,2036608,30654,103,3193710,63600,0
2021-01-27,108523,1926,8,0,0,0,2145131,32580,111,3193710,63600,0
2021-01-28,89029,1635,1,0,0,0,2234160,34215,112,3193710,63600,0
2021-01-29,105983,1405,68,0,0,0,2340143,35620,180,3193710,63600,0
2021-01-30,84795,874,1,0,0,0,2424938,36494,181,3193710,63600,0
2021-01-31,56096,343,0,0,90000,0,2481034,36837,181,3193710,153600,0
2021-02-01,117672,2211,57,0,0,0,2598706,39048,238,3193710,153600,0
2021-02-02,125876,2648,14,747630,0,0,2724582,41696,252,3941340,153600,0
2021-02-03,149785,5737,19,0,0,0,2874367,47433,271,3941340,153600,0
2021-02-04,124221,5277,6,0,0,0,2998588,52710,277,3941340,153600,0
2021-02-05,134593,5836,7,0,0,0,3133181,58546,284,3941340,153600,0
2021-02-06,94675,2466,1,0,0,345600,3227856,61012,285,3941340,153600,345600
2021-02-07,50528,2349,2,0,0,0,3278384,63361,287,3941340,153600,345600
2021-02-08,105202,3861,18,0,0,0,3383586,67222,305,3941340,153600,345600
2021-02-09,127588,3882,108,747630,0,0,3511174,71104,413,4688970,153600,345600
2021-02-10,136828,3357,7102,0,0,0,3648002,74461,7515,4688970,153600,345600
2021-02-11,118942,6713,15469,0,0,0,3766944,81174,22984,4688970,153600,345600
2021-02-12,131693,9236,14120,0,0,391200,3898637,90410,37104,4688970,153600,736800
2021-02-13,91898,3035,12541,0,0,0,3990535,93445,49645,4688970,153600,736800
2021-02-14,55104,2401,7257,0,0,0,4045639,95846,56902,4688970,153600,736800
2021-02-15,106923,4217,14583,0,182400,0,4152562,100063,71485,4688970,336000,736800
2021-02-16,105666,4953,23465,904410,0,0,4258228,105016,94950,5593380,336000,736800
2021-02-17,122227,7263,19629,0,0,0,4380455,112279,114579,5593380,336000,736800
2021-02-18,111353,7452,24352,0,0,0,4491808,119731,138931,5593380,336000,736800
2021-02-19,117467,9070,24802,0,0,715200,4609275,128801,163733,5593380,336000,1452000
2021-02-20,87874,4472,21606,0,0,0,4697149,133273,185339,5593380,336000,1452000
2021-02-21,67249,3228,15275,0,0,0,4764398,136501,200614,5593380,336000,1452000
2021-02-22,126341,8385,24852,0,0,0,4890739,144886,225466,5593380,336000,1452000
2021-02-23,131757,6398,27131,926640,0,0,5022496,151284,252597,6520020,336000,1452000
2021-02-24,131299,7186,34599,0,0,0,5153795,158470,287196,6520020,336000,1452000
2021-02-25,130101,6256,50542,0,0,0,5283896,164726,337738,6520020,336000,1452000
2021-02-26,137840,8279,59320,0,0,0,5421736,173005,397058,6520020,336000,1452000
2021-02-27,92222,4182,50813,0,343200,0,5513958,177187,447871,6520020,679200,1452000
2021-02-28,62299,3894,41679,0,0,0,5576257,181081,489550,6520020,679200,1452000
2021-03-01,128250,8652,56177,0,0,0,5704507,189733,545727,6520020,679200,1452000
2021-03-02,140210,9232,67818,1014390,0,650400,5844717,198965,613545,7534410,679200,2102400
2021-03-03,155622,12887,71377,0,0,0,6000339,211852,684922,7534410,679200,2102400
2021-03-04,142131,13177,84388,0,0,0,6142470,225029,769310,7534410,679200,2102400
2021-03-05,146135,12514,103143,0,0,0,6288605,237543,872453,7534410,679200,2102400
2021-03-06,110248,8555,82746,0,0,0,6398853,246098,955199,7534410,679200,2102400
2021-03-07,82543,6719,59772,0,0,0,6481396,252817,1014971,7534410,679200,2102400
2021-03-08,135102,10705,89982,0,0,0,6616498,263522,1104953,7534410,679200,2102400
2021-03-09,139915,12389,96048,1083420,0,960000,6756413,275911,1201001,8617830,679200,3062400
2021-03-10,155560,11148,112526,0,0,0,6911973,287059,1313527,8617830,679200,3062400
2021-03-11,148051,12773,116353,0,0,0,7060024,299832,1429880,8617830,679200,3062400
2021-03-12,151622,16794,148928,0,0,0,7211646,316626,1578808,8617830,679200,3062400
2021-03-13,114266,9595,121059,0,0,0,7325912,326221,1699867,8617830,679200,3062400
2021-03-14,89415,5052,76234,0,0,0,7415327,331273,1776101,8617830,679200,3062400
2021-03-15,151174,12036,82386,0,0,364800,7566501,343309,1858487,8617830,679200,3427200
2021-03-16,166533,10541,1912,1083420,0,0,7733034,353850,1860399,9701250,679200,3427200
2021-03-17,184430,16801,1445,0,0,0,7917464,370651,1861844,9701250,679200,3427200
2021-03-18,174099,17038,1562,0,0,0,8091563,387689,1863406,9701250,679200,3427200
2021-03-19,182280,19481,37601,0,0,0,8273843,407170,1901007,9701250,679200,3427200
2021-03-20,135136,14999,67542,0,0,0,8408979,422169,1968549,9701250,679200,3427200
2021-03-21,104000,9168,52234,0,432000,0,8512979,431337,2020783,9701250,1111200,3427200
2021-03-22,164110,22744,74043,0,0,0,8677089,454081,2094826,9701250,1111200,3427200
2021-03-23,178941,18435,93824,1076400,0,204000,8856030,472516,2188650,10777650,1111200,3631200
2021-03-24,193059,28809,94012,0,0,0,9049089,501325,2282662,10777650,1111200,3631200
2021-03-25,184386,23150,110391,0,0,0,9233475,524475,2393053,10777650,1111200,3631200
2021-03-26,199169,29842,118598,0,0,201600,9432644,554317,2511651,10777650,1111200,3832800
2021-03-27,149839,25747,102208,0,0,0,9582483,580064,2613859,10777650,1111200,3832800
2021-03-28,116203,17359,58895,0,0,0,9698686,597423,2672754,10777650,1111200,3832800
2021-03-29,185348,22776,86610,0,0,0,9884034,620199,2759364,10777650,1111200,3832800
2021-03-30,209341,22070,73610,0,0,0,10093375,642269,2832974,10777650,1111200,3832800
2021-03-31,237122,29416,38930,0,0,0,10330497,671685,2871904,10777650,1111200,3832800
2021-04-01,221138,25547,36366,0,0,0,10551635,697232,2908270,10777650,1111200,3832800
2021-04-02,171241,15445,30265,0,0,0,10722876,712677,2938535,10777650,1111200,3832800
