date,administered_doses_pfizer,administered_doses_moderna,administered_doses_astrazeneca,delivered_doses_pfizer,delivered_doses_moderna,delivered_doses_astrazeneca,cum_administered_doses_pfizer,cum_administered_doses_moderna,cum_administered_doses_astrazeneca,cum_delivered_doses_pfizer,cum_delivered_doses_moderna,cum_delivered_doses_astrazeneca
2020-12-26,0,0,0,151125,0,0,0,0,0,151125,0,0
2020-12-27,24296,0,0,0,0,0,24296,0,0,151125,0,0
2020-12-28,18384,0,0,521625,0,0,42680,0,0,672750,0,0
2020-12-29,48707,0,0,0,0,0,91387,0,0,672750,0,0
2020-12-30,61494,0,0,653250,0,0,152881,0,0,1326000,0,0
2020-12-31,49358,0,0,0,0,0,202239,0,0,1326000,0,0
2021-01-01,19272,0,1,0,0,0,221511,0,1,1326000,0,0
2021-01-02,52641,0,0,0,0,0,274152,0,1,1326000,0,0
2021-01-03,24308,0,0,0,0,0,298460,0,1,1326000,0,0
2021-01-04,48350,0,0,0,0,0,346810,0,1,1326000,0,0
2021-01-05,53359,1,0,0,0,0,400169,1,1,1326000,0,0
2021-01-06,62991,1,2,0,0,0,463160,2,3,1326000,0,0
2021-01-07,56201,0,0,0,0,0,519361,2,3,1326000,0,0
2021-01-08,63378,45,0,687375,0,0,582739,47,3,2013375,0,0
2021-01-09,61230,0,0,0,0,0,643969,47,3,2013375,0,0
2021-01-10,35139,0,0,0,0,0,679108,47,3,2013375,0,0
2021-01-11,66446,1,0,0,0,0,745554,48,3,2013375,0,0
2021-01-12,82924,0,2,0,63600,0,828478,48,5,2013375,63600,0
2021-01-13,110460,797,0,0,0,0,938938,845,5,2013375,63600,0
2021-01-14,78451,4584,0,0,0,0,1017389,5429,5,2013375,63600,0
2021-01-15,84663,5437,19,0,0,0,1102052,10866,24,2013375,63600,0
2021-01-16,55572,1772,0,0,0,0,1157624,12638,24,2013375,63600,0
2021-01-17,46203,1305,1,0,0,0,1203827,13943,25,2013375,63600,0
2021-01-18,78219,3568,1,0,0,0,1282046,17511,26,2013375,63600,0
2021-01-19,110194,2989,50,842400,0,0,1392240,20500,76,2855775,63600,0
2021-01-20,128469,2730,4,0,0,0,1520709,23230,80,2855775,63600,0
2021-01-21,101350,2589,0,0,0,0,1622059,25819,80,2855775,63600,0
2021-01-22,99769,2000,12,0,0,0,1721828,27819,92,2855775,63600,0
2021-01-23,84981,383,1,0,0,0,1806809,28202,93,2855775,63600,0
2021-01-24,48905,244,4,0,0,0,1855714,28446,97,2855775,63600,0
2021-01-25,94149,1722,2,0,0,0,1949863,30168,99,2855775,63600,0
2021-01-26,97367,1654,6,489060,0,0,2047230,31822,105,3344835,63600,0
2021-01-27,108974,1926,8,0,0,0,2156204,33748,113,3344835,63600,0
2021-01-28,89616,1635,1,0,0,0,2245820,35383,114,3344835,63600,0
2021-01-29,106984,1405,68,0,0,0,2352804,36788,182,3344835,63600,0
2021-01-30,85465,874,1,0,0,0,2438269,37662,183,3344835,63600,0
2021-01-31,57058,365,0,0,90000,0,2495327,38027,183,3344835,153600,0
2021-02-01,118841,2211,57,0,0,0,2614168,40238,240,3344835,153600,0
2021-02-02,127412,2870,14,747630,0,0,2741580,43108,254,4092465,153600,0
2021-02-03,151660,5949,20,0,0,0,2893240,49057,274,4092465,153600,0
2021-02-04,125445,5453,6,0,0,0,3018685,54510,280,4092465,153600,0
2021-02-05,136780,5880,7,0,0,0,3155465,60390,287,4092465,153600,0
2021-02-06,96604,2466,1,0,0,345600,3252069,62856,288,4092465,153600,345600
2021-02-07,51186,2349,2,0,0,0,3303255,65205,290,4092465,153600,345600
2021-02-08,105975,3859,18,0,0,0,3409230,69064,308,4092465,153600,345600
2021-02-09,128403,3882,108,747630,0,0,3537633,72946,416,4840095,153600,345600
2021-02-10,138091,3591,7022,0,0,0,3675724,76537,7438,4840095,153600,345600
2021-02-11,119407,6950,15428,0,0,0,3795131,83487,22866,4840095,153600,345600
2021-02-12,132333,9494,14077,0,0,391200,3927464,92981,36943,4840095,153600,736800
2021-02-13,92046,3035,12579,0,0,0,4019510,96016,49522,4840095,153600,736800
2021-02-14,55103,2401,7291,0,0,0,4074613,98417,56813,4840095,153600,736800
2021-02-15,107192,4397,14739,0,182400,0,4181805,102814,71552,4840095,336000,736800
2021-02-16,105664,5235,23427,904410,0,0,4287469,108049,94979,5744505,336000,736800
2021-02-17,122502,7521,19702,0,0,0,4409971,115570,114681,5744505,336000,736800
2021-02-18,111348,7763,24353,0,0,0,4521319,123333,139034,5744505,336000,736800
2021-02-19,117804,9383,25119,0,0,715200,4639123,132716,164153,5744505,336000,1452000
2021-02-20,87963,4472,21605,0,0,0,4727086,137188,185758,5744505,336000,1452000
2021-02-21,67265,3228,15275,0,0,0,4794351,140416,201033,5744505,336000,1452000
2021-02-22,126788,8807,24871,0,0,0,4921139,149223,225904,5744505,336000,1452000
2021-02-23,132346,6823,27161,926640,0,0,5053485,156046,253065,6671145,336000,1452000
2021-02-24,131595,7524,34845,0,0,0,5185080,163570,287910,6671145,336000,1452000
2021-02-25,130943,6519,50577,0,0,0,5316023,170089,338487,6671145,336000,1452000
2021-02-26,138924,8698,59849,0,0,0,5454947,178787,398336,6671145,336000,1452000
2021-02-27,92684,4191,51310,0,343200,0,5547631,182978,449646,6671145,679200,1452000
2021-02-28,62336,3956,41797,0,0,0,5609967,186934,491443,6671145,679200,1452000
2021-03-01,128493,9007,56730,0,0,0,5738460,195941,548173,6671145,679200,1452000
2021-03-02,140445,9650,68143,1014390,0,650400,5878905,205591,616316,7685535,679200,2102400
2021-03-03,156262,13336,71863,0,0,0,6035167,218927,688179,7685535,679200,2102400
2021-03-04,142649,13522,85064,0,0,0,6177816,232449,773243,7685535,679200,2102400
2021-03-05,146785,12854,104827,0,0,0,6324601,245303,878070,7685535,679200,2102400
2021-03-06,110491,8579,82894,0,0,0,6435092,253882,960964,7685535,679200,2102400
2021-03-07,82715,6721,59775,0,0,0,6517807,260603,1020739,7685535,679200,2102400
2021-03-08,135690,10991,91063,0,0,0,6653497,271594,1111802,7685535,679200,2102400
2021-03-09,140202,12603,97055,1083420,0,960000,6793699,284197,1208857,8768955,679200,3062400
2021-03-10,157069,11507,113636,0,0,0,6950768,295704,1322493,8768955,679200,3062400
2021-03-11,148954,13078,118098,0,0,0,7099722,308782,1440591,8768955,679200,3062400
2021-03-12,152086,17186,151163,0,0,0,7251808,325968,1591754,8768955,679200,3062400
2021-03-13,114479,9623,121567,0,0,0,7366287,335591,1713321,8768955,679200,3062400
2021-03-14,89495,5051,76290,0,0,0,7455782,340642,1789611,8768955,679200,3062400
2021-03-15,151488,12296,83424,0,0,364800,7607270,352938,1873035,8768955,679200,3427200
2021-03-16,167220,10844,1916,1083420,0,0,7774490,363782,1874951,9852375,679200,3427200
2021-03-17,185319,16951,1386,0,0,0,7959809,380733,1876337,9852375,679200,3427200
2021-03-18,174776,17478,1568,0,0,0,8134585,398211,1877905,9852375,679200,3427200
2021-03-19,182841,19666,38258,0,0,0,8317426,417877,1916163,9852375,679200,3427200
2021-03-20,135361,15046,67942,0,0,0,8452787,432923,1984105,9852375,679200,3427200
2021-03-21,104032,9169,52256,0,432000,0,8556819,442092,2036361,9852375,1111200,3427200
2021-03-22,164687,23469,76363,0,0,0,8721506,465561,2112724,9852375,1111200,3427200
2021-03-23,180168,19421,96676,1076400,0,204000,8901674,484982,2209400,10928775,1111200,3631200
2021-03-24,195749,30931,102161,0,0,0,9097423,515913,2311561,10928775,1111200,3631200
2021-03-25,186666,25277,119919,0,0,0,9284089,541190,2431480,10928775,1111200,3631200
2021-03-26,201050,32709,132747,0,0,201600,9485139,573899,2564227,10928775,1111200,3832800
2021-03-27,150677,26441,105802,0,0,0,9635816,600340,2670029,10928775,1111200,3832800
2021-03-28,117107,18273,59227,0,0,0,9752923,618613,2729256,10928775,1111200,3832800
2021-03-29,186538,24297,93437,0,0,0,9939461,642910,2822693,10928775,1111200,3832800
2021-03-30,212684,24828,83961,1427400,0,0,10152145,667738,2906654,12356175,1111200,3832800
2021-03-31,245963,35457,52047,0,0,0,10398108,703195,2958701,12356175,1111200,3832800
2021-04-01,231187,31161,54400,0,0,0,10629295,734356,3013101,12356175,1111200,3832800
2021-04-02,180123,15884,31550,0,650400,0,10809418,750240,3044651,12356175,1761600,3832800
2021-04-03,170793,17025,41099,0,0,1744800,10980211,767265,3085750,12356175,1761600,5577600
2021-04-04,134180,11088,49603,0,0,0,11114391,778353,3135353,12356175,1761600,5577600
2021-04-05,167951,17809,63455,0,0,0,11282342,796162,3198808,12356175,1761600,5577600
2021-04-06,256168,31858,86491,0,0,0,11538510,828020,3285299,12356175,1761600,5577600
2021-04-07,536538,32870,98763,2749500,0,0,12075048,860890,3384062,15105675,1761600,5577600
2021-04-08,563566,32113,122205,0,0,0,12638614,893003,3506267,15105675,1761600,5577600
2021-04-09,473928,28449,96908,0,0,0,13112542,921452,3603175,15105675,1761600,5577600
2021-04-10,233998,19872,93280,0,0,0,13346540,941324,3696455,15105675,1761600,5577600
2021-04-11,161028,17044,69356,0,0,0,13507568,958368,3765811,15105675,1761600,5577600
