date,country,continent,population,weekly_cases,cases_14day_rollsum_per100000,cumulative_cases,weekly_deaths,deaths_14day_rollsum_per1000000,cumulative_deaths
2019-12-30,Afghanistan,Asia,38928341,0,NA,0,0,NA,0
2020-01-06,Afghanistan,Asia,38928341,0,0,0,0,0,0
2020-01-13,Afghanistan,Asia,38928341,0,0,0,0,0,0
2020-01-20,Afghanistan,Asia,38928341,0,0,0,0,0,0
2020-01-27,Afghanistan,Asia,38928341,0,0,0,0,0,0
2020-02-03,Afghanistan,Asia,38928341,0,0,0,0,0,0
2020-02-10,Afghanistan,Asia,38928341,0,0,0,0,0,0
2020-02-17,Afghanistan,Asia,38928341,0,0,0,0,0,0
2020-02-24,Afghanistan,Asia,38928341,1,0.00256882254499363,1,0,0,0
2020-03-02,Afghanistan,Asia,38928341,3,0.0102752901799745,4,0,0,0
2020-03-09,Afghanistan,Asia,38928341,12,0.0385323381749045,16,0,0,0
2020-03-16,Afghanistan,Asia,38928341,18,0.077064676349809,34,0,0,0
2020-03-23,Afghanistan,Asia,38928341,80,0.251744609409376,114,4,0.102752901799745,4
2020-03-30,Afghanistan,Asia,38928341,185,0.680737974423313,299,3,0.179817578149554,7
2020-04-06,Afghanistan,Asia,38928341,308,1.26642951468186,607,11,0.359635156299109,18
2020-04-13,Afghanistan,Asia,38928341,389,1.79046931386056,996,15,0.667893861698345,33
2020-04-20,Afghanistan,Asia,38928341,535,2.37359203157412,1531,24,1.00184079254752,57
2020-04-27,Afghanistan,Asia,38928341,1173,4.38754890684913,2704,28,1.33578772339669,85
2020-05-04,Afghanistan,Asia,38928341,1698,7.37508952667672,4402,35,1.61835820334599,120
2020-05-11,Afghanistan,Asia,38928341,2262,10.1725372781748,6664,49,2.15781093779465,169
2020-05-18,Afghanistan,Asia,38928341,3918,15.8753233280607,10582,49,2.51744609409376,218
2020-05-25,Afghanistan,Asia,38928341,4623,21.9403133567906,15205,39,2.2605638395944,257
2020-06-01,Afghanistan,Asia,38928341,5137,25.0717080391379,20342,100,3.57066333754115,357
2020-06-08,Afghanistan,Asia,38928341,4424,24.5605123526841,24766,114,5.49728024628638,471
2020-06-15,Afghanistan,Asia,38928341,4067,21.8118722295409,28833,110,5.75416250078574,581
2020-06-22,Afghanistan,Asia,38928341,2134,15.9292686015055,30967,140,6.42205636248408,721
2020-06-29,Afghanistan,Asia,38928341,1984,10.5784112402838,32951,143,7.26976780233198,864
2020-07-06,Afghanistan,Asia,38928341,1500,8.94977774675782,34451,146,7.4238971550316,1010
2020-07-13,Afghanistan,Asia,38928341,1024,6.48370810356393,35475,171,8.14316746762982,1181
2020-07-20,Afghanistan,Asia,38928341,788,4.65470645152846,36263,88,6.65325039153351,1269
2020-07-27,Afghanistan,Asia,38928341,447,3.17249584306714,36710,15,2.64588722134344,1284
2020-08-03,Afghanistan,Asia,38928341,344,2.03193863308996,37054,28,1.10459369434726,1312
2020-08-10,Afghanistan,Asia,38928341,542,2.27597677486436,37596,63,2.33762851594421,1375
2020-08-17,Afghanistan,Asia,38928341,403,2.42753730501898,37999,12,1.92661690874523,1387
2020-08-24,Afghanistan,Asia,38928341,163,1.4539535604664,38162,15,0.693582087148281,1402
2020-08-31,Afghanistan,Asia,38928341,236,1.02496019545246,38398,10,0.642205636248408,1412
2020-09-07,Afghanistan,Asia,38928341,318,1.42312768992647,38716,8,0.462388058098854,1420
2020-09-14,Afghanistan,Asia,38928341,328,1.65945936406589,39044,21,0.744958538048154,1441
2020-09-21,Afghanistan,Asia,38928341,183,1.31266832049175,39227,12,0.847711439847899,1453
2020-09-28,Afghanistan,Asia,38928341,114,0.762940295863109,39341,9,0.539452734448663,1462
2020-10-05,Afghanistan,Asia,38928341,458,1.46936649573636,39799,15,0.616517410798472,1477
2020-10-12,Afghanistan,Asia,38928341,401,2.20661856614953,40200,15,0.77064676349809,1492
2020-10-19,Afghanistan,Asia,38928341,633,2.65616251152342,40833,22,0.950464341647644,1514
2020-10-26,Afghanistan,Asia,38928341,800,3.68112270697588,41633,27,1.25872304704688,1541
2020-11-02,Afghanistan,Asia,38928341,606,3.61176449826105,42239,24,1.31009949794675,1565
2020-11-09,Afghanistan,Asia,38928341,1164,4.54681590463873,43403,61,2.18349916324459,1626
2020-11-16,Afghanistan,Asia,38928341,1368,6.50425868392388,44771,69,3.33946930849172,1695
2020-11-23,Afghanistan,Asia,38928341,1073,6.27049583232946,45844,68,3.51928688664128,1763
2020-11-30,Afghanistan,Asia,38928341,1672,7.05141788600752,47516,137,5.26608621723695,1900
2020-12-07,Afghanistan,Asia,38928341,1757,8.80849250678317,49273,71,5.34315089358676,1971
2020-12-14,Afghanistan,Asia,38928341,740,6.4143498948491,50013,111,4.67525703188841,2082
2020-12-21,Afghanistan,Asia,38928341,1994,7.02316083801259,52007,88,5.11195686453733,2170
2020-12-28,Afghanistan,Asia,38928341,902,7.43931009030156,52909,60,3.80185736659058,2230
2021-01-04,Afghanistan,Asia,38928341,675,4.05103315345496,53584,71,3.36515753394166,2301
2021-01-11,Afghanistan,Asia,38928341,557,3.16478937543216,54141,45,2.97983415219262,2346
2021-01-18,Afghanistan,Asia,38928341,713,3.26240463214191,54854,43,2.2605638395944,2389
2021-01-25,Afghanistan,Asia,38928341,267,2.51744609409376,55121,16,1.51560530154624,2405
2021-02-01,Afghanistan,Asia,38928341,238,1.29725538522179,55359,8,0.616517410798472,2413
2021-02-08,Afghanistan,Asia,38928341,155,1.0095472601825,55514,14,0.565140959898599,2427
2021-02-15,Afghanistan,Asia,38928341,0,0.398167494474013,55514,0,0.359635156299109,2427
2021-02-22,Afghanistan,Asia,38928341,245,0.62936152352344,55759,19,0.48807628354879,2446
2019-12-30,Africa (total),Africa,1339423921,0,NA,0,0,NA,0
2020-01-06,Africa (total),Africa,1339423921,0,0,0,0,0,0
2020-01-13,Africa (total),Africa,1339423921,0,0,0,0,0,0
2020-01-20,Africa (total),Africa,1339423921,0,0,0,0,0,0
2020-01-27,Africa (total),Africa,1339423921,0,0,0,0,0,0
2020-02-03,Africa (total),Africa,1339423921,0,0,0,0,0,0
2020-02-10,Africa (total),Africa,1339423921,1,7.4658962283831e-5,1,0,0,0
2020-02-17,Africa (total),Africa,1339423921,0,7.4658962283831e-5,1,0,0,0
2020-02-24,Africa (total),Africa,1339423921,5,3.73294811419155e-4,6,0,0,0
2020-03-02,Africa (total),Africa,1339423921,69,0.00552476320900349,75,1,7.4658962283831e-4,1
2020-03-09,Africa (total),Africa,1339423921,248,0.0236668910439744,323,7,0.00597271698270648,8
2020-03-16,Africa (total),Africa,1339423921,1066,0.0981018764409539,1389,36,0.0321033537820473,44
2020-03-23,Africa (total),Africa,1339423921,3240,0.321481491594176,4629,99,0.100789599083172,143
2020-03-30,Africa (total),Africa,1339423921,4546,0.581294680341908,9175,291,0.291169952906941,434
2020-04-06,Africa (total),Africa,1339423921,5347,0.73860111387394,14522,355,0.482296896353548,789
2020-04-13,Africa (total),Africa,1339423921,7781,0.980122856862133,22303,331,0.512160481267081,1120
2020-04-20,Africa (total),Africa,1339423921,9445,1.28607528430127,31748,295,0.467365103896782,1415
2020-04-27,Africa (total),Africa,1339423921,12687,1.65235215326575,44435,384,0.506934353907212,1799
2020-05-04,Africa (total),Africa,1339423921,18956,2.36243354354726,63391,491,0.653265919983521,2290
2020-05-11,Africa (total),Africa,1339423921,21425,3.01480355598338,84816,469,0.716726037924777,2759
2020-05-18,Africa (total),Africa,1339423921,27093,3.62230353208691,111909,580,0.783172514357387,3339
2020-05-25,Africa (total),Africa,1339423921,35087,4.64229427480861,146996,883,1.09226061821245,4222
2020-06-01,Africa (total),Africa,1339423921,42602,5.80018012086855,189598,949,1.36775218903978,5171
2020-06-08,Africa (total),Africa,1339423921,53527,7.17689138538239,243125,1352,1.71790272215095,6523
2020-06-15,Africa (total),Africa,1339423921,62942,8.69545467823551,306067,1588,2.19497349114463,8111
2020-06-22,Africa (total),Africa,1339423921,76663,10.4227644296342,382730,1549,2.34205164684378,9660
2020-06-29,Africa (total),Africa,1339423921,95341,12.8416401486681,478071,1712,2.43462876007573,11372
2020-07-06,Africa (total),Africa,1339423921,117490,15.88974160183,595561,1872,2.6757772082525,13244
2020-07-13,Africa (total),Africa,1339423921,126318,18.2024522764963,721879,1904,2.81912241583746,15148
2020-07-20,Africa (total),Africa,1339423921,125799,18.8227935941126,847678,2616,3.37458509522916,17764
2020-07-27,Africa (total),Africa,1339423921,110152,17.6158568098322,957830,2507,3.82477863780066,20271
2020-08-03,Africa (total),Africa,1339423921,90991,15.0171276506566,1048821,2989,4.10325656711935,23260
2020-08-10,Africa (total),Africa,1339423921,70758,12.0760124904474,1119579,2373,4.00321355765902,25633
2020-08-17,Africa (total),Africa,1339423921,68608,10.4049209376484,1188187,2124,3.35741353390388,27757
2020-08-24,Africa (total),Africa,1339423921,57998,9.45227257890671,1246185,1828,2.950522189457,29585
2020-08-31,Africa (total),Africa,1339423921,53958,8.35851878144858,1300143,1697,2.63172842050504,31282
2020-09-07,Africa (total),Africa,1339423921,53884,8.0513718106129,1354027,1338,2.26589950531427,32620
2020-09-14,Africa (total),Africa,1339423921,54413,8.08534163845204,1408440,1330,1.99190111373261,33950
2020-09-21,Africa (total),Africa,1339423921,52596,7.98918089503047,1461036,1209,1.89559105238647,35159
2020-09-28,Africa (total),Africa,1339423921,55870,8.09795900307801,1516906,1348,1.90902966559756,36507
2020-10-05,Africa (total),Africa,1339423921,62404,8.83021410515783,1579310,1568,2.17705534019651,38075
2020-10-12,Africa (total),Africa,1339423921,67552,9.70238010255754,1646862,1666,2.41447084025909,39741
2020-10-19,Africa (total),Africa,1339423921,72041,10.4218685220868,1718903,1518,2.37714135911718,41259
2020-10-26,Africa (total),Africa,1339423921,77845,11.1903332208743,1796748,1943,2.58394668464339,43202
2020-11-02,Africa (total),Africa,1339423921,86811,12.2930460938065,1883559,2153,3.05803109514572,45355
2020-11-09,Africa (total),Africa,1339423921,92722,13.403747475703,1976281,2005,3.10431965176169,47360
2020-11-16,Africa (total),Africa,1339423921,90435,13.6743115550196,2066716,2295,3.21033537820473,49655
2020-11-23,Africa (total),Africa,1339423921,97447,14.0270751518107,2164163,2071,3.25961029331206,51726
2020-11-30,Africa (total),Africa,1339423921,98997,14.6663051868849,2263160,2133,3.13866277441225,53859
2020-12-07,Africa (total),Africa,1339423921,117838,16.1886760868145,2380998,2483,3.44625769902164,56342
2020-12-14,Africa (total),Africa,1339423921,130951,18.574328567632,2511949,3010,4.10101679825084,59352
2020-12-21,Africa (total),Africa,1339423921,162438,21.9041182854909,2674387,3842,5.1156320956881,63194
2020-12-28,Africa (total),Africa,1339423921,158366,23.9508937365021,2832753,4086,5.91896252986212,67280
2021-01-04,Africa (total),Africa,1339423921,227221,28.7875252901355,3059974,5554,7.19712396416131,72834
2021-01-11,Africa (total),Africa,1339423921,203631,32.1669632179131,3263605,6060,8.67089187964413,78894
2021-01-18,Africa (total),Africa,1339423921,183817,28.9264656189457,3447422,6501,9.37791225247201,85395
2021-01-25,Africa (total),Africa,1339423921,132387,23.6074625099965,3579809,6003,9.33535664397023,91398
2021-02-01,Africa (total),Africa,1339423921,93372,16.8549326662354,3673181,3730,7.26655679908527,95128
2021-02-08,Africa (total),Africa,1339423921,81145,13.0292581208873,3754326,3392,5.31721129385444,98520
2021-02-15,Africa (total),Africa,1339423921,81305,12.1283484230083,3835631,2954,4.73785774653191,101474
2021-02-22,Africa (total),Africa,1339423921,62559,10.7407369500011,3898190,2244,3.88077285951353,103718
2020-03-02,Albania,Europe,2845955,2,NA,2,0,NA,0
2020-03-09,Albania,Europe,2845955,40,1.47577878076076,42,1,0.351375900181134,1
2020-03-16,Albania,Europe,2845955,47,3.05697033157587,89,1,0.702751800362269,2
2020-03-23,Albania,Europe,2845955,123,5.97339030307928,212,8,3.16238310163021,10
2020-03-30,Albania,Europe,2845955,149,9.55742448492685,361,11,6.67614210344155,21
2020-04-06,Albania,Europe,2845955,85,8.22219606423854,446,2,4.56788670235475,23
2020-04-13,Albania,Europe,2845955,116,7.0626555936408,562,3,1.75687950090567,26
2020-04-20,Albania,Europe,2845955,164,9.83852520507176,726,2,1.75687950090567,28
2020-04-27,Albania,Europe,2845955,69,8.18705847422043,795,3,1.75687950090567,31
2020-05-04,Albania,Europe,2845955,73,4.98953778257211,868,0,1.0541277005434,31
2020-05-11,Albania,Europe,2845955,78,5.30577609273513,946,0,0,31
2020-05-18,Albania,Europe,2845955,52,4.56788670235475,998,1,0.351375900181134,32
2020-05-25,Albania,Europe,2845955,139,6.71127969345967,1137,1,0.702751800362269,33
2020-06-01,Albania,Europe,2845955,109,8.71412232449213,1246,1,0.702751800362269,34
2020-06-08,Albania,Europe,2845955,275,13.4928345669556,1521,2,1.0541277005434,36
2020-06-15,Albania,Europe,2845955,406,23.9286988023352,1927,8,3.51375900181134,44
2020-06-22,Albania,Europe,2845955,475,30.9562168059579,2402,11,6.67614210344155,55
2020-06-29,Albania,Europe,2845955,491,33.9429119574976,2893,21,11.2440288057963,76
2020-07-06,Albania,Europe,2845955,561,36.9647446990553,3454,17,13.3522842068831,93
2020-07-13,Albania,Europe,2845955,636,42.0596952516818,4090,19,12.6495324065208,112
2020-07-20,Albania,Europe,2845955,673,45.9951053337105,4763,26,15.811915508151,138
2020-07-27,Albania,Europe,2845955,756,50.2116161358841,5519,28,18.9742986097813,166
2020-08-03,Albania,Europe,2845955,892,57.9067483498509,6411,33,21.4339299110492,199
2020-08-10,Albania,Europe,2845955,969,65.3910550237091,7380,29,21.7853058112303,228
2020-08-17,Albania,Europe,2845955,1047,70.8373814765167,8427,22,17.9201709092379,250
2020-08-24,Albania,Europe,2845955,953,70.2751800362269,9380,30,18.271546809419,280
2020-08-31,Albania,Europe,2845955,875,64.2315145531113,10255,36,23.1908094119549,316
2020-09-07,Albania,Europe,2845955,1098,69.3264651057378,11353,18,18.9742986097813,334
2020-09-14,Albania,Europe,2845955,1032,74.8430667385816,12385,28,16.1632914083322,362
2020-09-21,Albania,Europe,2845955,874,66.9722465745242,13259,15,15.1091637077888,377
2020-09-28,Albania,Europe,2845955,1007,66.0938068240714,14266,19,11.9467806061586,396
2020-10-05,Albania,Europe,2845955,1133,75.1944426387627,15399,24,15.1091637077888,420
2020-10-12,Albania,Europe,2845955,1656,97.9987385605184,17055,31,19.3256745099624,451
2020-10-19,Albania,Europe,2845955,2102,132.04706328807,19157,26,20.0284263103247,477
2020-10-26,Albania,Europe,2845955,2045,145.715585805116,21202,41,23.542185312136,518
2020-11-02,Albania,Europe,2845955,3004,177.409692001455,24206,41,28.812823814853,559
2020-11-09,Albania,Europe,2845955,3624,232.891946640056,27830,64,36.8944695190191,623
2020-11-16,Albania,Europe,2845955,4931,300.60208260496,32761,76,49.1926260253588,699
2020-11-23,Albania,Europe,2845955,4864,344.172694227421,37625,99,61.4907825316985,798
2020-11-30,Albania,Europe,2845955,5363,359.352133115246,42988,107,72.3834354373137,905
2020-12-07,Albania,Europe,2845955,5542,383.175419147527,48530,98,72.0320595371325,1003
2020-12-14,Albania,Europe,2845955,4473,351.902964031406,53003,85,64.3017897331476,1088
2020-12-21,Albania,Europe,2845955,3569,282.576498925668,56572,76,56.5715199291626,1164
2020-12-28,Albania,Europe,2845955,2866,226.11039176656,59438,29,36.8944695190191,1193
2021-01-04,Albania,Europe,2845955,4157,246.771294697211,63595,48,27.0559443139473,1241
2021-01-11,Albania,Europe,2845955,4095,289.955392829472,67690,36,29.5155756152153,1277
2021-01-18,Albania,Europe,2845955,4584,304.959143767207,72274,38,26.0018166134039,1315
2021-01-25,Albania,Europe,2845955,5853,366.73102701905,78127,65,36.1917177186568,1380
2021-02-01,Albania,Europe,2845955,7209,458.967200816598,85336,80,50.9495055262645,1460
2021-02-08,Albania,Europe,2845955,7739,525.23669559076,93075,95,61.4907825316985,1555
2021-02-15,Albania,Europe,2845955,7171,523.901467170071,100246,111,72.3834354373137,1666
2021-02-22,Albania,Europe,2845955,6921,495.158918535254,107167,130,84.6815919436534,1796
2019-12-30,Algeria,Africa,43851043,0,NA,0,0,NA,0
2020-01-06,Algeria,Africa,43851043,0,0,0,0,0,0
2020-01-13,Algeria,Africa,43851043,0,0,0,0,0,0
2020-01-20,Algeria,Africa,43851043,0,0,0,0,0,0
2020-01-27,Algeria,Africa,43851043,0,0,0,0,0,0
2020-02-03,Algeria,Africa,43851043,0,0,0,0,0,0
2020-02-10,Algeria,Africa,43851043,0,0,0,0,0,0
2020-02-17,Algeria,Africa,43851043,0,0,0,0,0,0
2020-02-24,Algeria,Africa,43851043,3,0.00684134240547027,3,0,0,0
2020-03-02,Algeria,Africa,43851043,17,0.0456089493698018,20,0,0,0
2020-03-09,Algeria,Africa,43851043,28,0.102620136082054,48,4,0.0912178987396035,4
2020-03-16,Algeria,Africa,43851043,153,0.412760991796706,201,13,0.387676069643315,17
2020-03-23,Algeria,Africa,43851043,310,1.05584717791091,511,14,0.615720816492324,31
2020-03-30,Algeria,Africa,43851043,809,2.55182071724041,1320,121,3.07860408246162,152
2020-04-06,Algeria,Africa,43851043,594,3.19946779829159,1914,141,5.97477236744403,293
2020-04-13,Algeria,Africa,43851043,715,2.98510573625353,2629,82,5.0853978547329,375
2020-04-20,Algeria,Africa,43851043,753,3.34769688374345,3382,50,3.01019065840692,425
2020-04-27,Algeria,Africa,43851043,1092,4.20742557936421,4474,38,2.00679377227128,463
2020-05-04,Algeria,Africa,43851043,1249,5.3385275237353,5723,39,1.75594455073737,502
2020-05-11,Algeria,Africa,43851043,1296,5.80373880730728,7019,46,1.93838034821658,548
2020-05-18,Algeria,Africa,43851043,1287,5.8903958111099,8306,52,2.23483851912029,600
2020-05-25,Algeria,Africa,43851043,1088,5.41606273766396,9394,53,2.39446984191459,653
2020-06-01,Algeria,Africa,43851043,760,4.21426692176968,10154,54,2.44007879128439,707
2020-06-08,Algeria,Africa,43851043,765,3.47768238944738,10919,60,2.5997101140787,767
2020-06-15,Algeria,Africa,43851043,852,3.68748355654847,11771,78,3.14701750651632,845
2020-06-22,Algeria,Africa,43851043,1502,5.36817334082567,13273,52,2.96458170903712,897
2020-06-29,Algeria,Africa,43851043,2668,9.50946594360367,15941,55,2.44007879128439,952
2020-07-06,Algeria,Africa,43851043,3254,13.5048099083983,19195,59,2.5997101140787,1011
2020-07-13,Algeria,Africa,43851043,3889,16.2892362674247,23084,67,2.87336381029751,1078
2020-07-20,Algeria,Africa,43851043,4273,18.6130122378161,27357,77,3.28384435462573,1155
2020-07-27,Algeria,Africa,43851043,4108,19.1124302334154,31465,76,3.48908462678984,1231
2020-08-03,Algeria,Africa,43851043,3749,17.9174757599266,35214,71,3.35225777868043,1302
2020-08-10,Algeria,Africa,43851043,3369,16.2322250807125,38583,68,3.16982198120122,1370
2020-08-17,Algeria,Africa,43851043,2877,14.2436748881891,41460,65,3.03299513309182,1435
2020-08-24,Algeria,Africa,43851043,2686,12.6861292672104,44146,66,2.98738618372202,1501
2020-08-31,Algeria,Africa,43851043,2218,11.1833143854754,46364,55,2.75934143687301,1556
2020-09-07,Algeria,Africa,43851043,1890,9.36807820055728,48254,56,2.531296690024,1612
2020-09-14,Algeria,Africa,43851043,1572,7.89490913591269,49826,60,2.6453190634485,1672
2020-09-21,Algeria,Africa,43851043,1241,6.41489872886262,51067,42,2.32605641785989,1714
2020-09-28,Algeria,Africa,43851043,1069,5.2678336522121,52136,46,2.00679377227128,1760
2020-10-05,Algeria,Africa,43851043,936,4.57229717432263,53072,41,1.98398929758638,1801
2020-10-12,Algeria,Africa,43851043,1330,5.16749396359854,54402,55,2.18922956975049,1856
2020-10-19,Algeria,Africa,43851043,1741,7.00325417573306,56143,58,2.5769056393938,1914
2020-10-26,Algeria,Africa,43851043,2129,8.82533170305664,58272,59,2.6681235381334,1973
2020-11-02,Algeria,Africa,43851043,3779,13.4728836438394,62051,75,3.05579960777672,2048
2020-11-09,Algeria,Africa,43851043,5628,21.4521693360863,67679,106,4.12760991796706,2154
2020-11-16,Algeria,Africa,43851043,7183,29.2148125188265,74862,121,5.1766157534725,2275
2020-11-23,Algeria,Africa,43851043,7359,33.1622670867829,82221,135,5.83794551933463,2410
2020-11-30,Algeria,Africa,43851043,6031,30.5351916030823,88252,106,5.49587839906111,2516
2020-12-07,Algeria,Africa,43851043,3850,22.5331014361506,92102,80,4.24163229139156,2596
2020-12-14,Algeria,Africa,43851043,3101,15.8513903534746,95203,70,3.42067120273513,2666
2020-12-21,Algeria,Africa,43851043,3428,14.8890415217718,98631,71,3.21543093057102,2737
2020-12-28,Algeria,Africa,43851043,1777,11.8697290734909,100408,35,2.41727431659949,2772
2021-01-04,Algeria,Africa,43851043,1736,8.01121195680568,102144,35,1.59631322794306,2807
2021-01-11,Algeria,Africa,43851043,1689,7.81053257957855,103833,29,1.45948637983366,2836
2021-01-18,Algeria,Africa,43851043,1763,7.87210466122778,105596,27,1.27705058235445,2863
2021-01-25,Algeria,Africa,43851043,1743,7.99524882452625,107339,28,1.25424610766955,2891
2021-02-01,Algeria,Africa,43851043,1749,7.96332255996739,109088,23,1.16302820892995,2914
2021-02-08,Algeria,Africa,43851043,1623,7.68966886374858,110711,25,1.09461478487524,2939
2021-02-15,Algeria,Africa,43851043,1206,6.45138588835846,111917,22,1.07181031019034,2961
2021-02-22,Algeria,Africa,43851043,1175,5.4297454224749,113092,22,1.00339688613564,2983
2019-12-30,America (total),America,1021703563,0,NA,0,0,NA,0
2020-01-06,America (total),America,1021703563,0,0,0,0,0,0
2020-01-13,America (total),America,1021703563,1,9.78757475469428e-5,1,0,0,0
2020-01-20,America (total),America,1021703563,6,6.851302328286e-4,7,0,0,0
2020-01-27,America (total),America,1021703563,10,0.00156601196075109,17,0,0,0
2020-02-03,America (total),America,1021703563,4,0.0013702604656572,21,0,0,0
2020-02-10,America (total),America,1021703563,5,8.80881727922486e-4,26,0,0,0
2020-02-17,America (total),America,1021703563,22,0.00264264518376746,48,0,0,0
2020-02-24,America (total),America,1021703563,89,0.0108642079777107,137,2,0.00195751495093886,2
2020-03-02,America (total),America,1021703563,583,0.0657725023515456,720,20,0.0215326644603274,22
2020-03-09,America (total),America,1021703563,4235,0.471565351681171,4955,55,0.0734068106602071,77
2020-03-16,America (total),America,1021703563,37508,4.08562732985203,42463,480,0.523635249376144,557
2020-03-23,America (total),America,1021703563,123189,15.7283390035511,165652,2375,2.79435259246522,2932
2020-03-30,America (total),America,1021703563,223158,33.898971535641,388810,8205,10.3552540904666,11137
2020-04-06,America (total),America,1021703563,261256,47.4123823722048,650066,14484,22.2070283609259,25621
2020-04-13,America (total),America,1021703563,254387,50.4689440923483,904453,21748,35.4623408512083,47369
2020-04-20,America (total),America,1021703563,286123,52.9028203065981,1190576,18383,39.2785162480636,65752
2020-04-27,America (total),America,1021703563,295854,56.9614339301272,1486430,19508,37.0860995030121,85260
2020-05-04,America (total),America,1021703563,299665,58.2868673034079,1786095,20057,38.7245395169479,105317
2020-05-11,America (total),America,1021703563,320492,60.6983299714694,2106587,19545,38.7607535435403,124862
2020-05-18,America (total),America,1021703563,387488,69.2940717482846,2494075,19485,38.2009042675718,144347
2020-05-25,America (total),America,1021703563,437717,80.767556254475,2931792,18934,37.60288345006,163281
2020-06-01,America (total),America,1021703563,467311,88.5802920509146,3399103,20827,38.9163759821399,184108
2020-06-08,America (total),America,1021703563,484236,93.1333739510508,3883339,19584,39.5525683411951,203692
2020-06-15,America (total),America,1021703563,596827,105.809849270341,4480166,20655,39.3842220554143,224347
2020-06-22,America (total),America,1021703563,697610,126.693989027422,5177776,22161,41.906480069699,246508
2020-06-29,America (total),America,1021703563,780343,144.655754714247,5958119,20316,41.5746812855149,266824
2020-07-06,America (total),America,1021703563,872826,161.805151696432,6830945,21935,41.3534820960588,288759
2020-07-13,America (total),America,1021703563,930712,176.522629979318,7761657,23109,44.0871517250449,311868
2020-07-20,America (total),America,1021703563,1032799,192.180106941645,8794456,28157,50.1769807374157,340025
2020-07-27,America (total),America,1021703563,1017420,200.666717259946,9811876,25663,52.6767273297646,365688
2020-08-03,America (total),America,1021703563,962191,193.755906477151,10774067,26291,50.8503658805387,391979
2020-08-10,America (total),America,1021703563,969205,189.036827309175,11743272,28774,53.8952803867241,420753
2020-08-17,America (total),America,1021703563,853870,178.434828459143,12597142,24179,51.8281445985326,444932
2020-08-24,America (total),America,1021703563,845111,166.289035443053,13442253,22835,46.0153039517197,467767
2020-08-31,America (total),America,1021703563,825679,163.529820243957,14267932,26930,48.7078657667361,494697
2020-09-07,America (total),America,1021703563,711402,150.442951915202,14979334,19163,45.1138683168124,513860
2020-09-14,America (total),America,1021703563,768081,144.805504607994,15747415,18680,37.0391191441896,532540
2020-09-21,America (total),America,1021703563,779918,151.51155932692,16527333,19681,37.5461155164827,552221
2020-09-28,America (total),America,1021703563,746368,149.386383220433,17273701,21218,40.0302019892242,573439
2020-10-05,America (total),America,1021703563,801172,151.466634358796,18074873,20147,40.4863029727929,593586
2020-10-12,America (total),America,1021703563,791921,155.925168286802,18866794,16395,35.7657556686039,609981
2020-10-19,America (total),America,1021703563,935775,169.099537533863,19802569,17217,32.8979962654784,627198
2020-10-26,America (total),America,1021703563,1004846,189.939731080296,20807415,17022,33.5116772025978,644220
2020-11-02,America (total),America,1021703563,1147011,210.614612489122,21954426,17498,33.7867080532047,661718
2020-11-09,America (total),America,1021703563,1529429,261.95856576454,23483855,20597,37.2857660280079,682315
2020-11-16,America (total),America,1021703563,1668539,313.003508631202,25152394,21889,41.5834901027941,704204
2020-11-23,America (total),America,1021703563,1670555,326.816321379512,26822949,22587,43.5312174789783,726791
2020-11-30,America (total),America,1021703563,1966880,356.016669778414,28789829,28471,49.9733991825181,755262
2020-12-07,America (total),America,1021703563,2100034,398.052247959127,30889863,30200,57.4246798432668,785462
2020-12-14,America (total),America,1021703563,2327003,433.299555792975,33216866,34838,63.6564286895807,820300
2020-12-21,America (total),America,1021703563,1855223,409.338496160261,35072089,28538,62.0297337653505,848838
2020-12-28,America (total),America,1021703563,2072707,384.449085062063,37144796,32304,59.549562322511,881142
2021-01-04,America (total),America,1021703563,2699838,467.116409576424,39844634,44783,75.4494775115118,925925
2021-01-11,America (total),America,1021703563,2412952,500.418143300534,42257586,44066,86.9616229379832,969991
2021-01-18,America (total),America,1021703563,2209843,452.45951638127,44467429,48277,90.3814015572734,1018268
2021-01-25,America (total),America,1021703563,1803073,392.767153343088,46270502,46746,93.0044715915315,1065014
2021-02-01,America (total),America,1021703563,1350429,308.651365640779,47620931,42046,86.9058337618815,1107060
2021-02-08,America (total),America,1021703563,1312905,260.67580621719,48933836,45289,85.4797841201225,1152349
2021-02-15,America (total),America,1021703563,1101447,236.306506841457,50035283,43967,87.3599772304993,1196316
2021-02-22,America (total),America,1021703563,1083463,213.849699572791,51118746,21258,63.8394563374935,1217574
2020-03-09,Andorra,Europe,76177,5,NA,5,0,NA,0
2020-03-16,Andorra,Europe,76177,108,148.33873741418,113,0,0,0
2020-03-23,Andorra,Europe,76177,221,431.88889034748,334,6,78.7639313703611,6
2020-03-30,Andorra,Europe,76177,167,509.340089528335,501,12,236.291794111083,18
2020-04-06,Andorra,Europe,76177,137,399.07058560983,638,11,301.928403586384,29
2020-04-13,Andorra,Europe,76177,75,278.299224175276,713,7,236.291794111083,36
2020-04-20,Andorra,Europe,76177,27,133.898683329614,740,4,144.400540845662,40
2020-04-27,Andorra,Europe,76177,8,45.9456266327107,748,5,118.145897055542,45
2020-05-04,Andorra,Europe,76177,7,19.6909828425903,755,3,105.018575160482,48
2020-05-11,Andorra,Europe,76177,6,17.0655184635783,761,3,78.7639313703611,51
2020-05-18,Andorra,Europe,76177,2,10.5018575160482,763,0,39.3819656851806,51
2020-05-25,Andorra,Europe,76177,1,3.93819656851806,764,0,0,51
2020-06-01,Andorra,Europe,76177,88,116.833164866036,852,0,0,51
2020-06-08,Andorra,Europe,76177,1,116.833164866036,853,0,0,51
2020-06-15,Andorra,Europe,76177,2,3.93819656851806,855,1,13.1273218950602,52
2020-06-22,Andorra,Europe,76177,0,2.62546437901204,855,0,13.1273218950602,52
2020-06-29,Andorra,Europe,76177,0,0,855,0,0,52
2020-07-06,Andorra,Europe,76177,0,0,855,0,0,52
2020-07-13,Andorra,Europe,76177,25,32.8183047376505,880,0,0,52
2020-07-20,Andorra,Europe,76177,17,55.1347519592528,897,0,0,52
2020-07-27,Andorra,Europe,76177,28,59.0729485277709,925,0,0,52
2020-08-03,Andorra,Europe,76177,31,77.4511991808551,956,0,0,52
2020-08-10,Andorra,Europe,76177,33,84.0148601283852,989,1,13.1273218950602,53
2020-08-17,Andorra,Europe,76177,56,116.833164866036,1045,0,13.1273218950602,53
2020-08-24,Andorra,Europe,76177,79,177.218845583313,1124,0,0,53
2020-08-31,Andorra,Europe,76177,91,223.164472216023,1215,0,0,53
2020-09-07,Andorra,Europe,76177,129,288.801081691324,1344,0,0,53
2020-09-14,Andorra,Europe,76177,220,458.143534137601,1564,0,0,53
2020-09-21,Andorra,Europe,76177,272,645.864237236961,1836,0,0,53
2020-09-28,Andorra,Europe,76177,274,716.751775470286,2110,0,0,53
2020-10-05,Andorra,Europe,76177,586,1128.94968297518,2696,2,26.2546437901204,55
2020-10-12,Andorra,Europe,76177,681,1663.23168410413,3377,4,78.7639313703611,59
2020-10-19,Andorra,Europe,76177,661,1761.68659831708,4038,10,183.782506530843,69
2020-10-26,Andorra,Europe,76177,787,1900.83621040472,4825,6,210.037150320963,75
2020-11-02,Andorra,Europe,76177,558,1765.6247948856,5383,0,78.7639313703611,75
2020-11-09,Andorra,Europe,76177,489,1374.4306024128,5872,1,13.1273218950602,76
2020-11-16,Andorra,Europe,76177,384,1146.01520143876,6256,0,13.1273218950602,76
2020-11-23,Andorra,Europe,76177,456,1102.69503918506,6712,0,0,76
2020-11-30,Andorra,Europe,76177,338,1042.30935846778,7050,2,26.2546437901204,78
2020-12-07,Andorra,Europe,76177,288,821.770350630768,7338,1,39.3819656851806,79
2020-12-14,Andorra,Europe,76177,239,691.809863869672,7577,2,39.3819656851806,81
2020-12-21,Andorra,Europe,76177,10,326.870315186999,7587,1,39.3819656851806,82
2020-12-28,Andorra,Europe,76177,605,807.330296546202,8192,2,39.3819656851806,84
2021-01-04,Andorra,Europe,76177,490,1437.44174750909,8682,2,52.5092875802408,86
2021-01-11,Andorra,Europe,76177,401,1169.64438084986,9083,5,91.8912532654213,91
2021-01-18,Andorra,Europe,76177,466,1138.13880830172,9549,5,131.273218950602,96
2021-01-25,Andorra,Europe,76177,388,1121.07328983814,9937,5,131.273218950602,101
2021-02-01,Andorra,Europe,76177,314,921.537997033225,10251,5,131.273218950602,106
2021-02-08,Andorra,Europe,76177,287,788.952045893117,10538,1,78.7639313703611,107
2021-02-15,Andorra,Europe,76177,161,588.104020898697,10699,0,13.1273218950602,107
2021-02-22,Andorra,Europe,76177,190,460.768998516613,10889,3,39.3819656851806,110
2020-03-16,Angola,Africa,32866268,2,NA,2,0,NA,0
2020-03-23,Angola,Africa,32866268,5,0.0212984327882922,7,2,0.0608526651094064,2
2020-03-30,Angola,Africa,32866268,7,0.0365115990656438,14,0,0.0608526651094064,2
2020-04-06,Angola,Africa,32866268,5,0.0365115990656438,19,0,0,2
2020-04-13,Angola,Africa,32866268,5,0.0304263325547032,24,0,0,2
2020-04-20,Angola,Africa,32866268,2,0.0212984327882922,26,0,0,2
2020-04-27,Angola,Africa,32866268,9,0.0334689658101735,35,0,0,2
2020-05-04,Angola,Africa,32866268,10,0.0578100318539361,45,0,0,2
2020-05-11,Angola,Africa,32866268,3,0.0395542323211142,48,0,0,2
2020-05-18,Angola,Africa,32866268,21,0.0730231981312877,69,2,0.0608526651094064,4
2020-05-25,Angola,Africa,32866268,17,0.115620063707872,86,0,0.0608526651094064,4
2020-06-01,Angola,Africa,32866268,5,0.066937931620347,91,0,0,4
2020-06-08,Angola,Africa,32866268,49,0.164302195795397,140,2,0.0608526651094064,6
2020-06-15,Angola,Africa,32866268,36,0.258623826714977,176,3,0.152131662773516,9
2020-06-22,Angola,Africa,32866268,91,0.386414423444731,267,2,0.152131662773516,11
2020-06-29,Angola,Africa,32866268,79,0.517247653429954,346,8,0.304263325547032,19
2020-07-06,Angola,Africa,32866268,160,0.727189348057406,506,7,0.456394988320548,26
2020-07-13,Angola,Africa,32866268,199,1.09230533871385,705,3,0.304263325547032,29
2020-07-20,Angola,Africa,32866268,225,1.29007650031942,930,11,0.425968655765845,40
2020-07-27,Angola,Africa,32866268,218,1.34788653217335,1148,12,0.699805648758174,52
2020-08-03,Angola,Africa,32866268,424,1.95337055001195,1572,18,0.912789976641096,70
2020-08-10,Angola,Africa,32866268,307,2.2241649097488,1879,16,1.03449530685991,86
2020-08-17,Angola,Africa,32866268,292,1.82253732002672,2171,10,0.791084646422283,96
2020-08-24,Angola,Africa,32866268,453,2.26676177532539,2624,11,0.638952983648767,107
2020-08-31,Angola,Africa,32866268,311,2.32457180717932,2935,10,0.638952983648767,117
2020-09-07,Angola,Africa,32866268,400,2.1633122446394,3335,15,0.76065831386758,132
2020-09-14,Angola,Africa,32866268,656,3.21302071777666,3991,20,1.06492163941461,152
2020-09-21,Angola,Africa,32866268,681,4.06800066256382,4672,19,1.18662696963343,171
2020-09-28,Angola,Africa,32866268,698,4.19579125929357,5370,22,1.24747963474283,193
2020-10-05,Angola,Africa,32866268,876,4.78910474411028,6246,25,1.43003763007105,218
2020-10-12,Angola,Africa,32866268,1216,6.36518877044391,7462,23,1.46046396262575,241
2020-10-19,Angola,Africa,32866268,1564,8.45852045020749,9026,26,1.49089029518046,267
2020-10-26,Angola,Africa,32866268,1779,10.1715229730373,10805,17,1.30833229985224,284
2020-11-02,Angola,Africa,32866268,1530,10.0680734423513,12335,19,1.09534797196932,303
2020-11-09,Angola,Africa,32866268,1039,7.81652483330325,13374,19,1.15620063707872,322
2020-11-16,Angola,Africa,32866268,1119,6.56600256530495,14493,15,1.03449530685991,337
2020-11-23,Angola,Africa,32866268,610,5.26071289870818,15103,9,0.730231981312877,346
2020-11-30,Angola,Africa,32866268,433,3.17346648545554,15536,8,0.517247653429954,354
2020-12-07,Angola,Africa,32866268,652,3.3012570821853,16188,17,0.76065831386758,371
2020-12-14,Angola,Africa,32866268,456,3.37123764706111,16644,16,1.00406897430521,387
2020-12-21,Angola,Africa,32866268,652,3.37123764706111,17296,16,0.973642641750502,403
2020-12-28,Angola,Africa,32866268,346,3.03654798895938,17642,5,0.638952983648767,408
2021-01-04,Angola,Africa,32866268,551,2.72924203015688,18193,8,0.395542323211142,416
2021-01-11,Angola,Africa,32866268,682,3.7515668039949,18875,20,0.85193731153169,436
2021-01-18,Angola,Africa,32866268,524,3.66941570609721,19399,23,1.30833229985224,459
2021-01-25,Angola,Africa,32866268,397,2.80226522828817,19796,7,0.912789976641096,466
2021-02-01,Angola,Africa,32866268,290,2.09028904650811,20086,9,0.486821320875251,475
2021-02-08,Angola,Africa,32866268,280,1.73430095561808,20366,17,0.791084646422283,492
2021-02-15,Angola,Africa,32866268,153,1.31746019961865,20519,7,0.730231981312877,499
2021-02-22,Angola,Africa,32866268,288,1.34180126566241,20807,9,0.486821320875251,508
2020-03-23,Anguilla,America,15002,2,NA,2,0,NA,0
2020-03-30,Anguilla,America,15002,1,19.9973336888415,3,0,0,0
2020-04-06,Anguilla,America,15002,0,6.6657778962805,3,0,0,0
2020-04-13,Anguilla,America,15002,0,0,3,0,0,0
2020-04-20,Anguilla,America,15002,0,0,3,0,0,0
2020-04-27,Anguilla,America,15002,0,0,3,0,0,0
2020-05-04,Anguilla,America,15002,0,0,3,0,0,0
2020-05-11,Anguilla,America,15002,0,0,3,0,0,0
2020-05-18,Anguilla,America,15002,0,0,3,0,0,0
2020-05-25,Anguilla,America,15002,0,0,3,0,0,0
2020-06-01,Anguilla,America,15002,0,0,3,0,0,0
2020-06-08,Anguilla,America,15002,0,0,3,0,0,0
2020-06-15,Anguilla,America,15002,0,0,3,0,0,0
2020-06-22,Anguilla,America,15002,0,0,3,0,0,0
2020-06-29,Anguilla,America,15002,0,0,3,0,0,0
2020-07-06,Anguilla,America,15002,0,0,3,0,0,0
2020-07-13,Anguilla,America,15002,0,0,3,0,0,0
2020-07-20,Anguilla,America,15002,0,0,3,0,0,0
2020-07-27,Anguilla,America,15002,0,0,3,0,0,0
2020-08-03,Anguilla,America,15002,0,0,3,0,0,0
2020-08-10,Anguilla,America,15002,0,0,3,0,0,0
2020-08-17,Anguilla,America,15002,0,0,3,0,0,0
2020-08-24,Anguilla,America,15002,0,0,3,0,0,0
2020-08-31,Anguilla,America,15002,0,0,3,0,0,0
2020-09-07,Anguilla,America,15002,0,0,3,0,0,0
2020-09-14,Anguilla,America,15002,0,0,3,0,0,0
2020-09-21,Anguilla,America,15002,0,0,3,0,0,0
2020-09-28,Anguilla,America,15002,0,0,3,0,0,0
2020-10-05,Anguilla,America,15002,0,0,3,0,0,0
2020-10-12,Anguilla,America,15002,0,0,3,0,0,0
2020-10-19,Anguilla,America,15002,0,0,3,0,0,0
2020-10-26,Anguilla,America,15002,0,0,3,0,0,0
2020-11-02,Anguilla,America,15002,0,0,3,0,0,0
2020-11-09,Anguilla,America,15002,0,0,3,0,0,0
2020-11-16,Anguilla,America,15002,1,6.6657778962805,4,0,0,0
2020-11-23,Anguilla,America,15002,0,6.6657778962805,4,0,0,0
2020-11-30,Anguilla,America,15002,5,33.3288894814025,9,0,0,0
2020-12-07,Anguilla,America,15002,1,39.994667377683,10,0,0,0
2020-12-14,Anguilla,America,15002,0,6.6657778962805,10,0,0,0
2020-12-21,Anguilla,America,15002,3,19.9973336888415,13,0,0,0
2020-12-28,Anguilla,America,15002,2,33.3288894814025,15,0,0,0
2021-01-04,Anguilla,America,15002,0,13.331555792561,15,0,0,0
2021-01-11,Anguilla,America,15002,0,0,15,0,0,0
2021-01-18,Anguilla,America,15002,1,6.6657778962805,16,0,0,0
2021-01-25,Anguilla,America,15002,1,13.331555792561,17,0,0,0
2021-02-01,Anguilla,America,15002,0,6.6657778962805,17,0,0,0
2021-02-08,Anguilla,America,15002,1,6.6657778962805,18,0,0,0
2021-02-15,Anguilla,America,15002,0,6.6657778962805,18,0,0,0
2021-02-22,Anguilla,America,15002,0,0,18,0,0,0
2020-03-16,Antigua and Barbuda,America,97928,1,NA,1,0,NA,0
2020-03-23,Antigua and Barbuda,America,97928,6,7.14810881463933,7,0,0,0
2020-03-30,Antigua and Barbuda,America,97928,8,14.2962176292787,15,0,0,0
2020-04-06,Antigua and Barbuda,America,97928,6,14.2962176292787,21,2,20.4231680418267,2
2020-04-13,Antigua and Barbuda,America,97928,2,8.16926721673066,23,0,20.4231680418267,2
2020-04-20,Antigua and Barbuda,America,97928,1,3.063475206274,24,1,10.2115840209133,3
2020-04-27,Antigua and Barbuda,America,97928,1,2.04231680418267,25,0,10.2115840209133,3
2020-05-04,Antigua and Barbuda,America,97928,0,1.02115840209133,25,0,0,3
2020-05-11,Antigua and Barbuda,America,97928,0,0,25,0,0,3
2020-05-18,Antigua and Barbuda,America,97928,0,0,25,0,0,3
2020-05-25,Antigua and Barbuda,America,97928,0,0,25,0,0,3
2020-06-01,Antigua and Barbuda,America,97928,1,1.02115840209133,26,0,0,3
2020-06-08,Antigua and Barbuda,America,97928,0,1.02115840209133,26,0,0,3
2020-06-15,Antigua and Barbuda,America,97928,0,0,26,0,0,3
2020-06-22,Antigua and Barbuda,America,97928,39,39.825177681562,65,0,0,3
2020-06-29,Antigua and Barbuda,America,97928,3,42.888652887836,68,0,0,3
2020-07-06,Antigua and Barbuda,America,97928,6,9.19042561882199,74,0,0,3
2020-07-13,Antigua and Barbuda,America,97928,2,8.16926721673066,76,0,0,3
2020-07-20,Antigua and Barbuda,America,97928,6,8.16926721673066,82,0,0,3
2020-07-27,Antigua and Barbuda,America,97928,9,15.31737603137,91,0,0,3
2020-08-03,Antigua and Barbuda,America,97928,1,10.2115840209133,92,0,0,3
2020-08-10,Antigua and Barbuda,America,97928,1,2.04231680418267,93,0,0,3
2020-08-17,Antigua and Barbuda,America,97928,1,2.04231680418267,94,0,0,3
2020-08-24,Antigua and Barbuda,America,97928,0,1.02115840209133,94,0,0,3
2020-08-31,Antigua and Barbuda,America,97928,1,1.02115840209133,95,0,0,3
2020-09-07,Antigua and Barbuda,America,97928,0,1.02115840209133,95,0,0,3
2020-09-14,Antigua and Barbuda,America,97928,1,1.02115840209133,96,0,0,3
2020-09-21,Antigua and Barbuda,America,97928,5,6.126950412548,101,0,0,3
2020-09-28,Antigua and Barbuda,America,97928,6,11.2327424230047,107,0,0,3
2020-10-05,Antigua and Barbuda,America,97928,4,10.2115840209133,111,0,0,3
2020-10-12,Antigua and Barbuda,America,97928,8,12.253900825096,119,0,0,3
2020-10-19,Antigua and Barbuda,America,97928,5,13.2750592271873,124,0,0,3
2020-10-26,Antigua and Barbuda,America,97928,4,9.19042561882199,128,0,0,3
2020-11-02,Antigua and Barbuda,America,97928,3,7.14810881463933,131,0,0,3
2020-11-09,Antigua and Barbuda,America,97928,3,6.126950412548,134,1,10.2115840209133,4
2020-11-16,Antigua and Barbuda,America,97928,5,8.16926721673066,139,0,10.2115840209133,4
2020-11-23,Antigua and Barbuda,America,97928,2,7.14810881463933,141,0,0,4
2020-11-30,Antigua and Barbuda,America,97928,5,7.14810881463933,146,0,0,4
2020-12-07,Antigua and Barbuda,America,97928,2,7.14810881463933,148,1,10.2115840209133,5
2020-12-14,Antigua and Barbuda,America,97928,5,7.14810881463933,153,0,10.2115840209133,5
2020-12-21,Antigua and Barbuda,America,97928,5,10.2115840209133,158,0,0,5
2020-12-28,Antigua and Barbuda,America,97928,2,7.14810881463933,160,0,0,5
2021-01-04,Antigua and Barbuda,America,97928,16,18.380851237644,176,0,0,5
2021-01-11,Antigua and Barbuda,America,97928,13,29.6135936606486,189,0,0,5
2021-01-18,Antigua and Barbuda,America,97928,12,25.5289600522833,201,0,0,5
2021-01-25,Antigua and Barbuda,America,97928,33,45.95212809411,234,0,0,5
2021-02-01,Antigua and Barbuda,America,97928,82,117.433216240503,316,2,20.4231680418267,7
2021-02-08,Antigua and Barbuda,America,97928,127,213.422106037089,443,0,20.4231680418267,7
2021-02-15,Antigua and Barbuda,America,97928,171,304.305203823217,614,7,71.4810881463933,14
2021-02-22,Antigua and Barbuda,America,97928,155,332.897639081774,769,0,71.4810881463933,14
2020-03-02,Argentina,America,45195777,12,NA,12,1,NA,1
2020-03-09,Argentina,America,45195777,44,0.12390538169086,56,1,0.0442519220324501,2
2020-03-16,Argentina,America,45195777,210,0.561999409812116,266,2,0.0663778830486751,4
2020-03-23,Argentina,America,45195777,554,1.69042342163959,820,16,0.398267298292051,20
2020-03-30,Argentina,America,45195777,734,2.84982377888978,1554,26,0.929290362681451,46
2020-04-06,Argentina,America,45195777,649,3.06002040854392,2203,49,1.65944707621688,95
2020-04-13,Argentina,America,45195777,727,3.04453223583257,2930,39,1.9470845694278,134
2020-04-20,Argentina,America,45195777,837,3.4605003029376,3767,52,2.01346245247648,186
2020-04-27,Argentina,America,45195777,1003,4.07117682698541,4770,60,2.4781076338172,246
2020-05-04,Argentina,America,45195777,1006,4.44510556815961,5776,54,2.52235955584965,300
2020-05-11,Argentina,America,45195777,2016,6.68646541910321,7792,66,2.655115321947,366
2020-05-18,Argentina,America,45195777,4271,13.9105916909007,12063,86,3.36314607446621,452
2020-05-25,Argentina,America,45195777,4775,20.0151443352772,16838,87,3.82779125580693,539
2020-06-01,Argentina,America,45195777,5943,23.71460501719,22781,125,4.69070373543971,664
2020-06-08,Argentina,America,45195777,8783,32.582690192493,31564,169,6.50503253877016,833
2020-06-15,Argentina,America,45195777,11208,44.2320086675355,42772,178,7.67770847263009,1011
2020-06-22,Argentina,America,45195777,14959,57.8970021911561,57731,206,8.49636903023041,1217
2020-06-29,Argentina,America,45195777,17632,72.110719547979,75363,273,10.5983353267718,1490
2020-07-06,Argentina,America,45195777,22133,87.9838839810189,97496,328,13.2977025707512,1818
2020-07-13,Argentina,America,45195777,25015,104.319480999298,122511,428,16.7272265282661,2246
2020-07-20,Argentina,America,45195777,40002,143.85636073919,162513,693,24.8032022991883,2939
2020-07-27,Argentina,America,45195777,34017,163.774150845996,196530,673,30.2240627481634,3612
2020-08-03,Argentina,America,45195777,45268,175.42568191714,241798,944,35.7776789632359,4556
2020-08-10,Argentina,America,45195777,47289,204.791257377874,289087,1101,45.2475902781802,5657
2020-08-17,Argentina,America,45195777,47702,210.176716289223,336789,1191,50.7127026491878,6848
2020-08-24,Argentina,America,45195777,64437,248.118314239846,401226,1553,60.7136370285215,8401
2020-08-31,Argentina,America,45195777,70567,298.709324103444,471793,1406,65.4707186470099,9807
2020-09-07,Argentina,America,45195777,74675,321.361882991856,546468,1500,64.29804271315,11307
2020-09-14,Argentina,America,45195777,76453,334.385223646006,622921,1602,68.6347310723301,12909
2020-09-21,Argentina,America,45195777,88391,364.73319177586,711312,2840,98.2835188340716,15749
2020-09-28,Argentina,America,45195777,87161,388.425670832034,798473,5269,179.419417880569,21018
2020-10-05,Argentina,America,45195777,95720,404.641787660825,894193,2850,179.640677490731,23868
2020-10-12,Argentina,America,45195777,95474,423.035099053613,989667,2399,116.139169374165,26267
2020-10-19,Argentina,America,45195777,100909,434.516260224932,1090576,2629,111.24933198958,28896
2020-10-26,Argentina,America,45195777,82944,406.792431071602,1173520,2244,107.819808032065,31140
2020-11-02,Argentina,America,45195777,68649,335.41408083326,1242169,2420,103.195482179674,33560
2020-11-09,Argentina,America,45195777,68307,303.028311693812,1310476,1876,95.0531285257028,35436
2020-11-16,Argentina,America,45195777,59874,283.612780902074,1370350,1566,76.1575578178466,37002
2020-11-23,Argentina,America,45195777,48444,239.663984535546,1418794,1471,67.1965436062754,38473
2020-11-30,Argentina,America,45195777,44299,205.202800252776,1463093,1297,61.2446600929109,39770
2020-12-07,Argentina,America,45195777,35067,175.604902201372,1498160,996,50.734828610204,40766
2020-12-14,Argentina,America,45195777,48955,185.906749650526,1547115,1231,49.2745151831332,41997
2020-12-21,Argentina,America,45195777,43370,204.277935082298,1590485,871,46.508770056105,42868
2020-12-28,Argentina,America,45195777,50220,207.07686915085,1640705,614,32.8570521090942,43482
2021-01-04,Argentina,America,45195777,90203,310.699382378137,1730908,1172,39.5169663749779,44654
2021-01-11,Argentina,America,45195777,76488,368.819856775557,1807396,1178,51.9960083881288,45832
2021-01-18,Argentina,America,45195777,67388,318.339476717039,1874784,1202,52.6597872186156,47034
2021-01-25,Argentina,America,45195777,59056,279.769501473556,1933840,1215,53.4784477762159,48249
2021-02-01,Argentina,America,45195777,51661,244.972002583339,1985501,1149,52.305771842356,49398
2021-02-08,Argentina,America,45195777,43507,210.56834579921,2029008,929,45.9777469917156,50327
2021-02-15,Argentina,America,45195777,40694,186.302804352716,2069702,1032,43.3890095528173,51359
2021-02-22,Argentina,America,45195777,42270,183.565822975009,2111972,718,38.7204317783938,52077
2019-12-30,Armenia,Europe,2963234,0,NA,0,0,NA,0
2020-01-06,Armenia,Europe,2963234,0,0,0,0,0,0
2020-01-13,Armenia,Europe,2963234,0,0,0,0,0,0
2020-01-20,Armenia,Europe,2963234,0,0,0,0,0,0
2020-01-27,Armenia,Europe,2963234,0,0,0,0,0,0
2020-02-03,Armenia,Europe,2963234,0,0,0,0,0,0
2020-02-10,Armenia,Europe,2963234,0,0,0,0,0,0
2020-02-17,Armenia,Europe,2963234,0,0,0,0,0,0
2020-02-24,Armenia,Europe,2963234,1,0.0337469130011332,1,0,0,0
2020-03-02,Armenia,Europe,2963234,0,0.0337469130011332,1,0,0,0
2020-03-09,Armenia,Europe,2963234,27,0.911166651030597,28,0,0,0
2020-03-16,Armenia,Europe,2963234,166,6.51315420921871,194,0,0,0
2020-03-23,Armenia,Europe,2963234,288,15.3210985025145,482,3,1.012407390034,3
2020-03-30,Armenia,Europe,2963234,351,21.5642774077241,833,5,2.69975304009066,8
2020-04-06,Armenia,Europe,2963234,206,18.7970305416312,1039,6,3.71216043012465,14
2020-04-13,Armenia,Europe,2963234,300,17.0759379785734,1339,8,4.72456782015865,22
2020-04-20,Armenia,Europe,2963234,469,25.9513760978715,1808,7,5.06203695016998,29
2020-04-27,Armenia,Europe,2963234,699,39.4163943853236,2507,10,5.73697521019265,39
2020-05-04,Armenia,Europe,2963234,885,53.455110193795,3392,7,5.73697521019265,46
2020-05-11,Armenia,Europe,2963234,1431,78.1578505106245,4823,15,7.42432086024931,61
2020-05-18,Armenia,Europe,2963234,2290,125.572263277217,7113,26,13.8362343304646,87
2020-05-25,Armenia,Europe,2963234,2379,157.564336802291,9492,52,26.3225921408839,139
2020-06-01,Armenia,Europe,2963234,3833,209.63582356304,13325,72,41.8461721214052,211
2020-06-08,Armenia,Europe,2963234,3739,255.531625244581,17064,74,49.2704929816545,285
2020-06-15,Armenia,Europe,2963234,3524,245.103829127231,20588,75,50.2829003716885,360
2020-06-22,Armenia,Europe,2963234,4539,272.101359528137,25127,73,49.9454312416772,433
2020-06-29,Armenia,Europe,2963234,3809,281.71922973346,28936,58,44.2084560314845,491
2020-07-06,Armenia,Europe,2963234,3215,237.03831691996,32151,82,47.2456782015865,573
2020-07-13,Armenia,Europe,2963234,2830,204.00008909185,34981,77,53.657591671801796,650
2020-07-20,Armenia,Europe,2963234,2409,176.800077212937,37390,61,46.5707399415638,711
2020-07-27,Armenia,Europe,2963234,1712,139.07102847767,39102,51,37.7965425612692,762
2020-08-03,Armenia,Europe,2963234,1308,101.915677263422,40410,29,26.9975304009066,791
2020-08-10,Armenia,Europe,2963234,1253,86.4258441959022,41663,27,18.8982712806346,818
2020-08-17,Armenia,Europe,2963234,1129,80.3851467686993,42792,34,20.5856169306913,852
2020-08-24,Armenia,Europe,2963234,958,70.429807433365,43750,25,19.9106786706686,877
2020-08-31,Armenia,Europe,2963234,1033,67.1901037852562,44783,20,15.18611085051,897
2020-09-07,Armenia,Europe,2963234,1079,71.2734802583934,45862,19,13.161296070442,916
2020-09-14,Armenia,Europe,2963234,1569,89.3618256270008,47431,14,11.136481290374,930
2020-09-21,Armenia,Europe,2963234,1969,119.396578198009,49400,21,11.8114195503966,951
2020-09-28,Armenia,Europe,2963234,3096,170.92811435074,52496,26,15.8610491105326,977
2020-10-05,Armenia,Europe,2963234,3955,237.94948357099,56451,43,23.2853699707819,1020
2020-10-12,Armenia,Europe,2963234,8243,411.644844787823,64694,61,35.0967895211786,1081
2020-10-19,Armenia,Europe,2963234,14116,754.547227792338,78810,115,59.3945668819945,1196
2020-10-26,Armenia,Europe,2963234,14638,970.358736434585,93448,195,104.615430303513,1391
2020-11-02,Armenia,Europe,2963234,14018,967.051538960474,107466,189,129.588145924352,1580
2020-11-09,Armenia,Europe,2963234,10420,824.707059921694,117886,208,133.975244614499,1788
2020-11-16,Armenia,Europe,2963234,8823,649.391846880807,126709,188,133.637775484487,1976
2020-11-23,Armenia,Europe,2963234,8415,581.729286313534,135124,188,126.888392884261,2164
2020-11-30,Armenia,Europe,2963234,7220,527.632984772718,142344,180,124.18863984417,2344
2020-12-07,Armenia,Europe,2963234,6338,457.540646469364,148682,159,114.402035073842,2503
2020-12-14,Armenia,Europe,2963234,5383,395.547567286283,154065,153,105.290368563536,2656
2020-12-21,Armenia,Europe,2963234,3883,312.6988958685,157948,119,91.7916033630824,2775
2020-12-28,Armenia,Europe,2963234,2272,207.712249521975,160220,89,70.1935790423571,2864
2021-01-04,Armenia,Europe,2963234,2068,146.461602424918,162288,67,52.6451842817678,2931
2021-01-11,Armenia,Europe,2963234,2388,150.37624433305,164676,67,45.2208634215185,2998
2021-01-18,Armenia,Europe,2963234,1418,128.440750882313,166094,49,39.1464190813145,3047
2021-01-25,Armenia,Europe,2963234,994,81.3975541587333,167088,37,29.0223451809746,3084
2021-02-01,Armenia,Europe,2963234,1089,70.2948197813605,168177,39,25.6476538808613,3123
2021-02-08,Armenia,Europe,2963234,1078,73.1295604734557,169255,24,21.2605551907139,3147
2021-02-15,Armenia,Europe,2963234,1147,75.0868814275214,170402,17,13.8362343304646,3164
2021-02-22,Armenia,Europe,2963234,1814,99.9246093963555,172216,31,16.198518240544,3195
2020-03-23,Aruba,America,106766,50,NA,50,0,NA,0
2020-03-30,Aruba,America,106766,14,59.9441769851826,64,0,0,0
2020-04-06,Aruba,America,106766,28,39.3383661465261,92,0,0,0
2020-04-13,Aruba,America,106766,5,30.9087162579848,97,2,18.7325553078696,2
2020-04-20,Aruba,America,106766,3,7.49302212314782,100,0,18.7325553078696,2
2020-04-27,Aruba,America,106766,0,2.80988329618043,100,0,0,2
2020-05-04,Aruba,America,106766,1,0.936627765393477,101,1,9.36627765393477,3
2020-05-11,Aruba,America,106766,0,0.936627765393477,101,0,9.36627765393477,3
2020-05-18,Aruba,America,106766,0,0,101,0,0,3
2020-05-25,Aruba,America,106766,0,0,101,0,0,3
2020-06-01,Aruba,America,106766,0,0,101,0,0,3
2020-06-08,Aruba,America,106766,0,0,101,0,0,3
2020-06-15,Aruba,America,106766,0,0,101,0,0,3
2020-06-22,Aruba,America,106766,0,0,101,0,0,3
2020-06-29,Aruba,America,106766,4,3.74651106157391,105,0,0,3
2020-07-06,Aruba,America,106766,0,3.74651106157391,105,0,0,3
2020-07-13,Aruba,America,106766,8,7.49302212314782,113,0,0,3
2020-07-20,Aruba,America,106766,6,13.1127887155087,119,0,0,3
2020-07-27,Aruba,America,106766,3,8.4296498885413,122,0,0,3
2020-08-03,Aruba,America,106766,441,415.862727834704,563,0,0,3
2020-08-10,Aruba,America,106766,539,917.895210085608,1102,1,9.36627765393477,4
2020-08-17,Aruba,America,106766,466,941.310904220445,1568,3,37.4651106157391,7
2020-08-24,Aruba,America,106766,429,838.281850027162,1997,3,56.1976659236086,10
2020-08-31,Aruba,America,106766,452,825.169061311654,2449,4,65.5639435775434,14
2020-09-07,Aruba,America,106766,597,982.522525897758,3046,4,74.9302212314782,18
2020-09-14,Aruba,America,106766,505,1032.16379746361,3551,5,84.296498885413,23
2020-09-21,Aruba,America,106766,293,747.428956783995,3844,2,65.5639435775434,25
2020-09-28,Aruba,America,106766,235,494.539460127756,4079,5,65.5639435775434,30
2020-10-05,Aruba,America,106766,115,327.819717887717,4194,2,65.5639435775434,32
2020-10-12,Aruba,America,106766,128,227.600546990615,4322,2,37.4651106157391,34
2020-10-19,Aruba,America,106766,98,211.677874978926,4420,2,37.4651106157391,36
2020-10-26,Aruba,America,106766,99,184.515669782515,4519,2,37.4651106157391,38
2020-11-02,Aruba,America,106766,81,168.592997770826,4600,2,37.4651106157391,40
2020-11-09,Aruba,America,106766,62,133.937770451267,4662,4,56.1976659236086,44
2020-11-16,Aruba,America,106766,69,122.698237266546,4731,1,46.8313882696739,45
2020-11-23,Aruba,America,106766,107,164.846486709252,4838,0,9.36627765393477,45
2020-11-30,Aruba,America,106766,127,219.170897102074,4965,0,0,45
2020-12-07,Aruba,America,106766,84,197.628458498024,5049,1,9.36627765393477,46
2020-12-14,Aruba,America,106766,127,197.628458498024,5176,1,18.7325553078696,47
2020-12-21,Aruba,America,106766,147,256.636007717813,5323,2,28.0988329618043,49
2020-12-28,Aruba,America,106766,241,363.411572972669,5564,0,18.7325553078696,49
2021-01-04,Aruba,America,106766,504,697.787685218141,6068,3,28.0988329618043,52
2021-01-11,Aruba,America,106766,367,815.802783657719,6435,0,28.0988329618043,52
2021-01-18,Aruba,America,106766,307,631.287113875204,6742,5,46.8313882696739,57
2021-01-25,Aruba,America,106766,244,516.081898731806,6986,2,65.5639435775434,59
2021-02-01,Aruba,America,106766,252,464.567371635165,7238,5,65.5639435775434,64
2021-02-08,Aruba,America,106766,200,423.355749957852,7438,4,84.296498885413,68
2021-02-15,Aruba,America,106766,254,425.229005488639,7692,3,65.5639435775434,71
2021-02-22,Aruba,America,106766,216,440.215049734934,7908,3,56.1976659236086,74
2019-12-30,Asia (total),Asia,4498460442,59,NA,59,0,NA,0
2020-01-06,Asia (total),Asia,4498460442,1,0.00133378965478519,60,1,2.22298275797531e-4,1
2020-01-13,Asia (total),Asia,4498460442,179,0.00400136896435556,239,2,6.66894827392594e-4,3
2020-01-20,Asia (total),Asia,4498460442,2568,0.0610653363615818,2807,78,0.0177838620638025,81
2020-01-27,Asia (total),Asia,4498460442,14514,0.379729914717343,17321,281,0.0798050810113137,362
2020-02-03,Asia (total),Asia,4498460442,23078,0.835663678378079,40399,548,0.184285270636153,910
2020-02-10,Asia (total),Asia,4498460442,30493,1.19087409327495,70892,864,0.313885165426114,1774
2020-02-17,Asia (total),Asia,4498460442,7510,0.844800137513358,78402,839,0.378573963683196,2613
2020-02-24,Asia (total),Asia,4498460442,7588,0.335625936799113,85990,386,0.272315387851976,2999
2020-03-02,Asia (total),Asia,4498460442,10112,0.39346794816163,96102,384,0.171169672364099,3383
2020-03-09,Asia (total),Asia,4498460442,10791,0.464670085899579,106893,689,0.238526049930751,4072
2020-03-16,Asia (total),Asia,4498460442,15079,0.575085639488213,121972,1173,0.413919389535003,5245
2020-03-23,Asia (total),Asia,4498460442,30575,1.01488054832605,152547,1288,0.547076056737724,6533
2020-03-30,Asia (total),Asia,4498460442,42717,1.62926852297527,195264,1496,0.618878399820327,8029
2020-04-06,Asia (total),Asia,4498460442,43542,1.91752269720192,238806,1702,0.710909886000505,9731
2020-04-13,Asia (total),Asia,4498460442,54027,2.16894204712893,292833,2915,1.0263511393572,12646
2020-04-20,Asia (total),Asia,4498460442,64707,2.63943634785441,357540,1700,1.02590654280561,14346
2020-04-27,Asia (total),Asia,4498460442,69959,2.99360196085503,427499,1804,0.778933158394549,16150
2020-05-04,Asia (total),Asia,4498460442,96129,3.69210760306604,523628,2151,0.879189680779236,18301
2020-05-11,Asia (total),Asia,4498460442,118930,4.78072448947413,642558,2207,0.968775885925641,20508
2020-05-18,Asia (total),Asia,4498460442,150934,5.9990301899825,793492,2494,1.04502419452419,23002
2020-05-25,Asia (total),Asia,4498460442,166458,7.055569435193,959950,3060,1.23464462377949,26062
2020-06-01,Asia (total),Asia,4498460442,213084,8.43715321927466,1173034,3951,1.55853321161649,30013
2020-06-08,Asia (total),Asia,4498460442,243252,10.1442705984342,1416286,5110,2.01424467700143,35123
2020-06-15,Asia (total),Asia,4498460442,265844,11.317116301542,1682130,7736,2.85564365089509,42859
2020-06-22,Asia (total),Asia,4498460442,293051,12.4241394851861,1975181,6221,3.10261703530614,49080
2020-06-29,Asia (total),Asia,4498460442,350269,14.3008926786068,2325450,7135,2.96901577155183,56215
2020-07-06,Asia (total),Asia,4498460442,368154,15.970419419329,2693604,7877,3.33714171627254,64092
2020-07-13,Asia (total),Asia,4498460442,425608,17.64519239936,3119212,9346,3.82864320406088,73438
2020-07-20,Asia (total),Asia,4498460442,491525,20.3877084577017,3610737,9778,4.25123222635199,83216
2020-07-27,Asia (total),Asia,4498460442,544936,23.0403493231385,4155673,9444,4.27301745738015,92660
2020-08-03,Asia (total),Asia,4498460442,588521,25.1965536790642,4744194,10111,4.34704278322072,102771
2020-08-10,Asia (total),Asia,4498460442,612707,26.7030913239717,5356901,10161,4.50643064696755,112932
2020-08-17,Asia (total),Asia,4498460442,632575,27.6824041481701,5989476,9898,4.45908111422268,122830
2020-08-24,Asia (total),Asia,4498460442,686756,29.3285006506233,6676232,10714,4.58201206073871,133544
2020-08-31,Asia (total),Asia,4498460442,754516,32.0392280555259,7430748,10693,4.75873918999775,144237
2020-09-07,Asia (total),Asia,4498460442,835343,35.3422914461187,8266091,11783,4.99637604682531,156020
2020-09-14,Asia (total),Asia,4498460442,851577,37.4999407408371,9117668,12466,5.39051088981433,168486
2020-09-21,Asia (total),Asia,4498460442,812699,36.9965685251212,9930367,11843,5.40384878636219,180329
2020-09-28,Asia (total),Asia,4498460442,776626,35.3304207181911,10706993,11487,5.1862187743564,191816
2020-10-05,Asia (total),Asia,4498460442,723551,33.3486760491113,11430544,11236,5.0512837209473,203052
2020-10-12,Asia (total),Asia,4498460442,659287,30.740250310730602,12089831,10248,4.77585615723416,213300
2020-10-19,Asia (total),Asia,4498460442,596327,27.9120827267241,12686158,9671,4.42795935561102,222971
2020-10-26,Asia (total),Asia,4498460442,562378,25.7578123657978,13248536,9066,4.16520279361834,232037
2020-11-02,Asia (total),Asia,4498460442,602872,25.9033065873073,13851408,9992,4.23656054014935,242029
2020-11-09,Asia (total),Asia,4498460442,591328,26.5468600957412,14442736,9729,4.38394429700311,251758
2020-11-16,Asia (total),Asia,4498460442,621667,26.9646697051026,15064403,10501,4.49709411938406,262259
2020-11-23,Asia (total),Asia,4498460442,629773,27.8192954264062,15694176,10111,4.58201206073871,272370
2020-11-30,Asia (total),Asia,4498460442,580305,26.8998252980525,16274481,9407,4.33881774701621,281777
2020-12-07,Asia (total),Asia,4498460442,507725,24.1867193015988,16782206,8353,3.94801737816415,290130
2020-12-14,Asia (total),Asia,4498460442,456340,21.4309987256747,17238546,7698,3.56810962482617,297828
2020-12-21,Asia (total),Asia,4498460442,434466,19.8024637870096,17673012,7252,3.32335922317309,305080
2020-12-28,Asia (total),Asia,4498460442,426554,19.140326142719,18099566,6454,3.04682016808096,311534
2021-01-04,Asia (total),Asia,4498460442,479462,20.1405794644976,18579028,6120,2.79517851987816,317654
2021-01-11,Asia (total),Asia,4498460442,497268,21.7125394919723,19076296,6640,2.8365259991765,324294
2021-01-18,Asia (total),Asia,4498460442,460650,21.294351975542,19536946,6513,2.92388922156493,330807
2021-01-25,Asia (total),Asia,4498460442,467221,20.6264123462531,20004167,7221,3.05304451980329,338028
2021-02-01,Asia (total),Asia,4498460442,433513,20.0231615152214,20437680,5849,2.90543846467373,343877
2021-02-08,Asia (total),Asia,4498460442,388397,18.2709175860749,20826077,5374,2.49485354927569,349251
2021-02-15,Asia (total),Asia,4498460442,407827,17.6999222348614,21233904,5113,2.33124201828871,354364
2021-02-22,Asia (total),Asia,4498460442,443973,18.9353671324337,21677877,6149,2.5035231820318,360513
2019-12-30,Australia,Oceania,25499881,0,NA,0,0,NA,0
2020-01-06,Australia,Oceania,25499881,0,0,0,0,0,0
2020-01-13,Australia,Oceania,25499881,0,0,0,0,0,0
2020-01-20,Australia,Oceania,25499881,4,0.0156863477127599,4,0,0,0
2020-01-27,Australia,Oceania,25499881,7,0.0431374562100898,11,0,0,0
2020-02-03,Australia,Oceania,25499881,3,0.0392158692818998,14,0,0,0
2020-02-10,Australia,Oceania,25499881,1,0.0156863477127599,15,0,0,0
2020-02-17,Australia,Oceania,25499881,7,0.0313726954255198,22,0,0,0
2020-02-24,Australia,Oceania,25499881,7,0.0549022169946597,29,1,0.0392158692818998,1
2020-03-02,Australia,Oceania,25499881,51,0.227452041835019,80,2,0.117647607845699,3
2020-03-09,Australia,Oceania,25499881,218,1.0549068836831,298,2,0.156863477127599,5
2020-03-16,Australia,Oceania,25499881,1411,6.38826510602148,1709,2,0.156863477127599,7
2020-03-23,Australia,Oceania,25499881,2384,14.882422392481,4093,9,0.431374562100898,16
2020-03-30,Australia,Oceania,25499881,1651,15.8236032552466,5744,20,1.13726020917509,36
2020-04-06,Australia,Oceania,25499881,578,8.74121726293546,6322,25,1.76471411768549,61
2020-04-13,Australia,Oceania,25499881,290,3.4039374536689,6612,9,1.33333955558459,70
2020-04-20,Australia,Oceania,25499881,101,1.53334048892228,6713,13,0.862749124201795,83
2020-04-27,Australia,Oceania,25499881,88,0.741179929427906,6801,12,0.980396732047495,95
2020-05-04,Australia,Oceania,25499881,140,0.894121819627315,6941,2,0.549022169946597,97
2020-05-11,Australia,Oceania,25499881,104,0.956867210478355,7045,1,0.117647607845699,98
2020-05-18,Australia,Oceania,25499881,64,0.658826603935916,7109,4,0.196079346409499,102
2020-05-25,Australia,Oceania,25499881,86,0.588238039228497,7195,0,0.156863477127599,102
2020-06-01,Australia,Oceania,25499881,65,0.592159626156687,7260,0,0,102
2020-06-08,Australia,Oceania,25499881,60,0.490198366023747,7320,0,0,102
2020-06-15,Australia,Oceania,25499881,141,0.788238972566186,7461,0,0,102
2020-06-22,Australia,Oceania,25499881,225,1.43530081571753,7686,2,0.0784317385637996,104
2020-06-29,Australia,Oceania,25499881,763,3.8745278850517,8449,0,0.0784317385637996,104
2020-07-06,Australia,Oceania,25499881,1348,8.27847000540904,9797,4,0.156863477127599,108
2020-07-13,Australia,Oceania,25499881,2005,13.149080970221,11802,14,0.705885647074196,122
2020-07-20,Australia,Oceania,25499881,2601,18.062829391243,14403,33,1.84314585624929,155
2020-07-27,Australia,Oceania,25499881,3520,24.0040335874509,17923,53,3.37256475824338,208
2020-08-03,Australia,Oceania,25499881,3161,26.2001222672373,21084,87,5.49022169946597,295
2020-08-10,Australia,Oceania,25499881,2204,21.0393138697392,23288,101,7.37258342499716,396
2020-08-17,Australia,Oceania,25499881,1524,14.6196760682922,24812,106,8.11768494135326,502
2020-08-24,Australia,Oceania,25499881,858,9.34122006294853,25670,109,8.43141189560845,611
2020-08-31,Australia,Oceania,25499881,609,5.7529680236547,26279,142,9.84318318975685,753
2020-09-07,Australia,Oceania,25499881,372,3.84707677655437,26651,57,7.80395798709806,810
2020-09-14,Australia,Oceania,25499881,247,2.4274623085496,26898,39,3.76472345106238,849
2020-09-21,Australia,Oceania,25499881,142,1.5254973150659,27040,23,2.43138389547779,872
2020-09-28,Australia,Oceania,25499881,96,0.933337688909215,27136,22,1.76471411768549,894
2020-10-05,Australia,Oceania,25499881,128,0.878435471914555,27264,4,1.01961260132939,898
2020-10-12,Australia,Oceania,25499881,126,0.996083079760255,27390,6,0.392158692818998,904
2020-10-19,Australia,Oceania,25499881,130,1.00392625361663,27520,1,0.274511084973299,905
2020-10-26,Australia,Oceania,25499881,75,0.803925320278946,27595,2,0.117647607845699,907
2020-11-02,Australia,Oceania,25499881,63,0.541178996090217,27658,0,0.0784317385637996,907
2020-11-09,Australia,Oceania,25499881,67,0.509806300664697,27725,0,0,907
2020-11-16,Australia,Oceania,25499881,96,0.639218669294967,27821,0,0,907
2020-11-23,Australia,Oceania,25499881,72,0.658826603935916,27893,0,0,907
2020-11-30,Australia,Oceania,25499881,72,0.564708517659357,27965,1,0.0392158692818998,908
2020-12-07,Australia,Oceania,25499881,66,0.541178996090217,28031,0,0.0392158692818998,908
2020-12-14,Australia,Oceania,25499881,167,0.913729754268265,28198,0,0,908
2020-12-21,Australia,Oceania,25499881,114,1.10196592682138,28312,0,0,908
2020-12-28,Australia,Oceania,25499881,192,1.20000560002613,28504,1,0.0392158692818998,909
2021-01-04,Australia,Oceania,25499881,110,1.18431925231337,28614,0,0.0392158692818998,909
2021-01-11,Australia,Oceania,25499881,94,0.800003733350756,28708,0,0,909
2021-01-18,Australia,Oceania,25499881,58,0.596081213084877,28766,0,0,909
2021-01-25,Australia,Oceania,25499881,52,0.431374562100898,28818,0,0,909
2021-02-01,Australia,Oceania,25499881,32,0.329413301967958,28850,0,0,909
2021-02-08,Australia,Oceania,25499881,50,0.321570128111578,28900,0,0,909
2021-02-15,Australia,Oceania,25499881,30,0.313726954255198,28930,0,0,909
2021-02-22,Australia,Oceania,25499881,40,0.274511084973299,28970,0,0,909
2019-12-30,Austria,Europe,8901064,0,NA,0,0,NA,0
2020-01-06,Austria,Europe,8901064,0,0,0,0,0,0
2020-01-13,Austria,Europe,8901064,0,0,0,0,0,0
2020-01-20,Austria,Europe,8901064,0,0,0,0,0,0
2020-01-27,Austria,Europe,8901064,0,0,0,0,0,0
2020-02-03,Austria,Europe,8901064,0,0,0,0,0,0
2020-02-10,Austria,Europe,8901064,0,0,0,0,0,0
2020-02-17,Austria,Europe,8901064,0,0,0,0,0,0
2020-02-24,Austria,Europe,8901064,14,0.157284567328131,14,0,0,0
2020-03-02,Austria,Europe,8901064,88,1.14593041910495,102,0,0,0
2020-03-09,Austria,Europe,8901064,758,9.5044817113999,860,1,0.112346119520093,1
2020-03-16,Austria,Europe,8901064,2771,39.6469455786409,3631,15,1.79753791232149,16
2020-03-23,Austria,Europe,8901064,5182,89.3488688543302,8813,70,9.54942015920793,86
2020-03-30,Austria,Europe,8901064,3170,93.8314790231819,11983,118,21.1210704697776,204
2020-04-06,Austria,Europe,8901064,1954,57.5661516420958,13937,146,29.6593755533046,350
2020-04-13,Austria,Europe,8901064,773,30.6367867931295,14710,102,27.8618376409832,452
2020-04-20,Austria,Europe,8901064,479,14.0657341639157,15189,90,21.5704549478579,542
2020-04-27,Austria,Europe,8901064,349,9.30225869626373,15538,56,16.4025334499336,598
2020-05-04,Austria,Europe,8901064,249,6.71829794730158,15787,20,8.53830508352709,618
2020-05-11,Austria,Europe,8901064,367,6.92052096243775,16154,11,3.48272970512289,629
2020-05-18,Austria,Europe,8901064,285,7.32496699271009,16439,11,2.47161462944205,640
2020-05-25,Austria,Europe,8901064,203,5.48249063258055,16642,28,4.38149866128364,668
2020-06-01,Austria,Europe,8901064,226,4.819648527412,16868,4,3.59507582464299,672
2020-06-08,Austria,Europe,8901064,170,4.4489063329957,17038,5,1.01111507568084,677
2020-06-15,Austria,Europe,8901064,247,4.68483318398789,17285,13,2.02223015136168,690
2020-06-22,Austria,Europe,8901064,340,6.59471721582948,17625,12,2.80865298800233,702
2020-06-29,Austria,Europe,8901064,644,11.0548581607772,18269,4,1.79753791232149,706
2020-07-06,Austria,Europe,8901064,578,13.7286958053554,18847,2,0.67407671712056,708
2020-07-13,Austria,Europe,8901064,724,14.6274647615162,19571,2,0.449384478080373,710
2020-07-20,Austria,Europe,8901064,915,18.4135289893433,20486,2,0.449384478080373,712
2020-07-27,Austria,Europe,8901064,823,19.5257555725922,21309,6,0.898768956160747,718
2020-08-03,Austria,Europe,8901064,702,17.1327832268142,22011,3,1.01111507568084,721
2020-08-10,Austria,Europe,8901064,1362,23.1882390689473,23373,7,1.12346119520093,728
2020-08-17,Austria,Europe,8901064,1866,36.2653273810861,25239,4,1.23580731472103,732
2020-08-24,Austria,Europe,8901064,1979,43.1970829554759,27218,1,0.561730597600467,733
2020-08-31,Austria,Europe,8901064,1976,44.4328902701969,29194,3,0.449384478080373,736
2020-09-07,Austria,Europe,8901064,4141,68.7221213104411,33335,20,2.58396074896215,756
2020-09-14,Austria,Europe,8901064,5222,105.189671706663,38557,10,3.3703835856028,766
2020-09-21,Austria,Europe,8901064,4909,113.817853685807,43466,21,3.48272970512289,787
2020-09-28,Austria,Europe,8901064,5152,113.031430849166,48618,26,5.28026761744439,813
2020-10-05,Austria,Europe,8901064,7365,140.623637803301,55983,51,8.65065120304719,864
2020-10-12,Austria,Europe,8901064,9574,190.303091855086,65557,46,10.8975735934491,910
2020-10-19,Austria,Europe,8901064,16979,298.312651161704,82536,74,13.4815343424112,984
2020-10-26,Austria,Europe,8901064,28574,511.770278249881,111110,130,22.918608382099,1114
2020-11-02,Austria,Europe,8901064,41398,786.108267505997,152508,221,39.4334879515528,1335
2020-11-09,Austria,Europe,8901064,50986,1037.89839057443,203494,344,63.4755575288527,1679
2020-11-16,Austria,Europe,8901064,42630,1051.73943249931,246124,520,97.0670472653606,2199
2020-11-23,Austria,Europe,8901064,32058,839.090697471673,278182,705,137.623996412114,2904
2020-11-30,Austria,Europe,8901064,22794,616.240934791616,300976,828,172.226601224303,3732
2020-12-07,Austria,Europe,8901064,19060,470.213448639399,320036,668,168.06979480206,4400
2020-12-14,Austria,Europe,8901064,16186,395.975132860521,336222,816,166.721641367819,5216
2020-12-21,Austria,Europe,8901064,15164,352.205084695493,351386,656,165.373487933577,5872
2020-12-28,Austria,Europe,8901064,13188,318.523718063369,364574,381,116.502925942337,6253
2021-01-04,Austria,Europe,8901064,15133,318.175445092856,379707,378,85.2707047157508,6631
2021-01-11,Austria,Europe,8901064,11406,298.155366594376,391113,383,85.495396954791,7014
2021-01-18,Austria,Europe,8901064,10421,245.217875076508,401534,348,82.1250133691882,7362
2021-01-25,Austria,Europe,8901064,9451,223.25420871033,410985,291,71.7891703733396,7653
2021-02-01,Austria,Europe,8901064,10467,223.771000860122,421452,287,64.9360570826139,7940
2021-02-08,Austria,Europe,8901064,8442,212.435277400545,429894,161,50.3310615450018,8101
2021-02-15,Austria,Europe,8901064,11848,227.950276506269,441742,157,35.7260660073897,8258
2021-02-22,Austria,Europe,8901064,14370,294.549056157781,456112,156,35.1643354097892,8414
2019-12-30,Azerbaijan,Europe,10139175,0,NA,0,0,NA,0
2020-01-06,Azerbaijan,Europe,10139175,0,0,0,0,0,0
2020-01-13,Azerbaijan,Europe,10139175,0,0,0,0,0,0
2020-01-20,Azerbaijan,Europe,10139175,0,0,0,0,0,0
2020-01-27,Azerbaijan,Europe,10139175,0,0,0,0,0,0
2020-02-03,Azerbaijan,Europe,10139175,0,0,0,0,0,0
2020-02-10,Azerbaijan,Europe,10139175,0,0,0,0,0,0
2020-02-17,Azerbaijan,Europe,10139175,0,0,0,0,0,0
2020-02-24,Azerbaijan,Europe,10139175,3,0.0295882061410322,3,0,0,0
2020-03-02,Azerbaijan,Europe,10139175,6,0.0887646184230966,9,0,0,0
2020-03-09,Azerbaijan,Europe,10139175,10,0.157803766085505,19,0,0,0
2020-03-16,Azerbaijan,Europe,10139175,46,0.552313181299267,65,1,0.0986273538034406,1
2020-03-23,Azerbaijan,Europe,10139175,144,1.87391972226537,209,3,0.394509415213763,4
2020-03-30,Azerbaijan,Europe,10139175,375,5.11875966239857,584,3,0.591764122820644,7
2020-04-06,Azerbaijan,Europe,10139175,514,8.76797175312587,1098,4,0.690391476624084,11
2020-04-13,Azerbaijan,Europe,10139175,300,8.02826659960007,1398,8,1.1835282456412901,19
2020-04-20,Azerbaijan,Europe,10139175,247,5.3949162530482,1645,2,0.986273538034406,21
2020-04-27,Azerbaijan,Europe,10139175,287,5.26670069310373,1932,4,0.591764122820644,25
2020-05-04,Azerbaijan,Europe,10139175,587,8.62003072242071,2519,7,1.08490089183785,32
2020-05-11,Azerbaijan,Europe,10139175,755,13.2357908804217,3274,7,1.38078295324817,39
2020-05-18,Azerbaijan,Europe,10139175,848,15.8099648146915,4122,10,1.67666501465849,49
2020-05-25,Azerbaijan,Europe,10139175,1372,21.8952725443638,5494,14,2.3670564912825802,63
2020-06-01,Azerbaijan,Europe,10139175,2059,33.8390450899605,7553,25,3.84646679833418,88
2020-06-08,Azerbaijan,Europe,10139175,2404,44.0173880024756,9957,31,5.52313181299267,119
2020-06-15,Azerbaijan,Europe,10139175,2772,51.0495183286609,12729,35,6.50940535102708,154
2020-06-22,Azerbaijan,Europe,10139175,3695,63.7823097046851,16424,44,7.79156095047181,198
2020-06-29,Azerbaijan,Europe,10139175,3900,74.9074752137131,20324,52,9.4682259651303,250
2020-07-06,Azerbaijan,Europe,10139175,3717,75.1244553920807,24041,56,10.6517542107716,306
2020-07-13,Azerbaijan,Europe,10139175,3480,70.9821065323362,27521,48,10.2572447955578,354
2020-07-20,Azerbaijan,Europe,10139175,2529,59.2651769004875,30050,63,10.9476362721819,417
2020-07-27,Azerbaijan,Europe,10139175,2393,48.5443835420535,32443,45,10.6517542107716,462
2020-08-03,Azerbaijan,Europe,10139175,1125,34.6971030680504,33568,28,7.19979682765117,490
2020-08-10,Azerbaijan,Europe,10139175,651,17.5162180354911,34219,16,4.33960356735139,506
2020-08-17,Azerbaijan,Europe,10139175,1055,16.825826558867,35274,12,2.76156590649634,518
2020-08-24,Azerbaijan,Europe,10139175,1035,20.6131169449191,36309,13,2.46568384508601,531
2020-08-31,Azerbaijan,Europe,10139175,1020,20.2679212066071,37329,17,2.95882061410322,548
2020-09-07,Azerbaijan,Europe,10139175,998,19.9029999975343,38327,14,3.05744796790666,562
2020-09-14,Azerbaijan,Europe,10139175,861,18.3348250720596,39188,13,2.6629385526929,575
2020-09-21,Azerbaijan,Europe,10139175,835,16.7271992050635,40023,11,2.3670564912825802,586
2020-09-28,Azerbaijan,Europe,10139175,668,14.8236912766571,40691,10,2.07117442987225,596
2020-10-05,Azerbaijan,Europe,10139175,1291,19.321098610094,41982,13,2.26842913747913,609
2020-10-12,Azerbaijan,Europe,10139175,2982,42.1434682802102,44964,17,2.95882061410322,626
2020-10-19,Azerbaijan,Europe,10139175,4995,78.6750401290046,49959,45,6.11489593581332,671
2020-10-26,Azerbaijan,Europe,10139175,6485,113.22420216635,56444,69,11.2435183335922,740
2020-11-02,Azerbaijan,Europe,10139175,8967,152.398987097076,65411,100,16.6680227927815,840
2020-11-09,Azerbaijan,Europe,10139175,10277,189.798479659341,75688,127,22.388409313381,967
2020-11-16,Azerbaijan,Europe,10139175,17406,273.030103534065,93094,164,28.7005599568012,1131
2020-11-23,Azerbaijan,Europe,10139175,25101,419.235292812285,118195,230,38.8591773985556,1361
2020-11-30,Azerbaijan,Europe,10139175,28484,528.494675355737,146679,271,49.4123042555238,1632
2020-12-07,Azerbaijan,Europe,10139175,29195,568.872714002865,175874,290,55.3299454837302,1922
2020-12-14,Azerbaijan,Europe,10139175,26214,546.484304689484,202088,288,57.0066104983887,2210
2020-12-21,Azerbaijan,Europe,10139175,13395,390.653085680048,215483,328,60.7544499429194,2538
2020-12-28,Azerbaijan,Europe,10139175,4782,179.274941008514,220265,195,51.5821060391995,2733
2021-01-04,Azerbaijan,Europe,10139175,4562,92.1573993939349,224827,193,38.267413275735,2926
2021-01-11,Azerbaijan,Europe,10139175,2564,70.2818523203318,227391,96,28.5033052491943,3022
2021-01-18,Azerbaijan,Europe,10139175,1641,41.4728022743468,229032,71,16.4707680851746,3093
2021-01-25,Azerbaijan,Europe,10139175,1187,27.891815655613,230219,39,10.8490089183785,3132
2021-02-01,Azerbaijan,Europe,10139175,935,20.9287244770901,231154,26,6.41077799722364,3158
2021-02-08,Azerbaijan,Europe,10139175,1043,19.5084905823206,232197,25,5.02999504397547,3183
2021-02-15,Azerbaijan,Europe,10139175,1004,20.1890193235643,233201,19,4.33960356735139,3202
2021-02-22,Azerbaijan,Europe,10139175,1461,24.3116427125481,234662,21,3.94509415213763,3223
2020-03-09,Bahamas,America,393248,1,NA,1,0,NA,0
2020-03-16,Bahamas,America,393248,3,1.01716982667426,4,0,0,0
2020-03-23,Bahamas,America,393248,10,3.30580193669135,14,0,0,0
2020-03-30,Bahamas,America,393248,15,6.35731141671413,29,5,12.7146228334283,5
2020-04-06,Bahamas,America,393248,18,8.39165107006266,47,3,20.3433965334852,8
2020-04-13,Bahamas,America,393248,13,7.88306615672553,60,1,10.1716982667426,9
2020-04-20,Bahamas,America,393248,20,8.39165107006266,80,2,7.62877370005696,11
2020-04-27,Bahamas,America,393248,3,5.848726503377,83,0,5.08584913337131,11
2020-05-04,Bahamas,America,393248,9,3.05150948002278,92,0,0,11
2020-05-11,Bahamas,America,393248,4,3.30580193669135,96,0,0,11
2020-05-18,Bahamas,America,393248,4,2.03433965334852,100,0,0,11
2020-05-25,Bahamas,America,393248,2,1.52575474001139,102,0,0,11
2020-06-01,Bahamas,America,393248,1,0.762877370005696,103,0,0,11
2020-06-08,Bahamas,America,393248,0,0.254292456668565,103,0,0,11
2020-06-15,Bahamas,America,393248,1,0.254292456668565,104,0,0,11
2020-06-22,Bahamas,America,393248,0,0.254292456668565,104,0,0,11
2020-06-29,Bahamas,America,393248,0,0,104,0,0,11
2020-07-06,Bahamas,America,393248,7,1.78004719667996,111,0,0,11
2020-07-13,Bahamas,America,393248,42,12.4603303767597,153,0,0,11
2020-07-20,Bahamas,America,393248,189,58.7415574904386,342,0,0,11
2020-07-27,Bahamas,America,393248,306,125.87476605094,648,3,7.62877370005696,14
2020-08-03,Bahamas,America,393248,250,141.386605907722,898,1,10.1716982667426,15
2020-08-10,Bahamas,America,393248,417,169.613068597933,1315,3,10.1716982667426,18
2020-08-17,Bahamas,America,393248,450,220.471559931646,1765,11,35.6009439335992,29
2020-08-24,Bahamas,America,393248,402,216.657173081618,2167,14,63.5731141671414,43
2020-08-31,Bahamas,America,393248,379,198.60240865815,2546,15,73.744812433884,58
2020-09-07,Bahamas,America,393248,382,193.516559524778,2928,9,61.0301896004557,67
2020-09-14,Bahamas,America,393248,442,209.536984294898,3370,7,40.6867930669705,74
2020-09-21,Bahamas,America,393248,420,219.200097648303,3790,13,50.8584913337131,87
2020-09-28,Bahamas,America,393248,619,264.209862478639,4409,9,55.9443404670844,96
2020-10-05,Bahamas,America,393248,669,327.528684189112,5078,11,50.8584913337131,107
2020-10-12,Bahamas,America,393248,625,329.054438929124,5703,15,66.116038733827,122
2020-10-19,Bahamas,America,393248,707,338.717552282529,6410,10,63.5731141671414,132
2020-10-26,Bahamas,America,393248,304,257.08967369192,6714,12,55.9443404670844,144
2020-11-02,Bahamas,America,393248,233,136.55504923102,6947,8,50.8584913337131,152
2020-11-09,Bahamas,America,393248,239,120.026039547563,7186,4,30.5150948002279,156
2020-11-16,Bahamas,America,393248,227,118.500284807552,7413,7,27.9721702335422,163
2020-11-23,Bahamas,America,393248,83,78.8306615672553,7496,0,17.8004719667996,163
2020-11-30,Bahamas,America,393248,83,42.2125478069819,7579,0,0,163
2020-12-07,Bahamas,America,393248,95,45.2640572870046,7674,0,0,163
2020-12-14,Bahamas,America,393248,91,47.2983969403532,7765,1,2.54292456668565,164
2020-12-21,Bahamas,America,393248,69,40.6867930669705,7834,6,17.8004719667996,170
2020-12-28,Bahamas,America,393248,90,40.4325006103019,7924,5,27.9721702335422,175
2021-01-04,Bahamas,America,393248,80,43.2297176336561,8004,0,12.7146228334283,175
2021-01-11,Bahamas,America,393248,63,36.3638213036049,8067,0,0,175
2021-01-18,Bahamas,America,393248,66,32.8037269102449,8133,0,0,175
2021-01-25,Bahamas,America,393248,41,27.2092928635365,8174,1,2.54292456668565,176
2021-02-01,Bahamas,America,393248,115,39.6696232402962,8289,0,2.54292456668565,176
2021-02-08,Bahamas,America,393248,87,51.3670762470502,8376,3,7.62877370005696,179
2021-02-15,Bahamas,America,393248,95,46.2812271136789,8471,0,7.62877370005696,179
2021-02-22,Bahamas,America,393248,48,36.3638213036049,8519,0,0,179
2019-12-30,Bahrain,Asia,1701583,0,NA,0,0,NA,0
2020-01-06,Bahrain,Asia,1701583,0,0,0,0,0,0
2020-01-13,Bahrain,Asia,1701583,0,0,0,0,0,0
2020-01-20,Bahrain,Asia,1701583,0,0,0,0,0,0
2020-01-27,Bahrain,Asia,1701583,0,0,0,0,0,0
2020-02-03,Bahrain,Asia,1701583,0,0,0,0,0,0
2020-02-10,Bahrain,Asia,1701583,0,0,0,0,0,0
2020-02-17,Bahrain,Asia,1701583,1,0.0587688052830805,1,0,0,0
2020-02-24,Bahrain,Asia,1701583,46,2.76213384830479,47,0,0,0
2020-03-02,Bahrain,Asia,1701583,32,4.58396681208028,79,0,0,0
2020-03-09,Bahrain,Asia,1701583,135,9.81439048227445,214,0,0,0
2020-03-16,Bahrain,Asia,1701583,120,14.9860453471855,334,2,1.17537610566161,2
2020-03-23,Bahrain,Asia,1701583,166,16.807878310961,500,2,2.35075221132322,4
2020-03-30,Bahrain,Asia,1701583,200,21.5093827336075,700,0,1.17537610566161,4
2020-04-06,Bahrain,Asia,1701583,436,37.3769601600392,1136,2,1.17537610566161,6
2020-04-13,Bahrain,Asia,1701583,737,68.9358085970535,1873,1,1.76306415849242,7
2020-04-20,Bahrain,Asia,1701583,774,88.7996647827347,2647,1,1.17537610566161,8
2020-04-27,Bahrain,Asia,1701583,736,88.7408959774516,3383,0,0.587688052830805,8
2020-05-04,Bahrain,Asia,1701583,1558,134.815639319387,4941,0,0,8
2020-05-11,Bahrain,Asia,1701583,2015,209.980941276447,6956,4,2.35075221132322,12
2020-05-18,Bahrain,Asia,1701583,2182,246.652675773089,9138,2,3.52612831698483,14
2020-05-25,Bahrain,Asia,1701583,2260,261.051033067444,11398,5,4.11381636981564,19
2020-06-01,Bahrain,Asia,1701583,3365,330.574529717328,14763,7,7.05225663396966,26
2020-06-08,Bahrain,Asia,1701583,3781,419.961882552893,18544,17,14.1045132679393,43
2020-06-15,Bahrain,Asia,1701583,3220,411.440405786847,21764,20,21.7444579547398,63
2020-06-22,Bahrain,Asia,1701583,3941,420.84341463214,25705,20,23.5075221132322,83
2020-06-29,Bahrain,Asia,1701583,3662,446.819226567261,29367,14,19.9813937962474,97
2020-07-06,Bahrain,Asia,1701583,3574,425.251075028371,32941,12,15.2798893736009,109
2020-07-13,Bahrain,Asia,1701583,3481,414.613921272133,36422,17,17.0429535320934,126
2020-07-20,Bahrain,Asia,1701583,2709,363.778904702268,39131,14,18.218329637755,140
2020-07-27,Bahrain,Asia,1701583,2405,300.543670217674,41536,7,12.3414491094469,147
2020-08-03,Bahrain,Asia,1701583,2475,286.791769781433,44011,15,12.9291371622777,162
2020-08-10,Bahrain,Asia,1701583,2419,287.614533055396,46430,8,13.5168252151085,170
2020-08-17,Bahrain,Asia,1701583,2608,295.430784158046,49038,14,12.9291371622777,184
2020-08-24,Bahrain,Asia,1701583,2536,302.306734376166,51574,5,11.1660730037853,189
2020-08-31,Bahrain,Asia,1701583,3197,336.921560687901,54771,9,8.22763273963127,198
2020-09-07,Bahrain,Asia,1701583,4815,470.855667928041,59586,14,13.5168252151085,212
2020-09-14,Bahrain,Asia,1701583,4913,571.702937793807,64499,9,13.5168252151085,221
2020-09-21,Bahrain,Asia,1701583,4276,540.026551746227,68775,21,17.6306415849242,242
2020-09-28,Bahrain,Asia,1701583,3887,479.729757525786,72662,18,22.9198340604014,260
2020-10-05,Bahrain,Asia,1701583,2625,382.70246000342,75287,13,18.218329637755,273
2020-10-12,Bahrain,Asia,1701583,2615,307.948539683342,77902,27,23.5075221132322,300
2020-10-19,Bahrain,Asia,1701583,2353,291.963424646344,80255,12,22.9198340604014,312
2020-10-26,Bahrain,Asia,1701583,1668,236.309366043267,81923,9,12.3414491094469,321
2020-11-02,Bahrain,Asia,1701583,1533,188.118945711141,83456,8,9.99069689812369,329
2020-11-09,Bahrain,Asia,1701583,1247,163.377278686964,84703,6,8.22763273963127,335
2020-11-16,Bahrain,Asia,1701583,1002,132.171043081648,85705,3,5.28919247547725,338
2020-11-23,Bahrain,Asia,1701583,1082,122.47419020994,86787,3,3.52612831698483,341
2020-11-30,Bahrain,Asia,1701583,1143,130.760591754854,87930,0,1.76306415849242,341
2020-12-07,Bahrain,Asia,1701583,1213,138.459305246938,89143,7,4.11381636981564,348
2020-12-14,Bahrain,Asia,1701583,1139,138.224230025805,90282,1,4.70150442264644,349
2020-12-21,Bahrain,Asia,1701583,1451,152.211205683179,91733,2,1.76306415849242,351
2020-12-28,Bahrain,Asia,1701583,1745,187.825101684725,93478,1,1.76306415849242,352
2021-01-04,Bahrain,Asia,1701583,2080,224.790680207783,95558,4,2.93844026415403,356
2021-01-11,Bahrain,Asia,1701583,2049,242.65639701384,97607,4,4.70150442264644,360
2021-01-18,Bahrain,Asia,1701583,1849,229.080802993448,99456,7,6.46456858113886,367
2021-01-25,Bahrain,Asia,1701583,3601,320.289988792789,103057,8,8.81532079246208,375
2021-02-01,Bahrain,Asia,1701583,3891,440.295889180839,106948,6,8.22763273963127,381
2021-02-08,Bahrain,Asia,1701583,5794,569.175879166635,112742,22,16.4552654792626,403
2021-02-15,Bahrain,Asia,1701583,5067,638.287994179538,117809,23,26.4459623773862,426
2021-02-22,Bahrain,Asia,1701583,4585,567.236508592293,122394,23,27.033650430217,449
2020-03-02,Bangladesh,Asia,164689383,3,NA,3,0,NA,0
2020-03-09,Bangladesh,Asia,164689383,0,0.001821611050665,3,0,0,0
2020-03-16,Bangladesh,Asia,164689383,24,0.01457288840532,27,3,0.01821611050665,3
2020-03-23,Bangladesh,Asia,164689383,22,0.02793136944353,49,2,0.0303601841777499,5
2020-03-30,Bangladesh,Asia,164689383,39,0.0370394246968549,88,4,0.0364322210132999,9
2020-04-06,Bangladesh,Asia,164689383,533,0.347320506993459,621,25,0.17608906823095,34
2020-04-13,Bangladesh,Asia,164689383,1835,1.43785832265824,2456,57,0.497907020515099,91
2020-04-20,Bangladesh,Asia,164689383,2960,2.91154166264622,5416,54,0.673996088746049,145
2020-04-27,Bangladesh,Asia,164689383,4039,4.24981858120144,9455,32,0.522195167857299,177
2020-05-04,Bangladesh,Asia,164689383,5202,5.61116923973174,14657,51,0.503979057350649,228
2020-05-11,Bangladesh,Asia,164689383,7611,7.7801007973902,22268,100,0.916877562168048,328
2020-05-18,Bangladesh,Asia,164689383,11342,11.5083314144179,33610,152,1.5301532825586,480
2020-05-25,Bangladesh,Asia,164689383,13543,15.1102636652662,47153,170,1.9551958610471,650
2020-06-01,Bangladesh,Asia,164689383,18616,19.5270632594452,65769,238,2.4773910289044,888
2020-06-08,Bangladesh,Asia,164689383,21751,24.5109910940646,87520,283,3.16353119132154,1171
2020-06-15,Bangladesh,Asia,164689383,24786,28.257437821599,112306,293,3.49749321727679,1464
2020-06-22,Bangladesh,Asia,164689383,25481,30.5223075612591,137787,274,3.44284488575684,1738
2020-06-29,Bangladesh,Asia,164689383,24630,30.4275837866246,162417,314,3.57035765930339,2052
2020-07-06,Bangladesh,Asia,164689383,21378,27.9362270729984,183795,300,3.72823061702769,2352
2020-07-13,Bangladesh,Asia,164689383,20730,25.5681327071339,204525,266,3.43677284892129,2618
2020-07-20,Bangladesh,Asia,164689383,18928,24.0804836824241,223453,310,3.49749321727679,2928
2020-07-27,Bangladesh,Asia,164689383,17293,21.9935246220456,240746,226,3.25461174385479,3154
2020-08-03,Bangladesh,Asia,164689383,16854,20.7341841823525,257600,245,2.85992934954405,3399
2020-08-10,Bangladesh,Asia,164689383,18949,21.7397134823196,276549,258,3.05423452828164,3657
2020-08-17,Bangladesh,Asia,164689383,18049,22.4653218841679,294598,284,3.29104396486809,3941
2020-08-24,Bangladesh,Asia,164689383,16224,20.8106918464805,310822,307,3.58857376981004,4248
2020-08-31,Bangladesh,Asia,164689383,14335,18.5555373657572,325157,201,3.08459471245939,4449
2020-09-07,Bangladesh,Asia,164689383,12363,16.2111239435514,337520,284,2.94493786524174,4733
2020-09-14,Bangladesh,Asia,164689383,11396,14.4265523175832,348916,206,2.97529804941949,4939
2020-09-21,Bangladesh,Asia,164689383,10232,13.1326012679275,359148,222,2.5988317656154,5161
2020-09-28,Bangladesh,Asia,164689383,9542,12.0068456386166,368690,187,2.48346306573995,5348
2020-10-05,Bangladesh,Asia,164689383,9576,11.6085200222045,378266,176,2.20414937130465,5524
2020-10-12,Bangladesh,Asia,164689383,10303,12.0706020253898,388569,136,1.8944754926916,5660
2020-10-19,Bangladesh,Asia,164689383,10246,12.4774284933717,398815,143,1.69409827711845,5803
2020-10-26,Bangladesh,Asia,164689383,10437,12.558793786968,409252,138,1.7062423507895501,5941
2020-11-02,Bangladesh,Asia,164689383,10986,13.0081245127987,420238,126,1.6030177245852,6067
2020-11-09,Bangladesh,Asia,164689383,12095,14.0148682201329,432333,127,1.53622531939415,6194
2020-11-16,Bangladesh,Asia,164689383,15008,16.4570414353911,447341,194,1.94912382421155,6388
2020-11-23,Bangladesh,Asia,164689383,15066,18.261043579233,462407,221,2.51989528675325,6609
2020-11-30,Bangladesh,Asia,164689383,15138,18.3399800580952,477545,229,2.7324165759975,6838
2020-12-07,Bangladesh,Asia,164689383,12988,17.0782108036679,490533,214,2.68991231814864,7052
2020-12-14,Bangladesh,Asia,164689383,10180,14.0676949406022,500713,228,2.6838402813131,7280
2020-12-21,Bangladesh,Asia,164689383,8435,11.3030965693763,509148,172,2.42881473422,7452
2020-12-28,Bangladesh,Asia,164689383,6871,9.29385958049281,516019,174,2.1009247451003,7626
2021-01-04,Bangladesh,Asia,164689383,6434,8.07884500969926,522453,155,1.99770011889595,7781
2021-01-11,Bangladesh,Asia,164689383,5179,7.0514563771242,527632,125,1.700170313954,7906
2021-01-18,Bangladesh,Asia,164689383,4167,5.67492562650502,531799,117,1.4694329142031,8023
2021-01-25,Bangladesh,Asia,164689383,3340,4.55827805244738,535139,104,1.34192014065655,8127
2021-02-01,Bangladesh,Asia,164689383,2923,3.80291667010496,538062,78,1.1051107040701,8205
2021-02-08,Bangladesh,Asia,164689383,2566,3.33294101903339,540628,80,0.959381820016898,8285
2021-02-15,Bangladesh,Asia,164689383,2723,3.21150028232239,543351,71,0.916877562168048,8356
2021-02-22,Bangladesh,Asia,164689383,2865,3.39305418370533,546216,52,0.746860530772649,8408
2020-03-16,Barbados,America,287371,17,NA,17,0,NA,0
2020-03-23,Barbados,America,287371,16,11.4834134272421,33,0,0,0
2020-03-30,Barbados,America,287371,23,13.5713067776498,56,1,3.47982225067944,1
2020-04-06,Barbados,America,287371,15,13.2233245525819,71,3,13.9192890027177,4
2020-04-13,Barbados,America,287371,4,6.61166227629093,75,1,13.9192890027177,5
2020-04-20,Barbados,America,287371,4,2.78385780054355,79,1,6.95964450135887,6
2020-04-27,Barbados,America,287371,3,2.43587557547561,82,1,6.95964450135887,7
2020-05-04,Barbados,America,287371,2,1.73991112533972,84,0,3.47982225067944,7
2020-05-11,Barbados,America,287371,4,2.08789335040766,88,0,0,7
2020-05-18,Barbados,America,287371,4,2.78385780054355,92,0,0,7
2020-05-25,Barbados,America,287371,0,1.39192890027177,92,0,0,7
2020-06-01,Barbados,America,287371,0,0,92,0,0,7
2020-06-08,Barbados,America,287371,4,1.39192890027177,96,0,0,7
2020-06-15,Barbados,America,287371,1,1.73991112533972,97,0,0,7
2020-06-22,Barbados,America,287371,0,0.347982225067944,97,0,0,7
2020-06-29,Barbados,America,287371,1,0.347982225067944,98,0,0,7
2020-07-06,Barbados,America,287371,5,2.08789335040766,103,0,0,7
2020-07-13,Barbados,America,287371,2,2.43587557547561,105,0,0,7
2020-07-20,Barbados,America,287371,5,2.43587557547561,110,0,0,7
2020-07-27,Barbados,America,287371,22,9.39552007683448,132,0,0,7
2020-08-03,Barbados,America,287371,10,11.1354312021742,142,0,0,7
2020-08-10,Barbados,America,287371,9,6.61166227629093,151,0,0,7
2020-08-17,Barbados,America,287371,10,6.61166227629093,161,0,0,7
2020-08-24,Barbados,America,287371,12,7.65560895149476,173,0,0,7
2020-08-31,Barbados,America,287371,6,6.26368005122298,179,0,0,7
2020-09-07,Barbados,America,287371,2,2.78385780054355,181,0,0,7
2020-09-14,Barbados,America,287371,8,3.47982225067944,189,0,0,7
2020-09-21,Barbados,America,287371,1,3.13184002561149,190,0,0,7
2020-09-28,Barbados,America,287371,9,3.47982225067944,199,0,0,7
2020-10-05,Barbados,America,287371,9,6.26368005122298,208,0,0,7
2020-10-12,Barbados,America,287371,14,8.0035911765627,222,0,0,7
2020-10-19,Barbados,America,287371,5,6.61166227629093,227,0,0,7
2020-10-26,Barbados,America,287371,10,5.21973337601915,237,0,0,7
2020-11-02,Barbados,America,287371,5,5.21973337601915,242,0,0,7
2020-11-09,Barbados,America,287371,8,4.52376892588327,250,0,0,7
2020-11-16,Barbados,America,287371,9,5.91569782615504,259,0,0,7
2020-11-23,Barbados,America,287371,16,8.69955562669859,275,0,0,7
2020-11-30,Barbados,America,287371,12,9.74350230190242,287,0,0,7
2020-12-07,Barbados,America,287371,9,7.30762672642681,296,0,0,7
2020-12-14,Barbados,America,287371,26,12.179377877378,322,0,0,7
2020-12-21,Barbados,America,287371,40,22.9668268544843,362,0,0,7
2020-12-28,Barbados,America,287371,244,98.826951919296,606,0,0,7
2021-01-04,Barbados,America,287371,278,181.646721485467,884,0,0,7
2021-01-11,Barbados,America,287371,211,170.163308058224,1095,0,0,7
2021-01-18,Barbados,America,287371,306,179.906810360127,1401,3,10.4394667520383,10
2021-01-25,Barbados,America,287371,157,161.115770206458,1558,4,24.3587557547561,14
2021-02-01,Barbados,America,287371,174,115.182116497489,1732,4,27.8385780054355,18
2021-02-08,Barbados,America,287371,536,247.06737979824,2268,6,34.7982225067944,24
2021-02-15,Barbados,America,287371,523,368.513176346952,2791,7,45.2376892588327,31
2021-02-22,Barbados,America,287371,324,294.740944632548,3115,5,41.7578670081532,36
2019-12-30,Belarus,Europe,9449321,0,NA,0,0,NA,0
2020-01-06,Belarus,Europe,9449321,0,0,0,0,0,0
2020-01-13,Belarus,Europe,9449321,0,0,0,0,0,0
2020-01-20,Belarus,Europe,9449321,0,0,0,0,0,0
2020-01-27,Belarus,Europe,9449321,0,0,0,0,0,0
2020-02-03,Belarus,Europe,9449321,0,0,0,0,0,0
2020-02-10,Belarus,Europe,9449321,0,0,0,0,0,0
2020-02-17,Belarus,Europe,9449321,0,0,0,0,0,0
2020-02-24,Belarus,Europe,9449321,1,0.0105827709737028,1,0,0,0
2020-03-02,Belarus,Europe,9449321,5,0.0634966258422166,6,0,0,0
2020-03-09,Belarus,Europe,9449321,21,0.275152045316272,27,0,0,0
2020-03-16,Belarus,Europe,9449321,49,0.740793968159194,76,0,0,0
2020-03-23,Belarus,Europe,9449321,18,0.709045655238085,94,0,0,0
2020-03-30,Belarus,Europe,9449321,470,5.16439223516695,564,8,0.846621677896221,8
2020-04-06,Belarus,Europe,9449321,2014,26.2876030986777,2578,18,2.75152045316272,26
2020-04-13,Belarus,Europe,9449321,3229,55.4854682151236,5807,21,4.12728067974408,47
2020-04-20,Belarus,Europe,9449321,4656,83.4451491276463,10463,25,4.86807464790327,72
2020-04-27,Belarus,Europe,9449321,6242,115.331038071413,16705,27,5.50304090632544,99
2020-05-04,Belarus,Europe,9449321,6268,132.390464881022,22973,32,6.24383487448463,131
2020-05-11,Belarus,Europe,9449321,6677,136.993970254582,29650,34,6.98462884264383,165
2020-05-18,Belarus,Europe,9449321,6548,139.957146127219,36198,34,7.19628426211788,199
2020-05-25,Belarus,Europe,9449321,6358,136.581242186608,42556,36,7.40793968159194,235
2020-06-01,Belarus,Europe,9449321,6074,131.565008745073,48630,34,7.40793968159194,269
2020-06-08,Belarus,Europe,9449321,5343,120.823496206765,53973,39,7.72542281080302,308
2020-06-15,Belarus,Europe,9449321,4532,104.504863365315,58505,38,8.14873364975113,346
2020-06-22,Belarus,Europe,9449321,2970,79.3919478447182,61475,37,7.93707823027708,383
2020-06-29,Belarus,Europe,9449321,2079,53.4324106462253,63554,40,8.14873364975113,423
2020-07-06,Belarus,Europe,9449321,1378,36.5846392560905,64932,41,8.57204448869924,464
2020-07-13,Belarus,Europe,9449321,1163,26.8908210441787,66095,35,8.0429059400141,499
2020-07-20,Belarus,Europe,9449321,1037,23.2820961421461,67132,35,7.40793968159194,534
2020-07-27,Belarus,Europe,9449321,935,20.8692243601419,68067,33,7.19628426211788,567
2020-08-03,Belarus,Europe,9449321,783,18.1812005328214,68850,20,5.60886861606247,587
2020-08-10,Belarus,Europe,9449321,666,15.3344351408953,69516,23,4.55059151869219,610
2020-08-17,Belarus,Europe,9449321,952,17.1229234354511,70468,32,5.82052403553652,642
2020-08-24,Belarus,Europe,9449321,1219,22.9751957839087,71687,34,6.98462884264383,676
2020-08-31,Belarus,Europe,9449321,1172,25.3034053981233,72859,35,7.30211197185491,711
2020-09-07,Belarus,Europe,9449321,1314,26.3087686406251,74173,39,7.83125052054005,750
2020-09-14,Belarus,Europe,9449321,1501,29.7905002909733,75674,30,7.30211197185491,780
2020-09-21,Belarus,Europe,9449321,1935,36.3624010656427,77609,38,7.19628426211788,818
2020-09-28,Belarus,Europe,9449321,2686,48.9029846694805,80295,39,8.14873364975113,857
2020-10-05,Belarus,Europe,9449321,3239,62.7029180191889,83534,39,8.25456135948816,896
2020-10-12,Belarus,Europe,9449321,4164,78.3442535183216,87698,33,7.61959510106599,929
2020-10-19,Belarus,Europe,9449321,5125,98.303359574725,92823,28,6.45549029395869,957
2020-10-26,Belarus,Europe,9449321,6636,124.463969421718,99459,28,5.92635174527355,985
2020-11-02,Belarus,Europe,9449321,6820,142.401766222144,106279,22,5.29138548685138,1007
2020-11-09,Belarus,Europe,9449321,7906,155.841885358747,114185,39,6.45549029395869,1046
2020-11-16,Belarus,Europe,9449321,9814,187.526701654013,123999,50,9.41866616659546,1096
2020-11-23,Belarus,Europe,9449321,11009,220.365039985413,135008,55,11.1119095223879,1151
2020-11-30,Belarus,Europe,9449321,12149,245.075810209009,147157,56,11.7468757808101,1207
2020-12-07,Belarus,Europe,9449321,13138,267.606529612022,160295,56,11.8527034905471,1263
2020-12-14,Belarus,Europe,9449321,13228,279.025339492647,173523,61,12.3818420392322,1324
2020-12-21,Belarus,Europe,9449321,15065,299.418339158972,188588,70,13.8634299755506,1394
2020-12-28,Belarus,Europe,9449321,11374,279.797881773728,199962,57,13.4401191366025,1451
2021-01-04,Belarus,Europe,9449321,14031,268.855296586919,213993,75,13.9692576852877,1526
2021-01-11,Belarus,Europe,9449321,13367,289.946759137508,227360,65,14.8158793631839,1591
2021-01-18,Belarus,Europe,9449321,10251,249.943884856912,237611,58,13.0168082976544,1649
2021-01-25,Belarus,Europe,9449321,10725,221.984203944389,248336,69,13.4401191366025,1718
2021-02-01,Belarus,Europe,9449321,10163,221.052920098703,258499,65,14.1809131047617,1783
2021-02-08,Belarus,Europe,9449321,10188,215.369972085825,268687,66,13.8634299755506,1849
2021-02-15,Belarus,Europe,9449321,10769,221.783131295889,279456,72,14.6042239437098,1921
2021-02-22,Belarus,Europe,9449321,8811,207.2106556651,288267,64,14.3925685242358,1985
2019-12-30,Belgium,Europe,11522440,0,NA,0,0,NA,0
2020-01-06,Belgium,Europe,11522440,0,0,0,0,0,0
2020-01-13,Belgium,Europe,11522440,0,0,0,0,0,0
2020-01-20,Belgium,Europe,11522440,0,0,0,0,0,0
2020-01-27,Belgium,Europe,11522440,0,0,0,0,0,0
2020-02-03,Belgium,Europe,11522440,0,0,0,0,0,0
2020-02-10,Belgium,Europe,11522440,0,0,0,0,0,0
2020-02-17,Belgium,Europe,11522440,343,2.9768000527666,343,0,0,0
2020-02-24,Belgium,Europe,11522440,-324,0.164895629745089,19,0,0,0
2020-03-02,Belgium,Europe,11522440,388,0.555437910720299,407,0,0,0
2020-03-09,Belgium,Europe,11522440,1348,15.0662533282881,1755,18,1.56216912390084,18
2020-03-16,Belgium,Europe,11522440,3673,43.5758398394784,5428,198,18.7460294868101,216
2020-03-23,Belgium,Europe,11522440,8130,102.43490094112,13558,782,85.0514300790458,998
2020-03-30,Belgium,Europe,11522440,9694,154.689458135603,23252,1584,205.338452619411,2582
2020-04-06,Belgium,Europe,11522440,11175,181.116152481593,34427,1979,309.222699358816,4561
2020-04-13,Belgium,Europe,11522440,7963,166.093292740079,42390,1667,316.42603476347,6228
2020-04-20,Belgium,Europe,11522440,5703,118.603351373494,48093,1195,248.384890700234,7423
2020-04-27,Belgium,Europe,11522440,3095,76.3553552893311,51188,698,164.288119530238,8121
2020-05-04,Belgium,Europe,11522440,3051,53.3393968638587,54239,535,107.008584987208,8656
2020-05-11,Belgium,Europe,11522440,2071,44.4523902923339,56310,314,73.6823103439896,8970
2020-05-18,Belgium,Europe,11522440,1510,31.0784868482717,57820,230,47.2122224112254,9200
2020-05-25,Belgium,Europe,11522440,1144,23.0333158601824,58964,160,33.8469976845182,9360
2020-06-01,Belgium,Europe,11522440,847,17.2793262538143,59811,113,23.6928983791628,9473
2020-06-08,Belgium,Europe,11522440,671,13.1742929448971,60482,58,14.840606677058,9531
2020-06-15,Belgium,Europe,11522440,668,11.6208025383512,61150,43,8.76550452855472,9574
2020-06-22,Belgium,Europe,11522440,607,11.065364627631,61757,39,7.11654823110383,9613
2020-06-29,Belgium,Europe,11522440,637,10.7963243896258,62394,25,5.55437910720299,9638
2020-07-06,Belgium,Europe,11522440,704,11.6381599730613,63098,13,3.29791259490177,9651
2020-07-13,Belgium,Europe,11522440,1385,18.1298405546048,64483,19,2.77718955360149,9670
2020-07-20,Belgium,Europe,11522440,2489,33.6213510332881,66972,15,2.95076390070159,9685
2020-07-27,Belgium,Europe,11522440,3759,54.2246260340692,70731,20,3.03755107425163,9705
2020-08-03,Belgium,Europe,11522440,4340,70.2889318581828,75071,30,4.33935867750234,9735
2020-08-10,Belgium,Europe,11522440,3751,70.2195021193428,78822,75,9.1126532227549,9810
2020-08-17,Belgium,Europe,11522440,3453,62.5214798254536,82275,42,10.1540993053555,9852
2020-08-24,Belgium,Europe,11522440,3121,57.0538878918007,85396,28,6.07510214850327,9880
2020-08-31,Belgium,Europe,11522440,3655,58.8069887975116,89051,17,3.9054228097521,9897
2020-09-07,Belgium,Europe,11522440,6158,85.1642534046608,95209,19,3.12433824780168,9916
2020-09-14,Belgium,Europe,11522440,10108,141.168016496506,105317,27,3.99220998330215,9943
2020-09-21,Belgium,Europe,11522440,11274,185.56833448471,116591,39,5.72795345430308,9982
2020-09-28,Belgium,Europe,11522440,18884,261.732757992231,135475,84,10.6748223466557,10066
2020-10-05,Belgium,Europe,11522440,38831,500.892172144095,174306,139,19.3535397016604,10205
2020-10-12,Belgium,Europe,11522440,72200,963.606666643524,246506,236,32.5451900812675,10441
2020-10-19,Belgium,Europe,11522440,105333,1540.75872818604,351839,502,64.0489340799345,10943
2020-10-26,Belgium,Europe,11522440,99548,1778.10429041071,451387,1056,135.214416390973,11999
2020-11-02,Belgium,Europe,11522440,53994,1332.54762012213,505381,1411,214.103957147965,13410
2020-11-09,Belgium,Europe,11522440,33962,763.345263676791,539343,1328,237.710068353578,14738
2020-11-16,Belgium,Europe,11522440,22306,488.334068131403,561649,1123,212.715362371164,15861
2020-11-23,Belgium,Europe,11522440,16255,334.660019926335,577904,874,173.313985579443,16735
2020-11-30,Belgium,Europe,11522440,15276,273.648636920652,593180,699,136.516223994224,17434
2020-12-07,Belgium,Europe,11522440,16796,278.34382300971,609976,666,118.464491895814,18100
2020-12-14,Belgium,Europe,11522440,17684,299.242174400561,627660,654,114.559069086062,18754
2020-12-21,Belgium,Europe,11522440,12586,262.704774335991,640246,534,103.103162177456,19288
2020-12-28,Belgium,Europe,11522440,11395,208.124320890367,651641,456,85.9193018145462,19744
2021-01-04,Belgium,Europe,11522440,14748,226.887707811887,666389,384,72.9012257820392,20128
2021-01-11,Belgium,Europe,11522440,14074,250.137991605945,680463,345,63.267849517984,20473
2021-01-18,Belgium,Europe,11522440,15319,255.093539215652,695782,372,62.2264034353835,20845
2021-01-25,Belgium,Europe,11522440,16876,279.411305244375,712658,297,58.0606191049812,21142
2021-02-01,Belgium,Europe,11522440,15253,278.838509898945,727911,303,52.072304130028,21445
2021-02-08,Belgium,Europe,11522440,12816,243.602917437626,740727,280,50.5969221796772,21725
2021-02-15,Belgium,Europe,11522440,15536,246.058994449092,756263,213,42.786076560173,21938
2021-02-22,Belgium,Europe,11522440,16612,279.00340552869,772875,173,33.499848990318,22111
2020-03-23,Belize,America,397621,2,NA,2,0,NA,0
2020-03-30,Belize,America,397621,3,1.25747885549305,5,1,2.51495771098609,1
2020-04-06,Belize,America,397621,9,3.01794925318331,14,1,5.02991542197218,2
2020-04-13,Belize,America,397621,4,3.26944502428192,18,0,2.51495771098609,2
2020-04-20,Belize,America,397621,0,1.00598308439444,18,0,0,2
2020-04-27,Belize,America,397621,0,0,18,0,0,2
2020-05-04,Belize,America,397621,0,0,18,0,0,2
2020-05-11,Belize,America,397621,0,0,18,0,0,2
2020-05-18,Belize,America,397621,0,0,18,0,0,2
2020-05-25,Belize,America,397621,0,0,18,0,0,2
2020-06-01,Belize,America,397621,0,0,18,0,0,2
2020-06-08,Belize,America,397621,3,0.754487313295827,21,0,0,2
2020-06-15,Belize,America,397621,1,1.00598308439444,22,0,0,2
2020-06-22,Belize,America,397621,2,0.754487313295827,24,0,0,2
2020-06-29,Belize,America,397621,6,2.01196616878887,30,0,0,2
2020-07-06,Belize,America,397621,7,3.26944502428192,37,0,0,2
2020-07-13,Belize,America,397621,3,2.51495771098609,40,0,0,2
2020-07-20,Belize,America,397621,8,2.7664534820847,48,0,0,2
2020-07-27,Belize,America,397621,9,4.27542810867635,57,0,0,2
2020-08-03,Belize,America,397621,97,26.6585517364526,154,0,0,2
2020-08-10,Belize,America,397621,298,99.3408295839506,452,1,2.51495771098609,3
2020-08-17,Belize,America,397621,234,133.79575022446,686,3,10.0598308439444,6
2020-08-24,Belize,America,397621,308,136.310707935446,994,7,25.1495771098609,13
2020-08-31,Belize,America,397621,267,144.6100683817,1261,2,22.6346193988748,15
2020-09-07,Belize,America,397621,219,122.226944753924,1480,4,15.0897462659165,19
2020-09-14,Belize,America,397621,147,92.0474522220909,1627,2,15.0897462659165,21
2020-09-21,Belize,America,397621,227,94.0594183908798,1854,3,12.5747885549305,24
2020-09-28,Belize,America,397621,342,143.101093755109,2196,6,22.6346193988748,30
2020-10-05,Belize,America,397621,231,144.107076839503,2427,5,27.664534820847,35
2020-10-12,Belize,America,397621,386,155.172890767842,2813,9,35.2094079538053,44
2020-10-19,Belize,America,397621,332,180.573963648801,3145,6,37.7243656647914,50
2020-10-26,Belize,America,397621,317,163.220755442997,3462,8,35.2094079538053,58
2020-11-02,Belize,America,397621,714,259.292140002666,4176,12,50.2991542197218,70
2020-11-09,Belize,America,397621,685,351.842583766954,4861,20,80.4786467515549,90
2020-11-16,Belize,America,397621,322,253.256241496299,5183,26,115.68805470536,116
2020-11-23,Belize,America,397621,560,221.819270108973,5743,31,143.352589526207,147
2020-11-30,Belize,America,397621,2026,650.368064061003,7769,26,143.352589526207,173
2020-12-07,Belize,America,397621,1526,893.312978942259,9295,22,120.717970127332,195
2020-12-14,Belize,America,397621,850,597.553952130295,10145,29,128.262843260291,224
2020-12-21,Belize,America,397621,416,318.393646210839,10561,9,95.5683930174714,233
2020-12-28,Belize,America,397621,340,190.130802950548,10901,17,65.3889004856383,250
2021-01-04,Belize,America,397621,402,186.609862155168,11303,24,103.11326615043,274
2021-01-11,Belize,America,397621,205,152.657933056856,11508,7,77.9636890405688,281
2021-01-18,Belize,America,397621,262,117.44852510305,11770,12,47.7841965087357,293
2021-01-25,Belize,America,397621,175,109.903651970092,11945,9,52.8141119307079,302
2021-02-01,Belize,America,397621,125,75.4487313295827,12070,5,35.2094079538053,307
2021-02-08,Belize,America,397621,105,57.8440273526801,12175,6,27.664534820847,313
2021-02-15,Belize,America,397621,80,46.5267176532427,12255,1,17.6047039769026,314
2021-02-22,Belize,America,397621,58,34.706416411608,12313,0,2.51495771098609,314
2020-03-16,Benin,Africa,12123198,2,NA,2,0,NA,0
2020-03-23,Benin,Africa,12123198,4,0.0494918914959568,6,0,0,0
2020-03-30,Benin,Africa,12123198,16,0.164972971653189,22,0,0,0
2020-04-06,Benin,Africa,12123198,13,0.239210808897124,35,1,0.0824864858265946,1
2020-04-13,Benin,Africa,12123198,2,0.123729728739892,37,0,0.0824864858265946,1
2020-04-20,Benin,Africa,12123198,27,0.239210808897124,64,0,0,1
2020-04-27,Benin,Africa,12123198,26,0.437178374880951,90,1,0.0824864858265946,2
2020-05-04,Benin,Africa,12123198,229,2.10340538857816,319,0,0.0824864858265946,2
2020-05-11,Benin,Africa,12123198,20,2.05391349708221,339,0,0,2
2020-05-18,Benin,Africa,12123198,-148,-1.05582701858041,191,1,0.0824864858265946,3
2020-05-25,Benin,Africa,12123198,41,-0.882605398344562,232,0,0.0824864858265946,3
2020-06-01,Benin,Africa,12123198,36,0.635145940864778,268,1,0.0824864858265946,4
2020-06-08,Benin,Africa,12123198,202,1.96317836267295,470,3,0.329945943306378,7
2020-06-15,Benin,Africa,12123198,295,4.09957834558175,765,6,0.742378372439352,13
2020-06-22,Benin,Africa,12123198,384,5.60083238762577,1149,3,0.742378372439352,16
2020-06-29,Benin,Africa,12123198,50,3.57991348487421,1199,5,0.659891886612757,21
2020-07-06,Benin,Africa,12123198,179,1.88894052542902,1378,5,0.824864858265946,26
2020-07-13,Benin,Africa,12123198,224,3.32420537881176,1602,5,0.824864858265946,31
2020-07-20,Benin,Africa,12123198,168,3.23347024440251,1770,4,0.742378372439352,35
2020-07-27,Benin,Africa,12123198,35,1.67447566227987,1805,1,0.412432429132973,36
2020-08-03,Benin,Africa,12123198,131,1.36927566472147,1936,2,0.247459457479784,38
2020-08-10,Benin,Africa,12123198,127,2.12815133432614,2063,1,0.247459457479784,39
2020-08-17,Benin,Africa,12123198,52,1.47650809629604,2115,0,0.0824864858265946,39
2020-08-24,Benin,Africa,12123198,30,0.676389183778076,2145,1,0.0824864858265946,40
2020-08-31,Benin,Africa,12123198,68,0.808367561100627,2213,0,0.0824864858265946,40
2020-09-07,Benin,Africa,12123198,54,1.00633512708445,2267,0,0,40
2020-09-14,Benin,Africa,12123198,13,0.552659455038184,2280,0,0,40
2020-09-21,Benin,Africa,12123198,60,0.602151346534141,2340,0,0,40
2020-09-28,Benin,Africa,12123198,17,0.635145940864778,2357,1,0.0824864858265946,41
2020-10-05,Benin,Africa,12123198,54,0.585654049368822,2411,0,0.0824864858265946,41
2020-10-12,Benin,Africa,12123198,85,1.14656215298967,2496,0,0,41
2020-10-19,Benin,Africa,12123198,61,1.20430269306828,2557,0,0,41
2020-10-26,Benin,Africa,12123198,86,1.21255134165094,2643,0,0,41
2020-11-02,Benin,Africa,12123198,102,1.55074593353998,2745,2,0.164972971653189,43
2020-11-09,Benin,Africa,12123198,99,1.65797836511455,2844,0,0.164972971653189,43
2020-11-16,Benin,Africa,12123198,72,1.41051890763477,2916,0,0,43
2020-11-23,Benin,Africa,12123198,58,1.07232431574573,2974,0,0,43
2020-11-30,Benin,Africa,12123198,81,1.14656215298967,3055,1,0.0824864858265946,44
2020-12-07,Benin,Africa,12123198,35,0.956843235588497,3090,0,0.0824864858265946,44
2020-12-14,Benin,Africa,12123198,77,0.92384864125786,3167,0,0,44
2020-12-21,Benin,Africa,12123198,38,0.948594587005838,3205,0,0,44
2020-12-28,Benin,Africa,12123198,46,0.692886480943395,3251,0,0,44
2021-01-04,Benin,Africa,12123198,53,0.816616209683287,3304,0,0,44
2021-01-11,Benin,Africa,12123198,109,1.33628107039083,3413,2,0.164972971653189,46
2021-01-18,Benin,Africa,12123198,230,2.79629186952156,3643,2,0.329945943306378,48
2021-01-25,Benin,Africa,12123198,250,3.95935131967654,3893,4,0.494918914959568,52
2021-02-01,Benin,Africa,12123198,300,4.5367567204627,4193,3,0.577405400786162,55
2021-02-08,Benin,Africa,12123198,367,5.50184860463386,4560,1,0.329945943306378,56
2021-02-15,Benin,Africa,12123198,874,10.2365728910804,5434,14,1.23729728739892,70
2021-02-22,Benin,Africa,12123198,200,8.85904857777626,5634,0,1.15481080157232,70
2020-03-16,Bermuda,America,62273,6,NA,6,0,NA,0
2020-03-23,Bermuda,America,62273,16,35.3283124307485,22,0,0,0
2020-03-30,Bermuda,America,62273,15,49.780803879691,37,0,0,0
2020-04-06,Bermuda,America,62273,20,56.2041334125544,57,4,64.2332953286336,4
2020-04-13,Bermuda,America,62273,29,78.6857867775762,86,1,80.291619160792,5
2020-04-20,Bermuda,America,62273,23,83.5032839272237,109,0,16.0583238321584,5
2020-04-27,Bermuda,America,62273,6,46.5691391132594,115,2,32.1166476643168,7
2020-05-04,Bermuda,America,62273,3,14.4524914489426,118,0,32.1166476643168,7
2020-05-11,Bermuda,America,62273,5,12.8466590657267,123,2,32.1166476643168,9
2020-05-18,Bermuda,America,62273,10,24.0874857482376,133,0,32.1166476643168,9
2020-05-25,Bermuda,America,62273,7,27.2991505146693,140,0,0,9
2020-06-01,Bermuda,America,62273,1,12.8466590657267,141,0,0,9
2020-06-08,Bermuda,America,62273,3,6.42332953286336,144,0,0,9
2020-06-15,Bermuda,America,62273,2,8.0291619160792,146,0,0,9
2020-06-22,Bermuda,America,62273,0,3.21166476643168,146,0,0,9
2020-06-29,Bermuda,America,62273,0,0,146,0,0,9
2020-07-06,Bermuda,America,62273,4,6.42332953286336,150,0,0,9
2020-07-13,Bermuda,America,62273,3,11.2408266825109,153,0,0,9
2020-07-20,Bermuda,America,62273,1,6.42332953286336,154,0,0,9
2020-07-27,Bermuda,America,62273,2,4.81749714964752,156,0,0,9
2020-08-03,Bermuda,America,62273,2,6.42332953286336,158,0,0,9
2020-08-10,Bermuda,America,62273,4,9.63499429929504,162,0,0,9
2020-08-17,Bermuda,America,62273,5,14.4524914489426,167,0,0,9
2020-08-24,Bermuda,America,62273,2,11.2408266825109,169,0,0,9
2020-08-31,Bermuda,America,62273,6,12.8466590657267,175,0,0,9
2020-09-07,Bermuda,America,62273,2,12.8466590657267,177,0,0,9
2020-09-14,Bermuda,America,62273,3,8.0291619160792,180,0,0,9
2020-09-21,Bermuda,America,62273,1,6.42332953286336,181,0,0,9
2020-09-28,Bermuda,America,62273,0,1.60583238321584,181,0,0,9
2020-10-05,Bermuda,America,62273,3,4.81749714964752,184,0,0,9
2020-10-12,Bermuda,America,62273,1,6.42332953286336,185,0,0,9
2020-10-19,Bermuda,America,62273,6,11.2408266825109,191,0,0,9
2020-10-26,Bermuda,America,62273,8,22.4816533650218,199,0,0,9
2020-11-02,Bermuda,America,62273,10,28.904982897885098,209,0,0,9
2020-11-09,Bermuda,America,62273,13,36.9341448139643,222,0,0,9
2020-11-16,Bermuda,America,62273,5,28.904982897885098,227,0,0,9
2020-11-23,Bermuda,America,62273,24,46.5691391132594,251,0,0,9
2020-11-30,Bermuda,America,62273,37,97.9557753761662,288,0,0,9
2020-12-07,Bermuda,America,62273,143,289.049828978851,431,0,0,9
2020-12-14,Bermuda,America,62273,96,383.793939588586,527,0,0,9
2020-12-21,Bermuda,America,62273,54,240.874857482376,581,1,16.0583238321584,10
2020-12-28,Bermuda,America,62273,41,152.554076405505,622,0,16.0583238321584,10
2021-01-04,Bermuda,America,62273,34,120.437428741188,656,2,32.1166476643168,12
2021-01-11,Bermuda,America,62273,27,97.9557753761662,683,0,32.1166476643168,12
2021-01-18,Bermuda,America,62273,3,48.1749714964752,686,0,0,12
2021-01-25,Bermuda,America,62273,6,14.4524914489426,692,0,0,12
2021-02-01,Bermuda,America,62273,2,12.8466590657267,694,0,0,12
2021-02-08,Bermuda,America,62273,1,4.81749714964752,695,0,0,12
2021-02-15,Bermuda,America,62273,8,14.4524914489426,703,0,0,12
2021-02-22,Bermuda,America,62273,10,28.904982897885098,713,0,0,12
2020-03-16,Bhutan,Asia,771612,2,NA,2,0,NA,0
2020-03-23,Bhutan,Asia,771612,2,0.51839525564662,4,0,0,0
2020-03-30,Bhutan,Asia,771612,1,0.388796441734965,5,0,0,0
2020-04-06,Bhutan,Asia,771612,0,0.129598813911655,5,0,0,0
2020-04-13,Bhutan,Asia,771612,0,0,5,0,0,0
2020-04-20,Bhutan,Asia,771612,2,0.25919762782331,7,0,0,0
2020-04-27,Bhutan,Asia,771612,0,0.25919762782331,7,0,0,0
2020-05-04,Bhutan,Asia,771612,2,0.25919762782331,9,0,0,0
2020-05-11,Bhutan,Asia,771612,12,1.81438339476317,21,0,0,0
2020-05-18,Bhutan,Asia,771612,6,2.33277865040979,27,0,0,0
2020-05-25,Bhutan,Asia,771612,16,2.85117390605641,43,0,0,0
2020-06-01,Bhutan,Asia,771612,16,4.14716204517296,59,0,0,0
2020-06-08,Bhutan,Asia,771612,7,2.98077271996807,66,0,0,0
2020-06-15,Bhutan,Asia,771612,2,1.1663893252049,68,0,0,0
2020-06-22,Bhutan,Asia,771612,8,1.29598813911655,76,0,0,0
2020-06-29,Bhutan,Asia,771612,4,1.55518576693986,80,0,0,0
2020-07-06,Bhutan,Asia,771612,4,1.03679051129324,84,0,0,0
2020-07-13,Bhutan,Asia,771612,5,1.1663893252049,89,0,0,0
2020-07-20,Bhutan,Asia,771612,6,1.42558695302821,95,0,0,0
2020-07-27,Bhutan,Asia,771612,8,1.81438339476317,103,0,0,0
2020-08-03,Bhutan,Asia,771612,7,1.94398220867483,110,0,0,0
2020-08-10,Bhutan,Asia,771612,31,4.92475492864289,141,0,0,0
2020-08-17,Bhutan,Asia,771612,14,5.83194662602448,155,0,0,0
2020-08-24,Bhutan,Asia,771612,69,10.7567015546674,224,0,0,0
2020-08-31,Bhutan,Asia,771612,6,9.71991104337413,230,0,0,0
2020-09-07,Bhutan,Asia,771612,15,2.72157509214476,245,0,0,0
2020-09-14,Bhutan,Asia,771612,16,4.01756323126131,261,0,0,0
2020-09-21,Bhutan,Asia,771612,12,3.62876678952634,273,0,0,0
2020-09-28,Bhutan,Asia,771612,25,4.79515611473124,298,0,0,0
2020-10-05,Bhutan,Asia,771612,11,4.66555730081958,309,0,0,0
2020-10-12,Bhutan,Asia,771612,18,3.758365603438,327,0,0,0
2020-10-19,Bhutan,Asia,771612,15,4.27676085908462,342,0,0,0
2020-10-26,Bhutan,Asia,771612,12,3.49916797561469,354,0,0,0
2020-11-02,Bhutan,Asia,771612,5,2.20317983649814,359,0,0,0
2020-11-09,Bhutan,Asia,771612,16,2.72157509214476,375,0,0,0
2020-11-16,Bhutan,Asia,771612,7,2.98077271996807,382,0,0,0
2020-11-23,Bhutan,Asia,771612,14,2.72157509214476,396,0,0,0
2020-11-30,Bhutan,Asia,771612,34,6.22074306775944,430,0,0,0
2020-12-07,Bhutan,Asia,771612,8,5.44315018428951,438,0,0,0
2020-12-14,Bhutan,Asia,771612,29,4.79515611473124,467,0,0,0
2020-12-21,Bhutan,Asia,771612,156,23.9757805736562,623,0,0,0
2020-12-28,Bhutan,Asia,771612,93,32.2701046640021,716,0,0,0
2021-01-04,Bhutan,Asia,771612,97,24.6237746432145,813,1,1.29598813911655,1
2021-01-11,Bhutan,Asia,771612,29,16.3294505528685,842,0,1.29598813911655,1
2021-01-18,Bhutan,Asia,771612,13,5.44315018428951,855,0,0,1
2021-01-25,Bhutan,Asia,771612,4,2.20317983649814,859,0,0,1
2021-02-01,Bhutan,Asia,771612,2,0.777592883469931,861,0,0,1
2021-02-08,Bhutan,Asia,771612,3,0.647994069558275,864,0,0,1
2021-02-15,Bhutan,Asia,771612,2,0.647994069558275,866,0,0,1
2021-02-22,Bhutan,Asia,771612,1,0.388796441734965,867,0,0,1
2020-03-16,Bolivia,America,11673029,27,NA,27,0,NA,0
2020-03-23,Bolivia,America,11673029,69,0.822408648175208,96,3,0.257002702554753,3
2020-03-30,Bolivia,America,11673029,87,1.33641405328471,183,8,0.942343242700759,11
2020-04-06,Bolivia,America,11673029,147,2.00462107992707,330,16,2.05602162043802,27
2020-04-13,Bolivia,America,11673029,234,3.26393432244536,564,6,1.88468648540152,33
2020-04-20,Bolivia,America,11673029,386,5.31138918613155,950,17,1.97035405291977,50
2020-04-27,Bolivia,America,11673029,644,8.82375945437984,1594,26,3.68370540328479,76
2020-05-04,Bolivia,America,11673029,962,13.7582113434311,2556,42,5.82539459124106,118
2020-05-11,Bolivia,America,11673029,1532,21.3654913390518,4088,51,7.96708377919733,169
2020-05-18,Bolivia,America,11673029,2175,31.7569672790156,6263,81,11.3081189124091,250
2020-05-25,Bolivia,America,11673029,3719,50.492464295257,9982,63,12.3361297226281,313
2020-06-01,Bolivia,America,11673029,3661,63.2226648284691,13643,152,18.4185270164239,465
2020-06-08,Bolivia,America,11673029,4816,72.6203969852212,18459,146,25.5289351204388,611
2020-06-15,Bolivia,America,11673029,5929,92.0498012983605,24388,162,26.3856107956213,773
2020-06-22,Bolivia,America,11673029,7136,111.924676962595,31524,241,34.5240297098551,1014
2020-06-29,Bolivia,America,11673029,7773,127.72177641296,39297,420,56.6262621295638,1434
2020-07-06,Bolivia,America,11673029,8890,142.747867755661,48187,373,67.9343810419729,1807
2020-07-13,Bolivia,America,11673029,11395,173.776660710772,59582,344,61.4236459105859,2151
2020-07-20,Bolivia,America,11673029,9847,181.975046922268,69429,432,66.4780323941626,2583
2020-07-27,Bolivia,America,11673029,10724,176.226753141794,80153,570,85.8389026532873,3153
2020-08-03,Bolivia,America,11673029,9846,176.218186385042,89999,487,90.5506188667911,3640
2020-08-10,Bolivia,America,11673029,10345,172.9713855761,100344,408,76.6724729288345,4048
2020-08-17,Bolivia,America,11673029,8805,164.05339179745,109149,461,74.44511617336,4509
2020-08-24,Bolivia,America,11673029,6819,133.847007490515,115968,457,78.6428269817543,4966
2020-08-31,Bolivia,America,11673029,4801,99.5457134562075,120769,2042,214.083251228109,7008
2020-09-07,Bolivia,America,11673029,6022,92.7180083250029,126791,336,203.717475558401,7344
2020-09-14,Bolivia,America,11673029,3885,84.8708591403311,130676,273,52.1715486186148,7617
2020-09-21,Bolivia,America,11673029,3225,60.9096405054763,133901,241,44.0331297043809,7858
2020-09-28,Bolivia,America,11673029,2967,53.0453578073009,136868,243,41.4631026788334,8101
2020-10-05,Bolivia,America,11673029,1706,40.0324543012786,138574,207,38.5504053832129,8308
2020-10-12,Bolivia,America,11673029,1197,24.8692948505482,139771,173,32.5536756569353,8481
2020-10-19,Bolivia,America,11673029,1082,19.5236386374094,140853,164,28.8699702536505,8645
2020-10-26,Bolivia,America,11673029,980,17.6646524222633,141833,86,21.4168918795627,8731
2020-11-02,Bolivia,America,11673029,642,13.8952794514603,142475,64,12.8501351277376,8795
2020-11-09,Bolivia,America,11673029,771,12.1048272903288,143246,54,10.1087729671536,8849
2020-11-16,Bolivia,America,11673029,676,12.3960970198909,143922,55,9.33776485948934,8904
2020-11-23,Bolivia,America,11673029,700,11.7878572905113,144622,48,8.82375945437984,8952
2020-11-30,Bolivia,America,11673029,938,14.0323475594895,145560,43,7.79574864416083,8995
2020-12-07,Bolivia,America,11673029,1590,21.6567610686138,147150,23,5.65405945620456,9018
2020-12-14,Bolivia,America,11673029,3235,41.334601327556,150385,25,4.11204324087604,9043
2020-12-21,Bolivia,America,11673029,4458,65.9040596917904,154843,55,6.85340540146007,9098
2020-12-28,Bolivia,America,11673029,7818,105.165505885405,162661,103,13.5354756678836,9201
2021-01-04,Bolivia,America,11673029,11235,163.222416392523,173896,175,23.8155837700737,9376
2021-01-11,Bolivia,America,11673029,13287,210.074009068255,187183,260,37.2653918704391,9636
2021-01-18,Bolivia,America,11673029,15635,247.767738776285,202818,415,57.8256080748193,10051
2021-01-25,Bolivia,America,11673029,14017,254.021471205117,216835,328,63.6510026660604,10379
2021-02-01,Bolivia,America,11673029,11132,215.445365551649,227967,417,63.8223378010969,10796
2021-02-08,Bolivia,America,11673029,8765,170.452759091064,236732,406,70.5044080675204,11202
2021-02-15,Bolivia,America,11673029,5560,122.718790469894,242292,239,55.2555810492718,11441
2021-02-22,Bolivia,America,11673029,6718,105.182639398908,249010,208,38.2934026806581,11649
2020-03-30,"Bonaire, Saint Eustatius and Saba",America,26221,2,NA,2,0,NA,0
2020-04-06,"Bonaire, Saint Eustatius and Saba",America,26221,1,11.4412112428969,3,0,0,0
2020-04-13,"Bonaire, Saint Eustatius and Saba",America,26221,2,11.4412112428969,5,0,0,0
2020-04-20,"Bonaire, Saint Eustatius and Saba",America,26221,1,11.4412112428969,6,0,0,0
2020-04-27,"Bonaire, Saint Eustatius and Saba",America,26221,0,3.81373708096564,6,0,0,0
2020-05-04,"Bonaire, Saint Eustatius and Saba",America,26221,0,0,6,0,0,0
2020-05-11,"Bonaire, Saint Eustatius and Saba",America,26221,0,0,6,0,0,0
2020-05-18,"Bonaire, Saint Eustatius and Saba",America,26221,1,3.81373708096564,7,0,0,0
2020-05-25,"Bonaire, Saint Eustatius and Saba",America,26221,0,3.81373708096564,7,0,0,0
2020-06-01,"Bonaire, Saint Eustatius and Saba",America,26221,0,0,7,0,0,0
2020-06-08,"Bonaire, Saint Eustatius and Saba",America,26221,0,0,7,0,0,0
2020-06-15,"Bonaire, Saint Eustatius and Saba",America,26221,0,0,7,0,0,0
2020-06-22,"Bonaire, Saint Eustatius and Saba",America,26221,0,0,7,0,0,0
2020-06-29,"Bonaire, Saint Eustatius and Saba",America,26221,0,0,7,0,0,0
2020-07-06,"Bonaire, Saint Eustatius and Saba",America,26221,0,0,7,0,0,0
2020-07-13,"Bonaire, Saint Eustatius and Saba",America,26221,3,11.4412112428969,10,0,0,0
2020-07-20,"Bonaire, Saint Eustatius and Saba",America,26221,1,15.2549483238626,11,0,0,0
2020-07-27,"Bonaire, Saint Eustatius and Saba",America,26221,0,3.81373708096564,11,0,0,0
2020-08-03,"Bonaire, Saint Eustatius and Saba",America,26221,2,7.62747416193128,13,0,0,0
2020-08-10,"Bonaire, Saint Eustatius and Saba",America,26221,0,7.62747416193128,13,0,0,0
2020-08-17,"Bonaire, Saint Eustatius and Saba",America,26221,0,0,13,0,0,0
2020-08-24,"Bonaire, Saint Eustatius and Saba",America,26221,2,7.62747416193128,15,0,0,0
2020-08-31,"Bonaire, Saint Eustatius and Saba",America,26221,3,19.0686854048282,18,0,0,0
2020-09-07,"Bonaire, Saint Eustatius and Saba",America,26221,8,41.951107890622,26,0,0,0
2020-09-14,"Bonaire, Saint Eustatius and Saba",America,26221,10,68.6472674573815,36,1,38.1373708096564,1
2020-09-21,"Bonaire, Saint Eustatius and Saba",America,26221,49,225.010487776973,85,0,38.1373708096564,1
2020-09-28,"Bonaire, Saint Eustatius and Saba",America,26221,39,335.608863124976,124,0,0,1
2020-10-05,"Bonaire, Saint Eustatius and Saba",America,26221,24,240.265436100835,148,1,38.1373708096564,2
2020-10-12,"Bonaire, Saint Eustatius and Saba",America,26221,2,99.1571641051066,150,0,38.1373708096564,2
2020-10-19,"Bonaire, Saint Eustatius and Saba",America,26221,0,7.62747416193128,150,1,38.1373708096564,3
2020-10-26,"Bonaire, Saint Eustatius and Saba",America,26221,3,11.4412112428969,153,0,38.1373708096564,3
2020-11-02,"Bonaire, Saint Eustatius and Saba",America,26221,1,15.2549483238626,154,0,0,3
2020-11-09,"Bonaire, Saint Eustatius and Saba",America,26221,1,7.62747416193128,155,0,0,3
2020-11-16,"Bonaire, Saint Eustatius and Saba",America,26221,6,26.6961595667595,161,0,0,3
2020-11-23,"Bonaire, Saint Eustatius and Saba",America,26221,0,22.8824224857938,161,0,0,3
2020-11-30,"Bonaire, Saint Eustatius and Saba",America,26221,3,11.4412112428969,164,0,0,3
2020-12-07,"Bonaire, Saint Eustatius and Saba",America,26221,9,45.7648449715877,173,0,0,3
2020-12-14,"Bonaire, Saint Eustatius and Saba",America,26221,6,57.2060562144846,179,0,0,3
2020-12-21,"Bonaire, Saint Eustatius and Saba",America,26221,4,38.1373708096564,183,0,0,3
2020-12-28,"Bonaire, Saint Eustatius and Saba",America,26221,58,236.45169901987,241,0,0,3
2021-01-04,"Bonaire, Saint Eustatius and Saba",America,26221,93,575.874299225811,334,0,0,3
2021-01-11,"Bonaire, Saint Eustatius and Saba",America,26221,31,472.903398039739,365,0,0,3
2021-01-18,"Bonaire, Saint Eustatius and Saba",America,26221,17,183.059379886351,382,0,0,3
2021-01-25,"Bonaire, Saint Eustatius and Saba",America,26221,10,102.970901186072,392,0,0,3
2021-02-01,"Bonaire, Saint Eustatius and Saba",America,26221,2,45.7648449715877,394,0,0,3
2021-02-08,"Bonaire, Saint Eustatius and Saba",America,26221,10,45.7648449715877,404,1,38.1373708096564,4
2021-02-15,"Bonaire, Saint Eustatius and Saba",America,26221,25,133.480797833797,429,0,38.1373708096564,4
2021-02-22,"Bonaire, Saint Eustatius and Saba",America,26221,16,156.363220319591,445,0,0,4
2020-03-09,Bosnia and Herzegovina,Europe,3280815,18,NA,18,0,NA,0
2020-03-16,Bosnia and Herzegovina,Europe,3280815,107,3.81002891049937,125,1,0.30480231283995,1
2020-03-23,Bosnia and Herzegovina,Europe,3280815,198,9.29647054161847,323,5,1.8288138770397,6
2020-03-30,Bosnia and Herzegovina,Europe,3280815,340,16.3983644307893,663,18,7.01045319531885,24
2020-04-06,Bosnia and Herzegovina,Europe,3280815,344,20.8484781982526,1007,14,9.7536740108784,38
2020-04-13,Bosnia and Herzegovina,Europe,3280815,262,18.471020158101,1269,8,6.7056508824789,46
2020-04-20,Bosnia and Herzegovina,Europe,3280815,247,15.5144377235535,1516,12,6.096046256799,58
2020-04-27,Bosnia and Herzegovina,Europe,3280815,341,17.9223759949891,1857,18,9.1440693851985,76
2020-05-04,Bosnia and Herzegovina,Europe,3280815,260,18.318619001681,2117,31,14.9353133291575,107
2020-05-11,Bosnia and Herzegovina,Europe,3280815,172,13.1674599146858,2289,25,17.0689295190372,132
2020-05-18,Bosnia and Herzegovina,Europe,3280815,111,8.62590545337058,2400,11,10.9728832622382,143
2020-05-25,Bosnia and Herzegovina,Europe,3280815,109,6.7056508824789,2509,9,6.096046256799,152
2020-06-01,Bosnia and Herzegovina,Europe,3280815,164,8.32110314053063,2673,7,4.8768370054392,159
2020-06-08,Bosnia and Herzegovina,Europe,3280815,328,14.9962737917255,3001,4,3.35282544123945,163
2020-06-15,Bosnia and Herzegovina,Europe,3280815,430,23.1040153132682,3431,6,3.0480231283995,169
2020-06-22,Bosnia and Herzegovina,Europe,3280815,784,37.0030007787699,4215,13,5.79124394395905,182
2020-06-29,Bosnia and Herzegovina,Europe,3280815,1178,59.8022137791982,5393,11,7.3152555081588,193
2020-07-06,Bosnia and Herzegovina,Europe,3280815,1491,81.3517372969826,6884,27,11.5824878879181,220
2020-07-13,Bosnia and Herzegovina,Europe,3280815,1568,93.2390274977407,8452,30,17.3737318318771,250
2020-07-20,Bosnia and Herzegovina,Europe,3280815,1617,97.079536639524,10069,33,19.2025457089168,283
2020-07-27,Bosnia and Herzegovina,Europe,3280815,2039,111.435725574286,12108,60,28.3466150941153,343
2020-08-03,Bosnia and Herzegovina,Europe,3280815,2217,129.723864344683,14325,59,36.271475227954,402
2020-08-10,Bosnia and Herzegovina,Europe,3280815,1210,104.455752610251,15535,67,38.4050914178337,469
2020-08-17,Bosnia and Herzegovina,Europe,3280815,2365,108.966826840282,17900,60,38.7098937306736,529
2020-08-24,Bosnia and Herzegovina,Europe,3280815,1889,129.662903882115,19789,63,37.4906844793138,592
2020-08-31,Bosnia and Herzegovina,Europe,3280815,1353,98.8169098227117,21142,47,33.5282544123945,639
2020-09-07,Bosnia and Herzegovina,Europe,3280815,2320,111.953889506114,23462,50,29.5658243454751,689
2020-09-14,Bosnia and Herzegovina,Europe,3280815,1962,130.516350358066,25424,68,35.9666729151141,757
2020-09-21,Bosnia and Herzegovina,Europe,3280815,1493,105.309199086203,26917,53,36.8810798536339,810
2020-09-28,Bosnia and Herzegovina,Europe,3280815,1058,77.7550700054712,27975,61,34.7474636637543,871
2020-10-05,Bosnia and Herzegovina,Europe,3280815,2670,113.630302226733,30645,50,33.8330567252344,921
2020-10-12,Bosnia and Herzegovina,Europe,3280815,3475,187.301021240149,34120,63,34.4426613509143,984
2020-10-19,Bosnia and Herzegovina,Europe,3280815,6774,312.391890429665,40894,102,50.2923816185917,1086
2020-10-26,Bosnia and Herzegovina,Europe,3280815,10611,529.898820872253,51505,162,80.4678105897468,1248
2020-11-02,Bosnia and Herzegovina,Europe,3280815,10918,656.208899313128,62423,262,129.236180644139,1510
2020-11-09,Bosnia and Herzegovina,Europe,3280815,8477,591.164085753083,70900,347,185.62460851953,1857
2020-11-16,Bosnia and Herzegovina,Europe,3280815,9107,535.964386897768,80007,419,233.478571635402,2276
2020-11-23,Bosnia and Herzegovina,Europe,3280815,7367,502.131330172533,87374,344,232.564164696882,2620
2020-11-30,Bosnia and Herzegovina,Europe,3280815,7133,441.963353617927,94507,332,206.046363479806,2952
2020-12-07,Bosnia and Herzegovina,Europe,3280815,6610,418.889818535943,101117,384,218.238455993404,3336
2020-12-14,Bosnia and Herzegovina,Europe,3280815,4407,335.800708055773,105524,289,205.131956541286,3625
2020-12-21,Bosnia and Herzegovina,Europe,3280815,4167,261.337503028973,109691,328,188.063027022249,3953
2020-12-28,Bosnia and Herzegovina,Europe,3280815,2954,217.049726973328,112645,178,154.229970297015,4131
2021-01-04,Bosnia and Herzegovina,Europe,3280815,3113,184.923563199998,115758,227,123.44493670018,4358
2021-01-11,Bosnia and Herzegovina,Europe,3280815,2325,165.751497722365,118083,128,108.204821058182,4486
2021-01-18,Bosnia and Herzegovina,Europe,3280815,2060,133.655814180318,120143,107,71.6285435173882,4593
2021-01-25,Bosnia and Herzegovina,Europe,3280815,2056,125.456631964923,122199,131,72.5429504559081,4724
2021-02-01,Bosnia and Herzegovina,Europe,3280815,1745,115.855359110465,123944,76,63.0940787578696,4800
2021-02-08,Bosnia and Herzegovina,Europe,3280815,2195,120.09211125894,126139,116,58.5220440652704,4916
2021-02-15,Bosnia and Herzegovina,Europe,3280815,1398,109.515471003394,127537,63,54.559613998351,4979
2021-02-22,Bosnia and Herzegovina,Europe,3280815,4601,182.850907472686,132138,117,54.864416311191,5096
2020-03-30,Botswana,Africa,2351625,6,NA,6,1,NA,1
2020-04-06,Botswana,Africa,2351625,7,0.552809227661723,13,0,0.425237867432095,1
2020-04-13,Botswana,Africa,2351625,7,0.595333014404933,20,0,0,1
2020-04-20,Botswana,Africa,2351625,2,0.382714080688885,22,0,0,1
2020-04-27,Botswana,Africa,2351625,1,0.127571360229628,23,0,0,1
2020-05-04,Botswana,Africa,2351625,0,0.0425237867432095,23,0,0,1
2020-05-11,Botswana,Africa,2351625,2,0.085047573486419,25,0,0,1
2020-05-18,Botswana,Africa,2351625,10,0.510285440918514,35,0,0,1
2020-05-25,Botswana,Africa,2351625,3,0.552809227661723,38,0,0,1
2020-06-01,Botswana,Africa,2351625,2,0.212618933716047,40,0,0,1
2020-06-08,Botswana,Africa,2351625,20,0.935523308350609,60,0,0,1
2020-06-15,Botswana,Africa,2351625,29,2.08366555041727,89,0,0,1
2020-06-22,Botswana,Africa,2351625,36,2.76404613830862,125,0,0,1
2020-06-29,Botswana,Africa,2351625,150,7.90942433423696,275,0,0,1
2020-07-06,Botswana,Africa,2351625,124,11.6515175676394,399,0,0,1
2020-07-13,Botswana,Africa,2351625,123,10.5033753255727,522,0,0,1
2020-07-20,Botswana,Africa,2351625,164,12.2043267953011,686,0,0,1
2020-07-27,Botswana,Africa,2351625,118,11.9917078615851,804,1,0.425237867432095,2
2020-08-03,Botswana,Africa,2351625,105,9.48280444373572,909,0,0.425237867432095,2
2020-08-10,Botswana,Africa,2351625,305,17.4347525647159,1214,1,0.425237867432095,3
2020-08-17,Botswana,Africa,2351625,94,16.9669909105406,1308,0,0.425237867432095,3
2020-08-24,Botswana,Africa,2351625,325,17.8174666454048,1633,3,1.27571360229628,6
2020-08-31,Botswana,Africa,2351625,369,29.5115079997874,2002,2,2.12618933716047,8
2020-09-07,Botswana,Africa,2351625,250,26.3222239940467,2252,2,1.70095146972838,10
2020-09-14,Botswana,Africa,2351625,315,24.0259395099134,2567,3,2.12618933716047,13
2020-09-21,Botswana,Africa,2351625,354,28.4484133312072,2921,3,2.55142720459257,16
2020-09-28,Botswana,Africa,2351625,251,25.7268909796417,3172,0,1.27571360229628,16
2020-10-05,Botswana,Africa,2351625,1348,67.995535002392,4520,2,0.85047573486419,18
2020-10-12,Botswana,Africa,2351625,722,88.0242385584436,5242,2,1.70095146972838,20
2020-10-19,Botswana,Africa,2351625,681,59.6608728007229,5923,1,1.27571360229628,21
2020-10-26,Botswana,Africa,2351625,719,59.5333014404933,6642,3,1.70095146972838,24
2020-11-02,Botswana,Africa,2351625,1193,81.3054802530165,7835,3,2.55142720459257,27
2020-11-09,Botswana,Africa,2351625,390,67.3151544145006,8225,0,1.27571360229628,27
2020-11-16,Botswana,Africa,2351625,1369,74.7993408813055,9594,4,1.70095146972838,31
2020-11-23,Botswana,Africa,2351625,398,75.1395311752512,9992,0,1.70095146972838,31
2020-11-30,Botswana,Africa,2351625,1539,82.3685749215968,11531,3,1.27571360229628,34
2020-12-07,Botswana,Africa,2351625,1342,122.511029607187,12873,4,2.97666507202466,38
2020-12-14,Botswana,Africa,2351625,141,63.0627757401797,13014,0,1.70095146972838,38
2020-12-21,Botswana,Africa,2351625,1011,48.9874023281773,14025,2,0.85047573486419,40
2020-12-28,Botswana,Africa,2351625,740,74.4591505873598,14765,5,2.97666507202466,45
2021-01-04,Botswana,Africa,2351625,1285,86.1106681549992,16050,3,3.40190293945676,48
2021-01-11,Botswana,Africa,2351625,1315,110.561845532345,17365,23,11.0561845532345,71
2021-01-18,Botswana,Africa,2351625,2289,153.255727422527,19654,34,24.2385584436294,105
2021-01-25,Botswana,Africa,2351625,1639,167.033434327327,21293,29,26.789985648222,134
2021-02-01,Botswana,Africa,2351625,3142,203.306224419285,24435,45,31.467602189975,179
2021-02-08,Botswana,Africa,2351625,491,154.48891723808,24926,23,28.9161749853825,202
2021-02-15,Botswana,Africa,2351625,2805,140.158401105619,27731,98,51.4537819592835,300
2021-02-22,Botswana,Africa,2351625,650,146.919683197789,28381,10,45.9256896826662,310
2019-12-30,Brazil,America,212559409,0,NA,0,0,NA,0
2020-01-06,Brazil,America,212559409,0,0,0,0,0,0
2020-01-13,Brazil,America,212559409,0,0,0,0,0,0
2020-01-20,Brazil,America,212559409,0,0,0,0,0,0
2020-01-27,Brazil,America,212559409,0,0,0,0,0,0
2020-02-03,Brazil,America,212559409,0,0,0,0,0,0
2020-02-10,Brazil,America,212559409,0,0,0,0,0,0
2020-02-17,Brazil,America,212559409,0,0,0,0,0,0
2020-02-24,Brazil,America,212559409,2,9.40913417763596e-4,2,0,0,0
2020-03-02,Brazil,America,212559409,23,0.011761417722045,25,0,0,0
2020-03-09,Brazil,America,212559409,175,0.093150428358596,200,0,0,0
2020-03-16,Brazil,America,212559409,1346,0.715564654209215,1546,25,0.11761417722045,25
2020-03-23,Brazil,America,212559409,2710,1.90817241122457,4256,111,0.639821124079245,136
2020-03-30,Brazil,America,212559409,6874,4.50885709792315,11130,350,2.16880542794509,486
2020-04-06,Brazil,America,212559409,11039,8.42729102619965,22169,737,5.11386442554514,1223
2020-04-13,Brazil,America,212559409,16485,12.9488504552626,38654,1239,9.29622456750433,2462
2020-04-20,Brazil,America,212559409,23234,18.6860700200761,61888,1743,14.0290190588552,4205
2020-04-27,Brazil,America,212559409,39259,29.4002511081502,101147,2820,21.4669396262764,7025
2020-05-04,Brazil,America,212559409,61552,47.4272112790829,162699,4098,32.5461951204428,11123
2020-05-11,Brazil,America,212559409,78381,65.8324186439566,241080,4995,42.7786285386219,16118
2020-05-18,Brazil,America,212559409,122131,94.3322156113071,363211,6548,54.3048179062259,22666
2020-05-25,Brazil,America,212559409,151638,128.796462733861,514849,6648,62.081467304042,29314
2020-06-01,Brazil,America,212559409,176909,154.567140332988,691758,7141,64.8712755877111,36455
2020-06-08,Brazil,America,212559409,175866,165.965365475776,867624,6877,65.9486214510504,43332
2020-06-15,Brazil,America,212559409,217414,185.021214469034,1085038,7285,66.6260791118402,50617
2020-06-22,Brazil,America,212559409,259105,224.181560459645,1344143,7005,67.2282636992089,57622
2020-06-29,Brazil,America,212559409,258912,243.704572964822,1603055,7245,67.0400810156562,64867
2020-07-06,Brazil,America,212559409,261626,244.890594327913,1864681,7233,68.1127223119067,72100
2020-07-13,Brazil,America,212559409,233708,233.033203437256,2098389,7388,68.7854754056077,79488
2020-07-20,Brazil,America,212559409,320702,260.825903971158,2419091,7516,70.1168678917432,87004
2020-07-27,Brazil,America,212559409,314586,298.8755016721,2733677,7100,68.7619525701636,94104
2020-08-03,Brazil,America,212559409,301745,289.957053841827,3035422,6945,66.0756447624485,101049
2020-08-10,Brazil,America,212559409,304775,285.341403070988,3340197,6803,64.6783883370696,107852
2020-08-17,Brazil,America,212559409,265586,268.330158934531,3605783,6892,64.4290462813622,114744
2020-08-24,Brazil,America,212559409,256528,245.632034101111,3862311,6084,61.0464625445021,120828
2020-08-31,Brazil,America,212559409,275210,250.159709467389,4137521,5822,56.0125757594669,126650
2020-09-07,Brazil,America,212559409,192934,220.24148552276,4330455,4975,50.7952108579677,131625
2020-09-14,Brazil,America,212559409,214174,191.526689839451,4544629,5270,48.1982898249402,136895
2020-09-21,Brazil,America,212559409,187680,189.054910290986,4732309,4846,47.5914006704827,141741
2020-09-28,Brazil,America,212559409,182980,174.379483714127,4915289,4611,44.4910909589516,146352
2020-10-05,Brazil,America,212559409,179693,170.621945980288,5094982,4136,41.1508483258909,150488
2020-10-12,Brazil,America,212559409,140362,150.572021961164,5235344,3417,35.5335952218422,153905
2020-10-19,Brazil,America,212559409,158784,140.735242635154,5394128,3229,31.2665528722843,157134
2020-10-26,Brazil,America,212559409,151577,146.011414625264,5545705,2940,29.0224743709181,160074
2020-11-02,Brazil,America,212559409,118410,127.01719546087,5664115,2323,24.760136588449,162397
2020-11-09,Brazil,America,212559409,198978,149.317313918576,5863093,3401,26.9289420163941,165798
2020-11-16,Brazil,America,212559409,208308,191.610431133632,6071401,3385,31.9251922647188,169183
2020-11-23,Brazil,America,212559409,243339,212.480361196337,6314740,3650,33.0966294698345,172833
2020-11-30,Brazil,America,212559409,288800,250.348362607651,6603540,4108,36.4980314750499,176941
2020-12-07,Brazil,America,212559409,298412,276.257824935898,6901952,4461,40.3134353840813,181402
2020-12-14,Brazil,America,212559409,361667,310.538593941988,7263619,5889,48.6922693692661,187291
2020-12-21,Brazil,America,212559409,220666,273.962466653264,7484285,3848,45.8083697438207,191139
2020-12-28,Brazil,America,212559409,249461,221.174401176473,7733746,4879,41.0567569841145,196018
2021-01-04,Brazil,America,212559409,397866,304.539329990328,8131612,7562,58.5295191519845,203580
2021-01-11,Brazil,America,212559409,380158,366.026610471052,8511770,6719,67.1859225954096,210299
2021-01-18,Brazil,America,212559409,359623,348.034934553285,8871393,7365,66.2591228789124,217664
2021-01-25,Brazil,America,212559409,357929,337.577152371552,9229322,7435,69.6275929145061,225099
2021-02-01,Brazil,America,212559409,318757,318.351468506388,9548079,7071,68.2444501903936,232170
2021-02-08,Brazil,America,212559409,318631,299.863460760751,9866710,7603,69.034817461315,239773
2021-02-15,Brazil,America,212559409,328450,304.423597639943,10195160,7370,70.4414830208716,247143
2021-02-22,Brazil,America,212559409,391841,338.865733297179,10587001,8577,75.0237313653803,255720
2020-03-23,British Virgin Islands,America,30237,2,NA,2,0,NA,0
2020-03-30,British Virgin Islands,America,30237,1,9.92161920825479,3,0,0,0
2020-04-06,British Virgin Islands,America,30237,0,3.3072064027516,3,0,0,0
2020-04-13,British Virgin Islands,America,30237,1,3.3072064027516,4,1,33.072064027516,1
2020-04-20,British Virgin Islands,America,30237,2,9.92161920825479,6,0,33.072064027516,1
2020-04-27,British Virgin Islands,America,30237,0,6.61441280550319,6,0,0,1
2020-05-04,British Virgin Islands,America,30237,1,3.3072064027516,7,0,0,1
2020-05-11,British Virgin Islands,America,30237,1,6.61441280550319,8,0,0,1
2020-05-18,British Virgin Islands,America,30237,0,3.3072064027516,8,0,0,1
2020-05-25,British Virgin Islands,America,30237,0,0,8,0,0,1
2020-06-01,British Virgin Islands,America,30237,0,0,8,0,0,1
2020-06-08,British Virgin Islands,America,30237,0,0,8,0,0,1
2020-06-15,British Virgin Islands,America,30237,0,0,8,0,0,1
2020-06-22,British Virgin Islands,America,30237,0,0,8,0,0,1
2020-06-29,British Virgin Islands,America,30237,0,0,8,0,0,1
2020-07-06,British Virgin Islands,America,30237,0,0,8,0,0,1
2020-07-13,British Virgin Islands,America,30237,0,0,8,0,0,1
2020-07-20,British Virgin Islands,America,30237,0,0,8,0,0,1
2020-07-27,British Virgin Islands,America,30237,1,3.3072064027516,9,0,0,1
2020-08-03,British Virgin Islands,America,30237,0,3.3072064027516,9,0,0,1
2020-08-10,British Virgin Islands,America,30237,0,0,9,0,0,1
2020-08-17,British Virgin Islands,America,30237,12,39.6864768330192,21,0,0,1
2020-08-24,British Virgin Islands,America,30237,16,92.6017792770447,37,0,0,1
2020-08-31,British Virgin Islands,America,30237,26,138.902668915567,63,0,0,1
2020-09-07,British Virgin Islands,America,30237,3,95.9089856797963,66,0,0,1
2020-09-14,British Virgin Islands,America,30237,5,26.4576512220128,71,0,0,1
2020-09-21,British Virgin Islands,America,30237,0,16.536032013758,71,0,0,1
2020-09-28,British Virgin Islands,America,30237,0,0,71,0,0,1
2020-10-05,British Virgin Islands,America,30237,0,0,71,0,0,1
2020-10-12,British Virgin Islands,America,30237,0,0,71,0,0,1
2020-10-19,British Virgin Islands,America,30237,1,3.3072064027516,72,0,0,1
2020-10-26,British Virgin Islands,America,30237,0,3.3072064027516,72,0,0,1
2020-11-02,British Virgin Islands,America,30237,0,0,72,0,0,1
2020-11-09,British Virgin Islands,America,30237,0,0,72,0,0,1
2020-11-16,British Virgin Islands,America,30237,0,0,72,0,0,1
2020-11-23,British Virgin Islands,America,30237,1,3.3072064027516,73,0,0,1
2020-11-30,British Virgin Islands,America,30237,0,3.3072064027516,73,0,0,1
2020-12-07,British Virgin Islands,America,30237,7,23.1504448192612,80,0,0,1
2020-12-14,British Virgin Islands,America,30237,6,42.9936832357708,86,0,0,1
2020-12-21,British Virgin Islands,America,30237,7,42.9936832357708,93,0,0,1
2020-12-28,British Virgin Islands,America,30237,4,36.3792704302676,97,0,0,1
2021-01-04,British Virgin Islands,America,30237,0,13.2288256110064,97,0,0,1
2021-01-11,British Virgin Islands,America,30237,24,79.3729536660383,121,0,0,1
2021-01-18,British Virgin Islands,America,30237,16,132.288256110064,137,0,0,1
2021-01-25,British Virgin Islands,America,30237,4,66.1441280550319,141,0,0,1
2021-02-01,British Virgin Islands,America,30237,0,13.2288256110064,141,0,0,1
2021-02-08,British Virgin Islands,America,30237,12,39.6864768330192,153,0,0,1
2021-02-15,British Virgin Islands,America,30237,0,39.6864768330192,153,0,0,1
2021-02-22,British Virgin Islands,America,30237,0,0,153,0,0,1
2020-03-09,Brunei,Asia,437483,50,NA,50,0,NA,0
2020-03-16,Brunei,Asia,437483,38,20.1150673283305,88,0,0,0
2020-03-23,Brunei,Asia,437483,38,17.37210360174,126,1,2.2858031054921,1
2020-03-30,Brunei,Asia,437483,9,10.7432745958129,135,0,2.2858031054921,1
2020-04-06,Brunei,Asia,437483,1,2.2858031054921,136,0,0,1
2020-04-13,Brunei,Asia,437483,2,0.68574093164763,138,0,0,1
2020-04-20,Brunei,Asia,437483,0,0.45716062109842,138,0,0,1
2020-04-27,Brunei,Asia,437483,0,0,138,0,0,1
2020-05-04,Brunei,Asia,437483,3,0.68574093164763,141,0,0,1
2020-05-11,Brunei,Asia,437483,0,0.68574093164763,141,0,0,1
2020-05-18,Brunei,Asia,437483,0,0,141,0,0,1
2020-05-25,Brunei,Asia,437483,0,0,141,1,2.2858031054921,2
2020-06-01,Brunei,Asia,437483,0,0,141,0,2.2858031054921,2
2020-06-08,Brunei,Asia,437483,0,0,141,0,0,2
2020-06-15,Brunei,Asia,437483,0,0,141,1,2.2858031054921,3
2020-06-22,Brunei,Asia,437483,0,0,141,0,2.2858031054921,3
2020-06-29,Brunei,Asia,437483,0,0,141,0,0,3
2020-07-06,Brunei,Asia,437483,0,0,141,0,0,3
2020-07-13,Brunei,Asia,437483,0,0,141,0,0,3
2020-07-20,Brunei,Asia,437483,0,0,141,0,0,3
2020-07-27,Brunei,Asia,437483,0,0,141,0,0,3
2020-08-03,Brunei,Asia,437483,1,0.22858031054921,142,0,0,3
2020-08-10,Brunei,Asia,437483,0,0.22858031054921,142,0,0,3
2020-08-17,Brunei,Asia,437483,1,0.22858031054921,143,0,0,3
2020-08-24,Brunei,Asia,437483,1,0.45716062109842,144,0,0,3
2020-08-31,Brunei,Asia,437483,1,0.45716062109842,145,0,0,3
2020-09-07,Brunei,Asia,437483,0,0.22858031054921,145,0,0,3
2020-09-14,Brunei,Asia,437483,0,0,145,0,0,3
2020-09-21,Brunei,Asia,437483,1,0.22858031054921,146,0,0,3
2020-09-28,Brunei,Asia,437483,0,0.22858031054921,146,0,0,3
2020-10-05,Brunei,Asia,437483,0,0,146,0,0,3
2020-10-12,Brunei,Asia,437483,1,0.22858031054921,147,0,0,3
2020-10-19,Brunei,Asia,437483,1,0.45716062109842,148,0,0,3
2020-10-26,Brunei,Asia,437483,0,0.22858031054921,148,0,0,3
2020-11-02,Brunei,Asia,437483,0,0,148,0,0,3
2020-11-09,Brunei,Asia,437483,0,0,148,0,0,3
2020-11-16,Brunei,Asia,437483,0,0,148,0,0,3
2020-11-23,Brunei,Asia,437483,2,0.45716062109842,150,0,0,3
2020-11-30,Brunei,Asia,437483,1,0.68574093164763,151,0,0,3
2020-12-07,Brunei,Asia,437483,1,0.45716062109842,152,0,0,3
2020-12-14,Brunei,Asia,437483,0,0.22858031054921,152,0,0,3
2020-12-21,Brunei,Asia,437483,0,0,152,0,0,3
2020-12-28,Brunei,Asia,437483,20,4.5716062109842,172,0,0,3
2021-01-04,Brunei,Asia,437483,1,4.80018652153341,173,0,0,3
2021-01-11,Brunei,Asia,437483,1,0.45716062109842,174,0,0,3
2021-01-18,Brunei,Asia,437483,1,0.45716062109842,175,0,0,3
2021-01-25,Brunei,Asia,437483,5,1.37148186329526,180,0,0,3
2021-02-01,Brunei,Asia,437483,1,1.37148186329526,181,0,0,3
2021-02-08,Brunei,Asia,437483,3,0.91432124219684,184,0,0,3
2021-02-15,Brunei,Asia,437483,1,0.91432124219684,185,0,0,3
2021-02-22,Brunei,Asia,437483,1,0.45716062109842,186,0,0,3
2020-03-02,Bulgaria,Europe,6951482,4,NA,4,0,NA,0
2020-03-09,Bulgaria,Europe,6951482,47,0.733656506626932,51,2,0.287708433971346,2
2020-03-16,Bulgaria,Europe,6951482,134,2.60376132744068,185,1,0.431562650957019,3
2020-03-23,Bulgaria,Europe,6951482,161,4.24369940107735,346,5,0.863125301914038,8
2020-03-30,Bulgaria,Europe,6951482,185,4.97735590770429,531,12,2.44552168875644,20
2020-04-06,Bulgaria,Europe,6951482,144,4.73280373882864,675,9,3.02093855669913,29
2020-04-13,Bulgaria,Europe,6951482,240,5.52400193224984,915,14,3.30864699067048,43
2020-04-20,Bulgaria,Europe,6951482,385,8.99088856160456,1300,13,3.88406385861317,56
2020-04-27,Bulgaria,Europe,6951482,318,10.1129514540928,1618,17,4.31562650957019,73
2020-05-04,Bulgaria,Europe,6951482,347,9.56630542954725,1965,18,5.03489759449855,91
2020-05-11,Bulgaria,Europe,6951482,270,8.87580518801602,2235,19,5.3226060284699,110
2020-05-18,Bulgaria,Europe,6951482,198,6.7323773549295,2433,20,5.61031446244125,130
2020-05-25,Bulgaria,Europe,6951482,80,3.99914723220171,2513,10,4.31562650957019,140
2020-06-01,Bulgaria,Europe,6951482,214,4.22931397937879,2727,20,4.31562650957019,160
2020-06-08,Bulgaria,Europe,6951482,563,11.1774726597868,3290,14,4.89104337751288,174
2020-06-15,Bulgaria,Europe,6951482,615,16.9460267609123,3905,25,5.61031446244125,199
2020-06-22,Bulgaria,Europe,6951482,786,20.1539757996928,4691,20,6.47343976435528,219
2020-06-29,Bulgaria,Europe,6951482,1049,26.397248816871,5740,27,6.76114819832663,246
2020-07-06,Bulgaria,Europe,6951482,1512,36.8410649700309,7252,22,7.04885663229798,268
2020-07-13,Bulgaria,Europe,6951482,1481,43.0555671438119,8733,32,7.76812771722634,300
2020-07-20,Bulgaria,Europe,6951482,1694,45.6737138929512,10427,40,10.3575036229685,340
2020-07-27,Bulgaria,Europe,6951482,1528,46.3498287127838,11955,48,12.6591710947392,388
2020-08-03,Bulgaria,Europe,6951482,1441,42.7103170230463,13396,59,15.392401217467,447
2020-08-10,Bulgaria,Europe,6951482,969,34.6688662935472,14365,51,15.823963868424,498
2020-08-17,Bulgaria,Europe,6951482,922,27.2028324319908,15287,47,14.097713264596,545
2020-08-24,Bulgaria,Europe,6951482,903,26.2533945998853,16190,68,16.5432349533524,613
2020-08-31,Bulgaria,Europe,6951482,860,25.3614984545742,17050,58,18.1256313401948,671
2020-09-07,Bulgaria,Europe,6951482,868,24.8580086951243,17918,49,15.392401217467,720
2020-09-14,Bulgaria,Europe,6951482,945,26.0807695395025,18863,41,12.9468795287106,761
2020-09-21,Bulgaria,Europe,6951482,1192,30.7416461698383,20055,35,10.9329204909112,796
2020-09-28,Bulgaria,Europe,6951482,1532,39.1858887068973,21587,48,11.9399000098109,844
2020-10-05,Bulgaria,Europe,6951482,2815,62.5334281236721,24402,48,13.8100048306246,892
2020-10-12,Bulgaria,Europe,6951482,5101,113.874998165859,29503,94,20.4272988119656,986
2020-10-19,Bulgaria,Europe,6951482,8386,194.016182448577,37889,108,29.0585518311059,1094
2020-10-26,Bulgaria,Europe,6951482,16180,353.392269447004,54069,204,44.88251569953,1298
2020-11-02,Bulgaria,Europe,6951482,21091,536.159052127302,75160,367,82.1407578988193,1665
2020-11-09,Bulgaria,Europe,6951482,23091,635.5767014861,98251,465,119.68670853208,2130
2020-11-16,Bulgaria,Europe,6951482,23569,671.22377645515,121820,750,174.782873637593,2880
2020-11-23,Bulgaria,Europe,6951482,20666,636.339128836125,142486,934,242.250501403873,3814
2020-11-30,Bulgaria,Europe,6951482,18935,569.677084684964,161421,983,275.768533961535,4797
2020-12-07,Bulgaria,Europe,6951482,18028,531.728342244143,179449,891,269.582802631151,5688
2020-12-14,Bulgaria,Europe,6951482,11746,428.311545653143,191195,921,260.663841178039,6609
2020-12-21,Bulgaria,Europe,6951482,6521,262.778498167729,197716,555,212.328824270853,7164
2020-12-28,Bulgaria,Europe,6951482,5335,170.553559658214,203051,514,153.780157957684,7678
2021-01-04,Bulgaria,Europe,6951482,5460,155.290627236034,208511,448,138.387756740217,8126
2021-01-11,Bulgaria,Europe,6951482,3302,126.045064922847,211813,357,115.802644673467,8483
2021-01-18,Bulgaria,Europe,6951482,3004,90.7144692311654,214817,337,99.8348265880571,8820
2021-01-25,Bulgaria,Europe,6951482,3931,99.7628994795642,218748,225,80.8460699459482,9045
2021-02-01,Bulgaria,Europe,6951482,4986,128.274805286125,223734,286,73.5095048796789,9331
2021-02-08,Bulgaria,Europe,6951482,5945,157.247044587039,229679,293,83.2915916347047,9624
2021-02-15,Bulgaria,Europe,6951482,6987,186.032273405872,236666,230,75.235755483507,9854
2021-02-22,Bulgaria,Europe,6951482,10372,249.71653526543,247038,337,81.5653410308766,10191
2020-03-09,Burkina Faso,Africa,20903278,3,NA,3,0,NA,0
2020-03-16,Burkina Faso,Africa,20903278,61,0.306172075020961,64,3,0.143518160166075,3
2020-03-23,Burkina Faso,Africa,20903278,116,0.846757144979845,180,6,0.430554480498226,9
2020-03-30,Burkina Faso,Africa,20903278,165,1.34428676688891,345,8,0.669751414108352,17
2020-04-06,Burkina Faso,Africa,20903278,152,1.5165085590882,497,10,0.861108960996452,27
2020-04-13,Burkina Faso,Africa,20903278,79,1.10508983327878,576,9,0.908948347718477,36
2020-04-20,Burkina Faso,Africa,20903278,56,0.645831720747339,632,6,0.717590800830377,42
2020-04-27,Burkina Faso,Africa,20903278,30,0.411418725809416,662,3,0.430554480498226,45
2020-05-04,Burkina Faso,Africa,20903278,89,0.569288701992099,751,4,0.334875707054176,49
2020-05-11,Burkina Faso,Africa,20903278,45,0.641047782075137,796,2,0.287036320332151,51
2020-05-18,Burkina Faso,Africa,20903278,36,0.387499032448404,832,1,0.143518160166075,52
2020-05-25,Burkina Faso,Africa,20903278,49,0.406634787137214,881,1,0.0956787734440503,53
2020-06-01,Burkina Faso,Africa,20903278,8,0.272684504315543,889,0,0.0478393867220251,53
2020-06-08,Burkina Faso,Africa,20903278,5,0.0621912027386327,894,0,0,53
2020-06-15,Burkina Faso,Africa,20903278,9,0.0669751414108352,903,0,0,53
2020-06-22,Burkina Faso,Africa,20903278,56,0.310956013693163,959,0,0,53
2020-06-29,Burkina Faso,Africa,20903278,28,0.401850848465011,987,0,0,53
2020-07-06,Burkina Faso,Africa,20903278,49,0.368363277759594,1036,0,0,53
2020-07-13,Burkina Faso,Africa,20903278,29,0.373147216431796,1065,0,0,53
2020-07-20,Burkina Faso,Africa,20903278,35,0.306172075020961,1100,0,0,53
2020-07-27,Burkina Faso,Africa,20903278,50,0.406634787137214,1150,0,0,53
2020-08-03,Burkina Faso,Africa,20903278,54,0.497529621909061,1204,1,0.0478393867220251,54
2020-08-10,Burkina Faso,Africa,20903278,63,0.559720824647694,1267,1,0.0956787734440503,55
2020-08-17,Burkina Faso,Africa,20903278,61,0.593208395353112,1328,0,0.0478393867220251,55
2020-08-24,Burkina Faso,Africa,20903278,40,0.483177805892454,1368,0,0,55
2020-08-31,Burkina Faso,Africa,20903278,84,0.593208395353112,1452,0,0,55
2020-09-07,Burkina Faso,Africa,20903278,255,1.62175520987665,1707,1,0.0478393867220251,56
2020-09-14,Burkina Faso,Africa,20903278,139,1.88487183684779,1846,0,0.0478393867220251,56
2020-09-21,Burkina Faso,Africa,20903278,162,1.43996554033296,2008,0,0,56
2020-09-28,Burkina Faso,Africa,20903278,159,1.53564431377701,2167,3,0.143518160166075,59
2020-10-05,Burkina Faso,Africa,20903278,113,1.30123131883908,2280,4,0.334875707054176,63
2020-10-12,Burkina Faso,Africa,20903278,101,1.02376287585134,2381,2,0.287036320332151,65
2020-10-19,Burkina Faso,Africa,20903278,70,0.81805351294663,2451,0,0.0956787734440503,65
2020-10-26,Burkina Faso,Africa,20903278,49,0.569288701992099,2500,2,0.0956787734440503,67
2020-11-02,Burkina Faso,Africa,20903278,69,0.564504763319897,2569,0,0.0956787734440503,67
2020-11-09,Burkina Faso,Africa,20903278,72,0.674535352780554,2641,1,0.0478393867220251,68
2020-11-16,Burkina Faso,Africa,20903278,94,0.794133819585617,2735,0,0.0478393867220251,68
2020-11-23,Burkina Faso,Africa,20903278,121,1.02854681452354,2856,0,0,68
2020-11-30,Burkina Faso,Africa,20903278,356,2.2819387466406,3212,0,0,68
2020-12-07,Burkina Faso,Africa,20903278,818,5.61634400116575,4030,3,0.143518160166075,71
2020-12-14,Burkina Faso,Africa,20903278,1130,9.3191125334505,5160,5,0.382715093776201,76
2020-12-21,Burkina Faso,Africa,20903278,1184,11.0700340874766,6344,2,0.334875707054176,78
2020-12-28,Burkina Faso,Africa,20903278,707,9.04642802913495,7051,8,0.478393867220251,86
2021-01-04,Burkina Faso,Africa,20903278,1224,9.23778557602305,8275,3,0.526233253942276,89
2021-01-11,Burkina Faso,Africa,20903278,913,10.2232769424968,9188,13,0.765430187552402,102
2021-01-18,Burkina Faso,Africa,20903278,915,8.74503989278619,10103,15,1.3395028282167,117
2021-01-25,Burkina Faso,Africa,20903278,665,7.55862310207997,10768,4,0.908948347718477,121
2021-02-01,Burkina Faso,Africa,20903278,517,5.65461551054337,11285,13,0.813269574274427,134
2021-02-08,Burkina Faso,Africa,20903278,345,4.12375513543857,11630,4,0.813269574274427,138
2021-02-15,Burkina Faso,Africa,20903278,167,2.44937660016769,11797,1,0.239196933610126,139
2021-02-22,Burkina Faso,Africa,20903278,185,1.68394641261529,11982,3,0.191357546888101,142
2020-03-30,Burundi,Africa,11890781,3,NA,3,0,NA,0
2020-04-06,Burundi,Africa,11890781,2,0.0420493826267593,5,0,0,0
2020-04-13,Burundi,Africa,11890781,1,0.0252296295760556,6,1,0.0840987652535187,1
2020-04-20,Burundi,Africa,11890781,9,0.0840987652535187,15,0,0.0840987652535187,1
2020-04-27,Burundi,Africa,11890781,4,0.109328394829574,19,0,0,1
2020-05-04,Burundi,Africa,11890781,0,0.0336395061014075,19,0,0,1
2020-05-11,Burundi,Africa,11890781,23,0.193427160083093,42,0,0,1
2020-05-18,Burundi,Africa,11890781,0,0.193427160083093,42,0,0,1
2020-05-25,Burundi,Africa,11890781,21,0.176607407032389,63,0,0,1
2020-06-01,Burundi,Africa,11890781,20,0.344804937539427,83,0,0,1
2020-06-08,Burundi,Africa,11890781,11,0.260706172285908,94,0,0,1
2020-06-15,Burundi,Africa,11890781,50,0.513002468046464,144,0,0,1
2020-06-22,Burundi,Africa,11890781,26,0.639150615926742,170,0,0,1
2020-06-29,Burundi,Africa,11890781,21,0.395264196691538,191,0,0,1
2020-07-06,Burundi,Africa,11890781,59,0.672790122028149,250,0,0,1
2020-07-13,Burundi,Africa,11890781,60,1.00077530651687,310,0,0,1
2020-07-20,Burundi,Africa,11890781,51,0.933496294314057,361,0,0,1
2020-07-27,Burundi,Africa,11890781,34,0.714839504654909,395,0,0,1
2020-08-03,Burundi,Africa,11890781,13,0.395264196691538,408,0,0,1
2020-08-10,Burundi,Africa,11890781,5,0.151377777456334,413,0,0,1
2020-08-17,Burundi,Africa,11890781,16,0.176607407032389,429,0,0,1
2020-08-24,Burundi,Africa,11890781,16,0.26911604881126,445,0,0,1
2020-08-31,Burundi,Africa,11890781,17,0.277525925336612,462,0,0,1
2020-09-07,Burundi,Africa,11890781,10,0.2270666661845,472,0,0,1
2020-09-14,Burundi,Africa,11890781,1,0.0925086417788705,473,0,0,1
2020-09-21,Burundi,Africa,11890781,12,0.109328394829574,485,0,0,1
2020-09-28,Burundi,Africa,11890781,28,0.336395061014075,513,0,0,1
2020-10-05,Burundi,Africa,11890781,11,0.327985184488723,524,0,0,1
2020-10-12,Burundi,Africa,11890781,18,0.243886419235204,542,0,0,1
2020-10-19,Burundi,Africa,11890781,14,0.26911604881126,556,0,0,1
2020-10-26,Burundi,Africa,11890781,33,0.395264196691538,589,0,0,1
2020-11-02,Burundi,Africa,11890781,25,0.487772838470408,614,0,0,1
2020-11-09,Burundi,Africa,11890781,14,0.327985184488723,628,0,0,1
2020-11-16,Burundi,Africa,11890781,34,0.40367407321689,662,0,0,1
2020-11-23,Burundi,Africa,11890781,19,0.445723455843649,681,0,0,1
2020-11-30,Burundi,Africa,11890781,13,0.26911604881126,694,0,0,1
2020-12-07,Burundi,Africa,11890781,35,0.40367407321689,729,0,0,1
2020-12-14,Burundi,Africa,11890781,32,0.563461727198575,761,1,0.0840987652535187,2
2020-12-21,Burundi,Africa,11890781,48,0.672790122028149,809,0,0.0840987652535187,2
2020-12-28,Burundi,Africa,11890781,24,0.605511109825334,833,0,0,2
2021-01-04,Burundi,Africa,11890781,186,1.76607407032389,1019,0,0,2
2021-01-11,Burundi,Africa,11890781,217,3.3891802397168,1236,0,0,2
2021-01-18,Burundi,Africa,11890781,243,3.86854320166186,1479,0,0,2
2021-01-25,Burundi,Africa,11890781,156,3.3555407336154,1635,0,0,2
2021-02-01,Burundi,Africa,11890781,93,2.09405925481262,1728,1,0.0840987652535187,3
2021-02-08,Burundi,Africa,11890781,96,1.5894666632915,1824,0,0.0840987652535187,3
2021-02-15,Burundi,Africa,11890781,210,2.57342221675767,2034,0,0,3
2021-02-22,Burundi,Africa,11890781,175,3.23780246226047,2209,0,0,3
2020-03-16,Cabo Verde,Africa,555988,3,NA,3,0,NA,0
2020-03-23,Cabo Verde,Africa,555988,2,0.89929998489176,5,1,1.79859996978352,1
2020-03-30,Cabo Verde,Africa,555988,2,0.719439987913408,7,0,1.79859996978352,1
2020-04-06,Cabo Verde,Africa,555988,3,0.89929998489176,10,0,0,1
2020-04-13,Cabo Verde,Africa,555988,51,9.71243983683101,61,0,0,1
2020-04-20,Cabo Verde,Africa,555988,45,17.2665597099218,106,0,0,1
2020-04-27,Cabo Verde,Africa,555988,59,18.7054396857486,165,1,1.79859996978352,2
2020-05-04,Cabo Verde,Africa,555988,81,25.1803995769693,246,0,1.79859996978352,2
2020-05-11,Cabo Verde,Africa,555988,82,29.3171795074714,328,1,1.79859996978352,3
2020-05-18,Cabo Verde,Africa,555988,52,24.1012395950992,380,0,1.79859996978352,3
2020-05-25,Cabo Verde,Africa,555988,55,19.2450196766837,435,1,1.79859996978352,4
2020-06-01,Cabo Verde,Africa,555988,119,31.2956394742333,554,1,3.59719993956704,5
2020-06-08,Cabo Verde,Africa,555988,196,56.6558990481809,750,1,3.59719993956704,6
2020-06-15,Cabo Verde,Africa,555988,140,60.4329589847263,890,2,5.39579990935056,8
2020-06-22,Cabo Verde,Africa,555988,265,72.8432987762326,1155,4,10.7915998187011,12
2020-06-29,Cabo Verde,Africa,555988,296,100.901458304856,1451,5,16.1873997280517,17
2020-07-06,Cabo Verde,Africa,555988,247,97.6639783592452,1698,2,12.5901997884846,19
2020-07-13,Cabo Verde,Africa,555988,345,106.477118211184,2043,2,7.19439987913408,21
2020-07-20,Cabo Verde,Africa,555988,264,109.534738159816,2307,1,5.39579990935056,22
2020-07-27,Cabo Verde,Africa,555988,240,90.6494384770894,2547,2,5.39579990935056,24
2020-08-03,Cabo Verde,Africa,555988,311,99.102858335072,2858,8,17.9859996978352,32
2020-08-10,Cabo Verde,Africa,555988,321,113.671518090319,3179,3,19.7845996676187,35
2020-08-17,Cabo Verde,Africa,555988,330,117.088858032907,3509,2,8.9929998489176,37
2020-08-24,Cabo Verde,Africa,555988,343,121.045777966431,3852,3,8.9929998489176,40
2020-08-31,Cabo Verde,Africa,555988,478,147.665057519227,4330,2,8.9929998489176,42
2020-09-07,Cabo Verde,Africa,555988,483,172.845457096196,4813,2,7.19439987913408,44
2020-09-14,Cabo Verde,Africa,555988,444,166.730217198932,5257,7,16.1873997280517,51
2020-09-21,Cabo Verde,Africa,555988,514,172.305877105261,5771,6,23.3817996071858,57
2020-09-28,Cabo Verde,Africa,555988,589,198.385576667122,6360,8,25.1803995769693,65
2020-10-05,Cabo Verde,Africa,555988,712,233.997856068836,7072,10,32.3747994561034,75
2020-10-12,Cabo Verde,Africa,555988,680,250.365115793866,7752,11,37.7705993654539,86
2020-10-19,Cabo Verde,Africa,555988,644,238.134635999338,8396,8,34.1733994258869,94
2020-10-26,Cabo Verde,Africa,555988,452,197.126556688274,8848,1,16.1873997280517,95
2020-11-02,Cabo Verde,Africa,555988,521,175.003777059937,9369,5,10.7915998187011,100
2020-11-09,Cabo Verde,Africa,555988,453,175.183637056915,9822,3,14.3887997582682,103
2020-11-16,Cabo Verde,Africa,555988,454,163.133017259365,10276,1,7.19439987913408,104
2020-11-23,Cabo Verde,Africa,555988,250,126.62143787276,10526,0,1.79859996978352,104
2020-11-30,Cabo Verde,Africa,555988,537,141.549817621963,11063,5,8.9929998489176,109
2020-12-07,Cabo Verde,Africa,555988,294,149.463657489011,11357,1,10.7915998187011,110
2020-12-14,Cabo Verde,Africa,555988,222,92.8077584408297,11579,1,3.59719993956704,111
2020-12-21,Cabo Verde,Africa,555988,144,65.8287588940769,11723,1,3.59719993956704,112
2020-12-28,Cabo Verde,Africa,555988,197,61.3322589696181,11920,1,3.59719993956704,113
2021-01-04,Cabo Verde,Africa,555988,513,127.70059785463,12433,2,5.39579990935056,115
2021-01-11,Cabo Verde,Africa,555988,560,192.989776757772,12993,4,10.7915998187011,119
2021-01-18,Cabo Verde,Africa,555988,496,189.93215680914,13489,11,26.9789995467528,130
2021-01-25,Cabo Verde,Africa,555988,609,198.745296661079,14098,4,26.9789995467528,134
2021-02-01,Cabo Verde,Africa,555988,353,173.025317093175,14451,2,10.7915998187011,136
2021-02-08,Cabo Verde,Africa,555988,290,115.64997805708,14741,3,8.9929998489176,139
2021-02-15,Cabo Verde,Africa,555988,307,107.376418196076,15048,5,14.3887997582682,144
2021-02-22,Cabo Verde,Africa,555988,352,118.527738008734,15400,3,14.3887997582682,147
2019-12-30,Cambodia,Asia,16718971,0,NA,0,0,NA,0
2020-01-06,Cambodia,Asia,16718971,0,0,0,0,0,0
2020-01-13,Cambodia,Asia,16718971,0,0,0,0,0,0
2020-01-20,Cambodia,Asia,16718971,0,0,0,0,0,0
2020-01-27,Cambodia,Asia,16718971,1,0.00598122934718889,1,0,0,0
2020-02-03,Cambodia,Asia,16718971,0,0.00598122934718889,1,0,0,0
2020-02-10,Cambodia,Asia,16718971,0,0,1,0,0,0
2020-02-17,Cambodia,Asia,16718971,0,0,1,0,0,0
2020-02-24,Cambodia,Asia,16718971,0,0,1,0,0,0
2020-03-02,Cambodia,Asia,16718971,1,0.00598122934718889,2,0,0,0
2020-03-09,Cambodia,Asia,16718971,10,0.0657935228190778,12,0,0,0
2020-03-16,Cambodia,Asia,16718971,74,0.502423265163867,86,0,0,0
2020-03-23,Cambodia,Asia,16718971,21,0.568216787982945,107,0,0,0
2020-03-30,Cambodia,Asia,16718971,7,0.167474421721289,114,0,0,0
2020-04-06,Cambodia,Asia,16718971,8,0.0897184402078334,122,0,0,0
2020-04-13,Cambodia,Asia,16718971,0,0.0478498347775111,122,0,0,0
2020-04-20,Cambodia,Asia,16718971,0,0,122,0,0,0
2020-04-27,Cambodia,Asia,16718971,0,0,122,0,0,0
2020-05-04,Cambodia,Asia,16718971,0,0,122,0,0,0
2020-05-11,Cambodia,Asia,16718971,0,0,122,0,0,0
2020-05-18,Cambodia,Asia,16718971,2,0.0119624586943778,124,0,0,0
2020-05-25,Cambodia,Asia,16718971,1,0.0179436880415667,125,0,0,0
2020-06-01,Cambodia,Asia,16718971,1,0.0119624586943778,126,0,0,0
2020-06-08,Cambodia,Asia,16718971,2,0.0179436880415667,128,0,0,0
2020-06-15,Cambodia,Asia,16718971,1,0.0179436880415667,129,0,0,0
2020-06-22,Cambodia,Asia,16718971,12,0.0777559815134556,141,0,0,0
2020-06-29,Cambodia,Asia,16718971,0,0.0717747521662667,141,0,0,0
2020-07-06,Cambodia,Asia,16718971,15,0.0897184402078334,156,0,0,0
2020-07-13,Cambodia,Asia,16718971,15,0.179436880415667,171,0,0,0
2020-07-20,Cambodia,Asia,16718971,54,0.412704824956034,225,0,0,0
2020-07-27,Cambodia,Asia,16718971,15,0.412704824956034,240,0,0,0
2020-08-03,Cambodia,Asia,16718971,11,0.155511963026911,251,0,0,0
2020-08-10,Cambodia,Asia,16718971,22,0.197380568457233,273,0,0,0
2020-08-17,Cambodia,Asia,16718971,0,0.13158704563815601,273,0,0,0
2020-08-24,Cambodia,Asia,16718971,1,0.00598122934718889,274,0,0,0
2020-08-31,Cambodia,Asia,16718971,0,0.00598122934718889,274,0,0,0
2020-09-07,Cambodia,Asia,16718971,1,0.00598122934718889,275,0,0,0
2020-09-14,Cambodia,Asia,16718971,0,0.00598122934718889,275,0,0,0
2020-09-21,Cambodia,Asia,16718971,1,0.00598122934718889,276,0,0,0
2020-09-28,Cambodia,Asia,16718971,4,0.0299061467359445,280,0,0,0
2020-10-05,Cambodia,Asia,16718971,3,0.0418686054303222,283,0,0,0
2020-10-12,Cambodia,Asia,16718971,0,0.0179436880415667,283,0,0,0
2020-10-19,Cambodia,Asia,16718971,4,0.0239249173887556,287,0,0,0
2020-10-26,Cambodia,Asia,16718971,4,0.0478498347775111,291,0,0,0
2020-11-02,Cambodia,Asia,16718971,6,0.0598122934718889,297,0,0,0
2020-11-09,Cambodia,Asia,16718971,5,0.0657935228190778,302,0,0,0
2020-11-16,Cambodia,Asia,16718971,4,0.0538310641247,306,0,0,0
2020-11-23,Cambodia,Asia,16718971,17,0.125605816290967,323,0,0,0
2020-11-30,Cambodia,Asia,16718971,25,0.251211632581933,348,0,0,0
2020-12-07,Cambodia,Asia,16718971,11,0.2153242564988,359,0,0,0
2020-12-14,Cambodia,Asia,16718971,4,0.0897184402078334,363,0,0,0
2020-12-21,Cambodia,Asia,16718971,1,0.0299061467359445,364,0,0,0
2020-12-28,Cambodia,Asia,16718971,18,0.113643357596589,382,0,0,0
2021-01-04,Cambodia,Asia,16718971,9,0.1614931923741,391,0,0,0
2021-01-11,Cambodia,Asia,16718971,50,0.352892531484145,441,0,0,0
2021-01-18,Cambodia,Asia,16718971,17,0.400742366261656,458,0,0,0
2021-01-25,Cambodia,Asia,16718971,8,0.149530733679722,466,0,0,0
2021-02-01,Cambodia,Asia,16718971,8,0.0956996695550223,474,0,0,0
2021-02-08,Cambodia,Asia,16718971,5,0.0777559815134556,479,0,0,0
2021-02-15,Cambodia,Asia,16718971,89,0.562235558635756,568,0,0,0
2021-02-22,Cambodia,Asia,16718971,276,2.18314871172395,844,0,0,0
2020-03-02,Cameroon,Africa,26545864,2,NA,2,0,NA,0
2020-03-09,Cameroon,Africa,26545864,2,0.0150682607279236,4,0,0,0
2020-03-16,Cameroon,Africa,26545864,23,0.0941766295495223,27,0,0,0
2020-03-23,Cameroon,Africa,26545864,72,0.357871192288185,99,2,0.0753413036396178,2
2020-03-30,Cameroon,Africa,26545864,551,2.3468816083741,650,7,0.33903586637828,9
2020-04-06,Cameroon,Africa,26545864,170,2.71605399620822,820,3,0.376706518198089,12
2020-04-13,Cameroon,Africa,26545864,196,1.37874585660501,1016,30,1.24313151005369,42
2020-04-20,Cameroon,Africa,26545864,605,3.01741921076669,1621,14,1.65750868007159,56
2020-04-27,Cameroon,Africa,26545864,456,3.99685615808173,2077,8,0.828754340035796,64
2020-05-04,Cameroon,Africa,26545864,502,3.60884844433769,2579,50,2.18489780554892,114
2020-05-11,Cameroon,Africa,26545864,713,4.57698419610678,3292,26,2.86296953830548,140
2020-05-18,Cameroon,Africa,26545864,1598,8.70568763555784,4890,25,1.92120324281026,165
2020-05-25,Cameroon,Africa,26545864,1014,9.83957425533409,5904,26,1.92120324281026,191
2020-06-01,Cameroon,Africa,26545864,2004,11.3690027192183,7908,12,1.43148476915274,203
2020-06-08,Cameroon,Africa,26545864,1956,14.9175781206443,9864,73,3.20200540468376,276
2020-06-15,Cameroon,Africa,26545864,1746,13.9456753036933,11610,25,3.69172387834127,301
2020-06-22,Cameroon,Africa,26545864,982,10.2765538164439,12592,12,1.39381411733293,313
2020-06-29,Cameroon,Africa,26545864,1119,7.91460394734185,13711,15,1.01710759913484,328
2020-07-06,Cameroon,Africa,26545864,1462,9.72279523469268,15173,31,1.73284998371121,359
2020-07-13,Cameroon,Africa,26545864,984,9.21424143512526,16157,14,1.6951793318914,373
2020-07-20,Cameroon,Africa,26545864,551,5.78244505434067,16708,12,0.979436947315032,385
2020-07-27,Cameroon,Africa,26545864,547,4.1362375698150204,17255,2,0.527389125477325,387
2020-08-03,Cameroon,Africa,26545864,787,5.02526495276251,18042,8,0.376706518198089,395
2020-08-10,Cameroon,Africa,26545864,427,4.5732171309248,18469,6,0.527389125477325,401
2020-08-17,Cameroon,Africa,26545864,293,2.71228693102624,18762,7,0.489718473657516,408
2020-08-24,Cameroon,Africa,26545864,380,2.53523486747314,19142,3,0.376706518198089,411
2020-08-31,Cameroon,Africa,26545864,462,3.17186888322791,19604,3,0.226023910918854,414
2020-09-07,Cameroon,Africa,26545864,563,3.86124181153041,20167,1,0.150682607279236,415
2020-09-14,Cameroon,Africa,26545864,264,3.1153629054982,20431,1,0.0753413036396178,416
2020-09-21,Cameroon,Africa,26545864,304,2.13969302336515,20735,2,0.113011955459427,418
2020-09-28,Cameroon,Africa,26545864,189,1.85716313471658,20924,2,0.150682607279236,420
2020-10-05,Cameroon,Africa,26545864,279,1.76298650516706,21203,3,0.188353259099045,423
2020-10-12,Cameroon,Africa,26545864,238,1.94757269908412,21441,0,0.113011955459427,423
2020-10-19,Cameroon,Africa,26545864,129,1.38251292178699,21570,2,0.0753413036396178,425
2020-10-26,Cameroon,Africa,26545864,223,1.32600694405727,21793,1,0.113011955459427,426
2020-11-02,Cameroon,Africa,26545864,628,3.20577246986574,22421,7,0.301365214558471,433
2020-11-09,Cameroon,Africa,26545864,271,3.38659159860082,22692,0,0.263694562738662,433
2020-11-16,Cameroon,Africa,26545864,836,4.17014115645285,23528,2,0.0753413036396178,435
2020-11-23,Cameroon,Africa,26545864,589,5.36806788432277,24117,2,0.150682607279236,437
2020-11-30,Cameroon,Africa,26545864,635,4.61088778274461,24752,6,0.301365214558471,443
2020-12-07,Cameroon,Africa,26545864,607,4.67869495602027,25359,2,0.301365214558471,445
2020-12-14,Cameroon,Africa,26545864,490,4.13247050463304,25849,3,0.188353259099045,448
2020-12-21,Cameroon,Africa,26545864,428,3.45816583705846,26277,0,0.113011955459427,448
2020-12-28,Cameroon,Africa,26545864,571,3.76329811679891,26848,0,0,448
2021-01-04,Cameroon,Africa,26545864,0,2.15099421891109,26848,0,0,448
2021-01-11,Cameroon,Africa,26545864,1162,4.3773297414618,28010,7,0.263694562738662,455
2021-01-18,Cameroon,Africa,26545864,1607,10.4310034889051,29617,7,0.527389125477325,462
2021-01-25,Cameroon,Africa,26545864,696,8.67555111410199,30313,12,0.715742384576369,474
2021-02-01,Cameroon,Africa,26545864,1081,6.69407482838004,31394,0,0.452047821837707,474
2021-02-08,Cameroon,Africa,26545864,0,4.07219746172134,31394,0,0,474
2021-02-15,Cameroon,Africa,26545864,2355,8.871438503565,33749,49,1.84586193917064,523
2021-02-22,Cameroon,Africa,26545864,1965,16.2737215861575,35714,28,2.90064019012529,551
2019-12-30,Canada,America,37742157,0,NA,0,0,NA,0
2020-01-06,Canada,America,37742157,0,0,0,0,0,0
2020-01-13,Canada,America,37742157,0,0,0,0,0,0
2020-01-20,Canada,America,37742157,1,0.0026495570987106,1,0,0,0
2020-01-27,Canada,America,37742157,3,0.0105982283948424,4,0,0,0
2020-02-03,Canada,America,37742157,3,0.0158973425922636,7,0,0,0
2020-02-10,Canada,America,37742157,1,0.0105982283948424,8,0,0,0
2020-02-17,Canada,America,37742157,1,0.0052991141974212,9,0,0,0
2020-02-24,Canada,America,37742157,15,0.0423929135793696,24,0,0,0
2020-03-02,Canada,America,37742157,38,0.140426526231662,62,0,0,0
2020-03-09,Canada,America,37742157,242,0.741875987638968,304,1,0.026495570987106,1
2020-03-16,Canada,America,37742157,1126,3.6245941110361,1430,19,0.52991141974212,20
2020-03-23,Canada,America,37742157,4825,15.7675142944268,6255,41,1.58973425922636,61
2020-03-30,Canada,America,37742157,9241,37.2686701504633,15496,219,6.88884845664756,280
2020-04-06,Canada,America,37742157,8869,47.983479057649,24365,437,17.3810945675415,717
2020-04-13,Canada,America,37742157,10412,51.0861104202391,34777,863,34.4442422832378,1580
2020-04-20,Canada,America,37742157,12107,59.665376305864,46884,980,48.8313373292364,2560
2020-04-27,Canada,America,37742157,12590,65.4361116668557,59474,1122,55.6936902148968,3682
2020-05-04,Canada,America,37742157,9374,58.1948721160796,68848,1189,61.231264551202,4871
2020-05-11,Canada,America,37742157,8143,46.4122916981136,76991,911,55.6406990729226,5782
2020-05-18,Canada,America,37742157,7697,41.9689844435759,84688,642,41.1476217429756,6424
2020-05-25,Canada,America,37742157,6248,36.9480737415193,90936,871,40.0877989034914,7295
2020-06-01,Canada,America,37742157,4752,29.1451280858166,95688,505,36.4579056782579,7800
2020-06-08,Canada,America,37742157,3088,20.7725276538911,98776,346,22.5477309100272,8146
2020-06-15,Canada,America,37742157,2550,14.9382029225304,101326,284,16.6922097218768,8430
2020-06-22,Canada,America,37742157,1913,11.8249733315454,103239,92,9.96233469115186,8522
2020-06-29,Canada,America,37742157,2285,11.1228407003871,105524,162,6.72987503072493,8684
2020-07-06,Canada,America,37742157,2055,11.499077808404,107579,99,6.91534402763467,8783
2020-07-13,Canada,America,37742157,2759,12.7549678731928,110338,69,4.45125592583381,8852
2020-07-20,Canada,America,37742157,3560,16.7425513067523,113898,38,2.83502609562034,8890
2020-07-27,Canada,America,37742157,2972,17.3069069687777,116870,55,2.46408810180086,8945
2020-08-03,Canada,America,37742157,2581,14.71299056914,119451,36,2.41109695982665,8981
2020-08-10,Canada,America,37742157,2636,13.8227393839732,122087,45,2.14614124995559,9026
2020-08-17,Canada,America,37742157,2809,14.4268384024792,124896,47,2.43759253081375,9073
2020-08-24,Canada,America,37742157,3044,15.5078576987532,127940,44,2.41109695982665,9117
2020-08-31,Canada,America,37742157,3955,18.5442501338755,131895,28,1.90768111107163,9145
2020-09-07,Canada,America,37742157,4764,23.1014883436577,136659,26,1.43076083330372,9171
2020-09-14,Canada,America,37742157,6990,31.1428941382444,143649,46,1.90768111107163,9217
2020-09-21,Canada,America,37742157,9476,43.6276071873688,153125,51,2.57007038574928,9268
2020-09-28,Canada,America,37742157,13031,59.6335816206795,166156,213,6.99483074059599,9481
2020-10-05,Canada,America,37742157,11961,66.2177310109753,178117,104,8.39909600291261,9585
2020-10-12,Canada,America,37742157,20031,84.7646307019495,198148,175,7.39226430540258,9760
2020-10-19,Canada,America,37742157,17956,100.64872550872,216104,186,9.56490112634527,9946
2020-10-26,Canada,America,37742157,20737,102.519312820409,236841,233,11.1016442435974,10179
2020-11-02,Canada,America,37742157,27272,127.202586751997,264113,343,15.2614488885731,10522
2020-11-09,Canada,America,37742157,31964,156.949164299221,296077,431,20.5075719440201,10953
2020-11-16,Canada,America,37742157,34426,175.904095783397,330503,502,24.7203677309699,11455
2020-11-23,Canada,America,37742157,39775,196.599786281425,370278,577,28.5887210950874,12032
2020-11-30,Canada,America,37742157,44904,224.361845561715,415182,633,32.0596408943983,12665
2020-12-07,Canada,America,37742157,45561,239.692182934855,460743,766,37.0673038109613,13431
2020-12-14,Canada,America,37742157,54571,265.30545140809,515314,901,44.1681168355057,14332
2020-12-21,Canada,America,37742157,36706,241.843623299008,552020,632,40.6177103232335,14964
2020-12-28,Canada,America,37742157,49643,228.786605916562,601663,901,40.6177103232335,15865
2021-01-04,Canada,America,37742157,66518,307.775202143322,668181,1221,56.223601634639,17086
2021-01-11,Canada,America,37742157,46891,300.483621007671,715072,1034,59.7475125759241,18120
2021-01-18,Canada,America,37742157,37939,224.76192868362,753011,1118,57.0184687642521,19238
2021-01-25,Canada,America,37742157,30578,181.539703732354,783589,898,53.4150711100057,20136
2021-02-01,Canada,America,37742157,24531,146.014442152843,808120,699,42.3134268664083,20835
2021-02-08,Canada,America,37742157,18804,114.818556872624,826924,476,31.1322959098496,21311
2021-02-15,Canada,America,37742157,22593,109.683715215323,849517,412,23.5280670365501,21723
2021-02-22,Canada,America,37742157,20516,114.219756968315,870033,294,18.7058731168968,22017
2020-03-16,Cayman Islands,America,65720,3,NA,3,1,NA,1
2020-03-23,Cayman Islands,America,65720,5,12.1728545343883,8,0,15.2160681679854,1
2020-03-30,Cayman Islands,America,65720,31,54.7778454047474,39,0,0,1
2020-04-06,Cayman Islands,America,65720,14,68.4723067559343,53,0,0,1
2020-04-13,Cayman Islands,America,65720,8,33.4753499695679,61,0,0,1
2020-04-20,Cayman Islands,America,65720,9,25.8673158855752,70,0,0,1
2020-04-27,Cayman Islands,America,65720,4,19.780888618381,74,0,0,1
2020-05-04,Cayman Islands,America,65720,7,16.7376749847839,81,0,0,1
2020-05-11,Cayman Islands,America,65720,13,30.4321363359708,94,0,0,1
2020-05-18,Cayman Islands,America,65720,35,73.0371272063299,129,0,0,1
2020-05-25,Cayman Islands,America,65720,12,71.5155203895314,141,0,0,1
2020-06-01,Cayman Islands,America,65720,23,53.2562385879489,164,0,0,1
2020-06-08,Cayman Islands,America,65720,23,69.9939135727328,187,0,0,1
2020-06-15,Cayman Islands,America,65720,8,47.1698113207547,195,0,0,1
2020-06-22,Cayman Islands,America,65720,1,13.6944613511869,196,0,0,1
2020-06-29,Cayman Islands,America,65720,5,9.12964090079124,201,0,0,1
2020-07-06,Cayman Islands,America,65720,0,7.6080340839927,201,0,0,1
2020-07-13,Cayman Islands,America,65720,2,3.04321363359708,203,0,0,1
2020-07-20,Cayman Islands,America,65720,0,3.04321363359708,203,0,0,1
2020-07-27,Cayman Islands,America,65720,0,0,203,0,0,1
2020-08-03,Cayman Islands,America,65720,0,0,203,0,0,1
2020-08-10,Cayman Islands,America,65720,0,0,203,0,0,1
2020-08-17,Cayman Islands,America,65720,2,3.04321363359708,205,0,0,1
2020-08-24,Cayman Islands,America,65720,0,3.04321363359708,205,0,0,1
2020-08-31,Cayman Islands,America,65720,0,0,205,0,0,1
2020-09-07,Cayman Islands,America,65720,3,4.56482045039562,208,0,0,1
2020-09-14,Cayman Islands,America,65720,1,6.08642726719416,209,0,0,1
2020-09-21,Cayman Islands,America,65720,1,3.04321363359708,210,0,0,1
2020-09-28,Cayman Islands,America,65720,3,6.08642726719416,213,0,0,1
2020-10-05,Cayman Islands,America,65720,8,16.7376749847839,221,0,0,1
2020-10-12,Cayman Islands,America,65720,12,30.4321363359708,233,0,0,1
2020-10-19,Cayman Islands,America,65720,6,27.3889227023737,239,0,0,1
2020-10-26,Cayman Islands,America,65720,1,10.6512477175898,240,0,0,1
2020-11-02,Cayman Islands,America,65720,10,16.7376749847839,250,0,0,1
2020-11-09,Cayman Islands,America,65720,4,21.3024954351796,254,0,0,1
2020-11-16,Cayman Islands,America,65720,7,16.7376749847839,261,1,15.2160681679854,2
2020-11-23,Cayman Islands,America,65720,13,30.4321363359708,274,0,15.2160681679854,2
2020-11-30,Cayman Islands,America,65720,14,41.0833840535606,288,0,0,2
2020-12-07,Cayman Islands,America,65720,10,36.5185636031649,298,0,0,2
2020-12-14,Cayman Islands,America,65720,18,42.6049908703591,316,0,0,2
2020-12-21,Cayman Islands,America,65720,2,30.4321363359708,318,0,0,2
2020-12-28,Cayman Islands,America,65720,29,47.1698113207547,347,0,0,2
2021-01-04,Cayman Islands,America,65720,15,66.9506999391357,362,0,0,2
2021-01-11,Cayman Islands,America,65720,18,50.2130249543518,380,0,0,2
2021-01-18,Cayman Islands,America,65720,3,31.9537431527693,383,0,0,2
2021-01-25,Cayman Islands,America,65720,15,27.3889227023737,398,0,0,2
2021-02-01,Cayman Islands,America,65720,10,38.0401704199635,408,0,0,2
2021-02-08,Cayman Islands,America,65720,8,27.3889227023737,416,0,0,2
2021-02-15,Cayman Islands,America,65720,15,34.9969567863664,431,0,0,2
2021-02-22,Cayman Islands,America,65720,16,47.1698113207547,447,0,0,2
2020-03-09,Central African Republic,Africa,4829764,1,NA,1,0,NA,0
2020-03-16,Central African Republic,Africa,4829764,3,0.0828197816704916,4,0,0,0
2020-03-23,Central African Republic,Africa,4829764,2,0.103524727088115,6,0,0,0
2020-03-30,Central African Republic,Africa,4829764,3,0.103524727088115,9,0,0,0
2020-04-06,Central African Republic,Africa,4829764,2,0.103524727088115,11,0,0,0
2020-04-13,Central African Republic,Africa,4829764,1,0.0621148362528687,12,0,0,0
2020-04-20,Central African Republic,Africa,4829764,7,0.165639563340983,19,0,0,0
2020-04-27,Central African Republic,Africa,4829764,53,1.24229672505737,72,0,0,0
2020-05-04,Central African Republic,Africa,4829764,107,3.31279126681966,179,0,0,0
2020-05-11,Central African Republic,Africa,4829764,148,5.27976108149384,327,0,0,0
2020-05-18,Central African Republic,Africa,4829764,277,8.79960180248973,604,1,0.207049454176229,1
2020-05-25,Central African Republic,Africa,4829764,407,14.1621826656541,1011,1,0.414098908352458,2
2020-06-01,Central African Republic,Africa,4829764,623,21.3260937801516,1634,3,0.828197816704916,5
2020-06-08,Central African Republic,Africa,4829764,588,25.0736889007413,2222,2,1.03524727088114,7
2020-06-15,Central African Republic,Africa,4829764,586,24.3076059202893,2808,16,3.72689017517212,23
2020-06-22,Central African Republic,Africa,4829764,621,24.9908691190708,3429,22,7.8678792586967,45
2020-06-29,Central African Republic,Africa,4829764,540,24.0384416298602,3969,3,5.17623635440572,48
2020-07-06,Central African Republic,Africa,4829764,319,17.7855481137381,4288,5,1.65639563340983,53
2020-07-13,Central African Republic,Africa,4829764,197,10.6837518354934,4485,2,1.4493461792336,55
2020-07-20,Central African Republic,Africa,4829764,114,6.43923802488072,4599,4,1.24229672505737,59
2020-07-27,Central African Republic,Africa,4829764,15,2.67093795887335,4614,0,0.828197816704916,59
2020-08-03,Central African Republic,Africa,4829764,27,0.869607707540161,4641,1,0.207049454176229,60
2020-08-10,Central African Republic,Africa,4829764,11,0.78678792586967,4652,1,0.414098908352458,61
2020-08-17,Central African Republic,Africa,4829764,27,0.78678792586967,4679,0,0.207049454176229,61
2020-08-24,Central African Republic,Africa,4829764,21,0.993837380045899,4700,0,0,61
2020-08-31,Central African Republic,Africa,4829764,29,1.03524727088114,4729,1,0.207049454176229,62
2020-09-07,Central African Republic,Africa,4829764,20,1.01454232546352,4749,0,0.207049454176229,62
2020-09-14,Central African Republic,Africa,4829764,44,1.32511650672787,4793,0,0,62
2020-09-21,Central African Republic,Africa,4829764,13,1.18018188880451,4806,0,0,62
2020-09-28,Central African Republic,Africa,4829764,39,1.07665716171639,4845,0,0,62
2020-10-05,Central African Republic,Africa,4829764,9,0.993837380045899,4854,0,0,62
2020-10-12,Central African Republic,Africa,4829764,1,0.207049454176229,4855,0,0,62
2020-10-19,Central African Republic,Africa,4829764,7,0.165639563340983,4862,0,0,62
2020-10-26,Central African Republic,Africa,4829764,4,0.227754399593852,4866,0,0,62
2020-11-02,Central African Republic,Africa,4829764,13,0.351984072099589,4879,0,0,62
2020-11-09,Central African Republic,Africa,4829764,21,0.703968144199178,4900,1,0.207049454176229,63
2020-11-16,Central African Republic,Africa,4829764,11,0.662558253363933,4911,0,0.207049454176229,63
2020-11-23,Central African Republic,Africa,4829764,2,0.269164290429098,4913,0,0,63
2020-11-30,Central African Republic,Africa,4829764,9,0.227754399593852,4922,0,0,63
2020-12-07,Central African Republic,Africa,4829764,14,0.476213744605327,4936,0,0,63
2020-12-14,Central African Republic,Africa,4829764,2,0.331279126681966,4938,0,0,63
2020-12-21,Central African Republic,Africa,4829764,23,0.517623635440572,4961,0,0,63
2020-12-28,Central African Republic,Africa,4829764,2,0.517623635440572,4963,0,0,63
2021-01-04,Central African Republic,Africa,4829764,10,0.248459345011475,4973,0,0,63
2021-01-11,Central African Republic,Africa,4829764,1,0.227754399593852,4974,0,0,63
2021-01-18,Central African Republic,Africa,4829764,6,0.14493461792336,4980,0,0,63
2021-01-25,Central African Republic,Africa,4829764,9,0.310574181264343,4989,0,0,63
2021-02-01,Central African Republic,Africa,4829764,0,0.186344508758606,4989,0,0,63
2021-02-08,Central African Republic,Africa,4829764,7,0.14493461792336,4996,0,0,63
2021-02-15,Central African Republic,Africa,4829764,1,0.165639563340983,4997,0,0,63
2021-02-22,Central African Republic,Africa,4829764,0,0.0207049454176229,4997,0,0,63
2020-03-16,Chad,Africa,16425859,2,NA,2,0,NA,0
2020-03-23,Chad,Africa,16425859,3,0.0304398083534018,5,0,0,0
2020-03-30,Chad,Africa,16425859,4,0.0426157316947625,9,0,0,0
2020-04-06,Chad,Africa,16425859,6,0.0608796167068036,15,0,0,0
2020-04-13,Chad,Africa,16425859,18,0.146111080096329,33,0,0,0
2020-04-20,Chad,Africa,16425859,13,0.188726811791091,46,0,0,0
2020-04-27,Chad,Africa,16425859,71,0.51138878033715,117,10,0.608796167068036,10
2020-05-04,Chad,Africa,16425859,205,1.68027742110778,322,21,1.88726811791091,31
2020-05-11,Chad,Africa,16425859,181,2.34995320488262,503,22,2.61782351839255,53
2020-05-18,Chad,Africa,16425859,172,2.14905046975017,675,7,1.7655088844973,60
2020-05-25,Chad,Africa,16425859,103,1.6741894594371,778,5,0.730555400481643,65
2020-06-01,Chad,Africa,16425859,59,0.986249790650218,837,4,0.547916550361232,69
2020-06-08,Chad,Africa,16425859,13,0.438333240288986,850,4,0.487036933654429,73
2020-06-15,Chad,Africa,16425859,8,0.127847195084287,858,1,0.304398083534018,74
2020-06-22,Chad,Africa,16425859,8,0.0974073867308857,866,0,0.0608796167068036,74
2020-06-29,Chad,Africa,16425859,6,0.085231463389525,872,0,0,74
2020-07-06,Chad,Africa,16425859,8,0.085231463389525,880,1,0.0608796167068036,75
2020-07-13,Chad,Africa,16425859,9,0.103495348401566,889,0,0.0608796167068036,75
2020-07-20,Chad,Africa,16425859,26,0.213078658473813,915,0,0,75
2020-07-27,Chad,Africa,16425859,21,0.286134198521977,936,0,0,75
2020-08-03,Chad,Africa,16425859,8,0.17655088844973,944,1,0.0608796167068036,76
2020-08-10,Chad,Africa,16425859,12,0.121759233413607,956,0,0.0608796167068036,76
2020-08-17,Chad,Africa,16425859,30,0.255694390168575,986,0,0,76
2020-08-24,Chad,Africa,16425859,26,0.3409258535581,1012,1,0.0608796167068036,77
2020-08-31,Chad,Africa,16425859,27,0.322661968546059,1039,2,0.182638850120411,79
2020-09-07,Chad,Africa,16425859,45,0.438333240288986,1084,1,0.182638850120411,80
2020-09-14,Chad,Africa,16425859,67,0.6818517071162,1151,1,0.121759233413607,81
2020-09-21,Chad,Africa,16425859,27,0.572268397043954,1178,3,0.243518466827214,84
2020-09-28,Chad,Africa,16425859,39,0.401805470264904,1217,2,0.304398083534018,86
2020-10-05,Chad,Africa,16425859,87,0.767083170505725,1304,6,0.487036933654429,92
2020-10-12,Chad,Africa,16425859,75,0.986249790650218,1379,1,0.426157316947625,93
2020-10-19,Chad,Africa,16425859,58,0.809698902200488,1437,3,0.243518466827214,96
2020-10-26,Chad,Africa,16425859,61,0.724467438810963,1498,2,0.304398083534018,98
2020-11-02,Chad,Africa,16425859,49,0.669675783774839,1547,1,0.182638850120411,99
2020-11-09,Chad,Africa,16425859,50,0.602708205397356,1597,2,0.182638850120411,101
2020-11-16,Chad,Africa,16425859,45,0.578356358714634,1642,0,0.121759233413607,101
2020-11-23,Chad,Africa,16425859,40,0.51747674200783,1682,0,0,101
2020-11-30,Chad,Africa,16425859,43,0.50530081866647,1725,1,0.0608796167068036,102
2020-12-07,Chad,Africa,16425859,45,0.535740627019872,1770,0,0.0608796167068036,102
2020-12-14,Chad,Africa,16425859,120,1.00451367566226,1890,0,0,102
2020-12-21,Chad,Africa,16425859,125,1.49155060931669,2015,2,0.121759233413607,104
2020-12-28,Chad,Africa,16425859,198,1.96641161962976,2213,0,0.121759233413607,104
2021-01-04,Chad,Africa,16425859,324,3.17791599209515,2537,3,0.182638850120411,107
2021-01-11,Chad,Africa,16425859,358,4.151989859404,2895,4,0.426157316947625,111
2021-01-18,Chad,Africa,16425859,266,3.79888808250454,3161,5,0.547916550361232,116
2021-01-25,Chad,Africa,16425859,224,2.98310121863338,3385,5,0.608796167068036,121
2021-02-01,Chad,Africa,16425859,112,2.0455551213486,3497,4,0.547916550361232,125
2021-02-08,Chad,Africa,16425859,148,1.58287003437689,3645,4,0.487036933654429,129
2021-02-15,Chad,Africa,16425859,204,2.14296250807949,3849,5,0.547916550361232,134
2021-02-22,Chad,Africa,16425859,124,1.99685142798316,3973,6,0.669675783774839,140
2020-03-02,Chile,America,19116209,10,NA,10,0,NA,0
2020-03-09,Chile,America,19116209,65,0.392337204515812,75,0,0,0
2020-03-16,Chile,America,19116209,557,3.2537832161178,632,1,0.0523116272687749,1
2020-03-23,Chile,America,19116209,1507,10.7971198682751,2139,6,0.366181390881424,7
2020-03-30,Chile,America,19116209,2332,20.0824337084827,4471,27,1.72628369986957,34
2020-04-06,Chile,America,19116209,2742,26.5429196761764,7213,46,3.81874879062057,80
2020-04-13,Chile,America,19116209,2875,29.3834410368709,10088,53,5.17885109960871,133
2020-04-20,Chile,America,19116209,3243,32.0042535630365,13331,56,5.70196737229646,189
2020-04-27,Chile,America,19116209,6332,50.088383109852,19663,71,6.64357666313441,260
2020-05-04,Chile,America,19116209,9203,81.2661129620418,28866,52,6.43433015405931,312
2020-05-11,Chile,America,19116209,14915,126.165182646831,43781,138,9.93920918106723,450
2020-05-18,Chile,America,19116209,25321,210.481063478643,69102,268,21.2385206711226,718
2020-05-25,Chile,America,19116209,30586,292.45861457154,99688,336,31.59622287034,1054
2020-06-01,Chile,America,19116209,34462,340.276673057927,134150,1136,77.0027153396366,2190
2020-06-08,Chile,America,19116209,40143,390.270895238695,174293,1133,118.69508227285,3323
2020-06-15,Chile,America,19116209,68062,566.037962861779,242355,1156,119.741314818226,4479
2020-06-22,Chile,America,19116209,29627,511.027055625935,271982,1030,114.353217209542,5509
2020-06-29,Chile,America,19116209,23550,278.177540327164,295532,799,95.6779662745893,6308
2020-07-06,Chile,America,19116209,19509,225.248635856618,315041,671,76.8980920850991,6979
2020-07-13,Chile,America,19116209,15889,185.172698206009,330930,1524,114.824021854961,8503
2020-07-20,Chile,America,19116209,14860,160.853022688756,345790,609,111.580700964297,9112
2020-07-27,Chile,America,19116209,13941,150.662717696799,359731,496,57.8043481319963,9608
2020-08-03,Chile,America,19116209,13325,142.632882911042,373056,469,50.4807203143678,10077
2020-08-10,Chile,America,19116209,12890,137.134930885093,385946,375,44.151013414846,10452
2020-08-17,Chile,America,19116209,11719,128.733683545728,397665,400,40.5415111333005,10852
2020-08-24,Chile,America,19116209,12309,125.694378001412,409974,392,41.4308087968697,11244
2020-08-31,Chile,America,19116209,12536,129.968237949271,422510,348,38.7106041788934,11592
2020-09-07,Chile,America,19116209,12238,129.596825395663,434748,357,36.8796972244863,11949
2020-09-14,Chile,America,19116209,11526,124.313351041517,446274,337,36.3042693245298,12286
2020-09-21,Chile,America,19116209,11627,121.117110615395,457901,355,36.1996460699922,12641
2020-09-28,Chile,America,19116209,12278,125.050944986006,470179,338,36.251957697261,12979
2020-10-05,Chile,America,19116209,11192,122.775389199815,481371,339,35.4149716609606,13318
2020-10-12,Chile,America,19116209,10389,112.893722808743,491760,317,34.3164274883163,13635
2020-10-19,Chile,America,19116209,10303,108.243219144549,502063,309,32.7470786702531,13944
2020-10-26,Chile,America,19116209,9801,105.167295461145,511864,303,32.0147158884902,14247
2020-11-02,Chile,America,19116209,9694,101.981517360477,521558,296,31.3346647339962,14543
2020-11-09,Chile,America,19116209,9715,101.531637365965,531273,276,29.9222507977392,14819
2020-11-16,Chile,America,19116209,9367,99.8210471542762,540640,250,27.5159159433756,15069
2020-11-23,Chile,America,19116209,9790,100.213384358792,550430,287,28.0913438433321,15356
2020-11-30,Chile,America,19116209,9952,103.273614554015,560382,272,29.2421996432452,15628
2020-12-07,Chile,America,19116209,11537,112.41245583787,571919,258,27.7251624524507,15886
2020-12-14,Chile,America,19116209,15569,141.795896874741,587488,311,29.7653159159329,16197
2020-12-21,Chile,America,19116209,14540,157.505078543554,602028,246,29.1375763887076,16443
2020-12-28,Chile,America,19116209,16163,160.61238920332,618191,324,29.8176275432017,16767
2021-01-04,Chile,America,19116209,27701,229.459721851754,645892,395,37.6120600062491,17162
2021-01-11,Chile,America,19116209,27858,290.638169942586,673750,385,40.8030692696444,17547
2021-01-18,Chile,America,19116209,29428,299.672387971904,703178,452,43.7848320239646,17999
2021-01-25,Chile,America,19116209,27710,298.898175888326,730888,538,51.7885109960871,18537
2021-02-01,Chile,America,19116209,24462,272.920221786652,755350,519,55.2933900230951,19056
2021-02-08,Chile,America,19116209,24191,254.511760150771,779541,568,56.8627388411583,19624
2021-02-15,Chile,America,19116209,23468,249.311984400254,803009,502,55.9734411775891,20126
2021-02-22,Chile,America,19116209,26761,262.756072608329,829770,534,54.1948458504508,20660
2019-12-30,China,Asia,1439323774,59,NA,59,0,NA,0
2020-01-06,China,Asia,1439323774,0,0.0040991471874347,59,1,6.94770709734695e-4,1
2020-01-13,China,Asia,1439323774,176,0.0122279644913306,235,2,0.00208431212920409,3
2020-01-20,China,Asia,1439323774,2540,0.188699724763943,2775,78,0.0555816567787756,81
2020-01-27,China,Asia,1439323774,14436,1.17944275684562,17211,280,0.248727914085021,361
2020-02-03,China,Asia,1439323774,22995,2.60059624360794,40206,548,0.575270147660328,909
2020-02-10,China,Asia,1439323774,30412,3.71056192948009,70618,862,0.97962670072592,1771
2020-02-17,China,Asia,1439323774,6616,2.57259698400563,77234,824,1.1713834166127,2595
2020-02-24,China,Asia,1439323774,2900,0.661143807383536,80134,319,0.794122921226757,2914
2020-03-02,China,Asia,1439323774,725,0.251854382278827,80859,208,0.366144164030184,3122
2020-03-09,China,Asia,1439323774,161,0.061556684882494,81020,94,0.209820754339878,3216
2020-03-16,China,Asia,1439323774,464,0.0434231693584185,81484,58,0.105605147879674,3274
2020-03-23,China,Asia,1439323774,673,0.0789954296968349,82157,32,0.0625293638761226,3306
2020-03-30,China,Asia,1439323774,485,0.0804544481872777,82642,29,0.0423810132938164,3335
2020-04-06,China,Asia,1439323774,567,0.0730898786640899,83209,10,0.0270960576796531,3345
2020-04-13,China,Asia,1439323774,608,0.0816355583938267,83817,1291,0.903896693364839,4636
2020-04-20,China,Asia,1439323774,95,0.0488423808943491,83912,1,0.897643756977226,4637
2020-04-27,China,Asia,1439323774,52,0.0102131294331,83964,0,6.94770709734695e-4,4637
2020-05-04,China,Asia,1439323774,46,0.00680875295540001,84010,0,0,4637
2020-05-11,China,Asia,1439323774,44,0.00625293638761226,84054,1,6.94770709734695e-4,4638
2020-05-18,China,Asia,1439323774,41,0.00590555103274491,84095,0,6.94770709734695e-4,4638
2020-05-25,China,Asia,1439323774,52,0.00646136760053267,84147,0,0,4638
2020-06-01,China,Asia,1439323774,44,0.00666979881345307,84191,0,0,4638
2020-06-08,China,Asia,1439323774,144,0.0130616893430123,84335,0,0,4638
2020-06-15,China,Asia,1439323774,237,0.0264707640408919,84572,1,6.94770709734695e-4,4639
2020-06-22,China,Asia,1439323774,185,0.0293193239508041,84757,2,0.00208431212920409,4641
2020-06-29,China,Asia,1439323774,114,0.0207736442210674,84871,0,0.00138954141946939,4641
2020-07-06,China,Asia,1439323774,246,0.025011745550449,85117,0,0,4641
2020-07-13,China,Asia,1439323774,496,0.0515519866623144,85613,5,0.00347385354867348,4646
2020-07-20,China,Asia,1439323774,957,0.100950184124451,86570,6,0.00764247780708165,4652
2020-07-27,China,Asia,1439323774,1415,0.16479961234907,87985,17,0.015979726323898,4669
2020-08-03,China,Asia,1439323774,808,0.154447528774023,88793,17,0.0236222041309796,4686
2020-08-10,China,Asia,1439323774,582,0.0965731286531226,89375,17,0.0236222041309796,4703
2020-08-17,China,Asia,1439323774,320,0.0626683180180695,89695,8,0.0173692677433674,4711
2020-08-24,China,Asia,1439323774,200,0.0361280769062042,89895,11,0.0132006434849592,4722
2020-08-31,China,Asia,1439323774,163,0.0252201767633694,90058,8,0.0132006434849592,4730
2020-09-07,China,Asia,1439323774,139,0.0209820754339878,90197,4,0.00833724851681634,4734
2020-09-14,China,Asia,1439323774,172,0.021607369072749,90369,3,0.00486339496814287,4737
2020-09-21,China,Asia,1439323774,114,0.0198704422984123,90483,2,0.00347385354867348,4739
2020-09-28,China,Asia,1439323774,146,0.0180640384531021,90629,0,0.00138954141946939,4739
2020-10-05,China,Asia,1439323774,183,0.0228579563502715,90812,0,0,4739
2020-10-12,China,Asia,1439323774,160,0.0238306353439,90972,0,0,4739
2020-10-19,China,Asia,1439323774,179,0.0235527270600062,91151,0,0,4739
2020-10-26,China,Asia,1439323774,196,0.0260539016150511,91347,0,0,4739
2020-11-02,China,Asia,1439323774,213,0.028416122028149,91560,0,0,4739
2020-11-09,China,Asia,1439323774,76,0.0200788735113327,91636,0,0,4739
2020-11-16,China,Asia,1439323774,95,0.0118805791364633,91731,0,0,4739
2020-11-23,China,Asia,1439323774,83,0.0123669186332776,91814,0,0,4739
2020-11-30,China,Asia,1439323774,104,0.0129922122720388,91918,0,0,4739
2020-12-07,China,Asia,1439323774,103,0.0143817536915082,92021,0,0,4739
2020-12-14,China,Asia,1439323774,3029,0.217602186288907,95050,25,0.0173692677433674,4764
2020-12-21,China,Asia,1439323774,245,0.227467930367139,95295,7,0.0222326627115103,4771
2020-12-28,China,Asia,1439323774,918,0.0808018335421451,96213,14,0.0145901849044286,4785
2021-01-04,China,Asia,1439323774,611,0.106230441518435,96824,2,0.0111163313557551,4787
2021-01-11,China,Asia,1439323774,1115,0.119917424500208,97939,10,0.00833724851681634,4797
2021-01-18,China,Asia,1439323774,1308,0.168342942968717,99247,7,0.0118111020654898,4804
2021-01-25,China,Asia,1439323774,816,0.147569298747649,100063,13,0.0138954141946939,4817
2021-02-01,China,Asia,1439323774,325,0.0792733379807287,100388,5,0.0125058727752245,4822
2021-02-08,China,Asia,1439323774,211,0.0372397100417797,100599,7,0.00833724851681634,4829
2021-02-15,China,Asia,1439323774,175,0.0268181493957592,100774,4,0.00764247780708165,4833
2021-02-22,China,Asia,1439323774,191,0.0254286079762898,100965,2,0.00416862425840817,4835
2020-03-09,Colombia,America,50882884,45,NA,45,0,NA,0
2020-03-16,Colombia,America,50882884,190,0.461844890710204,235,2,0.0393059481455493,2
2020-03-23,Colombia,America,50882884,467,1.29120039658129,702,8,0.196529740727747,10
2020-03-30,Colombia,America,50882884,783,2.45662175909683,1485,25,0.648548144401563,35
2020-04-06,Colombia,America,50882884,1291,4.07602682269346,2776,74,1.94564443320469,109
2020-04-13,Colombia,America,50882884,1016,4.53394111858911,3792,70,2.83002826647955,179
2020-04-20,Colombia,America,50882884,1587,5.11566915114324,5379,64,2.6334985257518,243
2020-04-27,Colombia,America,50882884,2289,7.61749275060745,7668,97,3.16412882571672,340
2020-05-04,Colombia,America,50882884,3395,11.1707504629651,11063,123,4.32365429601042,463
2020-05-11,Colombia,America,50882884,4511,15.5376413019356,15574,111,4.59879593302927,574
2020-05-18,Colombia,America,50882884,5601,19.8730873823897,21175,153,5.18838515521251,727
2020-05-25,Colombia,America,50882884,8208,27.1387918970945,29383,212,7.17333553656275,939
2020-06-01,Colombia,America,50882884,9853,35.4952364728383,39236,320,10.4553822067161,1259
2020-06-08,Colombia,America,50882884,11703,42.363950911273,50939,408,14.3073651249799,1667
2020-06-15,Colombia,America,50882884,17713,57.8111885324739,68652,570,19.2206086431736,2237
2020-06-22,Colombia,America,50882884,23117,80.2430931391389,91769,869,28.2806296907227,3106
2020-06-29,Colombia,America,50882884,25341,95.2343817618514,117110,958,35.9059836309593,4064
2020-07-06,Colombia,America,50882884,33335,115.315790669413,150445,1243,43.256195934177,5307
2020-07-13,Colombia,America,50882884,46833,157.55396254662,197278,1429,52.5127467224539,6736
2020-07-20,Colombia,America,50882884,51698,193.642718836456,248976,1789,63.2432705661888,8525
2020-07-27,Colombia,America,50882884,68675,236.56874480621,317651,2125,76.92174052084,10650
2020-08-03,Colombia,America,50882884,69830,272.203517394965,387481,2192,84.8418890721682,12842
2020-08-10,Colombia,America,50882884,80851,296.132978625976,468332,2255,87.3967757016289,15097
2020-08-17,Colombia,America,50882884,72815,301.999391386699,541147,2219,87.9274060015938,17316
2020-08-24,Colombia,America,50882884,66791,274.367309840378,607938,2048,83.8592403685294,19364
2020-08-31,Colombia,America,50882884,58583,246.397197140005,666521,2048,80.498581802085,21412
2020-09-07,Colombia,America,50882884,49798,213.000898298139,716319,1512,69.9645876990778,22924
2020-09-14,Colombia,America,50882884,48757,193.689885974231,765076,1284,54.9497155074779,24208
2020-09-21,Colombia,America,50882884,47980,190.1169752878,813056,1280,50.3902255225942,25488
2020-09-28,Colombia,America,50882884,41996,176.829599517197,855052,1224,49.2110470782277,26712
2020-10-05,Colombia,America,50882884,56264,193.110123239084,911316,1122,46.1058771747293,27834
2020-10-12,Colombia,America,50882884,48256,205.412885008641,959572,1136,44.3764154563252,28970
2020-10-19,Colombia,America,50882884,56313,205.509184581597,1015885,1184,45.5948998488372,30154
2020-10-26,Colombia,America,50882884,67436,243.203588853179,1083321,1361,50.0168190152115,31515
2020-11-02,Colombia,America,50882884,60566,251.56199872633,1143887,1276,51.8248926299068,32791
2020-11-09,Colombia,America,50882884,54859,226.844453235001,1198746,1240,49.446882767101,34031
2020-11-16,Colombia,America,50882884,49671,205.432537982713,1248417,1256,49.0538232856455,35287
2020-11-23,Colombia,America,50882884,59959,215.455554759829,1308376,1297,50.1740428077937,36584
2020-11-30,Colombia,America,50882884,62727,241.114477709243,1371103,1224,49.5451476374649,37808
2020-12-07,Colombia,America,50882884,54671,230.72198501956,1425774,1245,48.5231929856806,39053
2020-12-14,Colombia,America,50882884,92293,288.827968163125,1518067,1627,56.4433415370088,40680
2020-12-21,Colombia,America,50882884,85740,349.887793309829,1603807,1694,65.2675268956846,42374
2020-12-28,Colombia,America,50882884,72013,310.031561890242,1675820,1591,64.5600198290647,43965
2021-01-04,Colombia,America,50882884,126083,389.317555192037,1801903,2486,80.1251752947023,46451
2021-01-11,Colombia,America,50882884,121229,486.041632388604,1923132,2553,99.0313363527115,49004
2021-01-18,Colombia,America,50882884,104614,443.848662351765,2027746,2743,104.082150689415,51747
2021-01-25,Colombia,America,50882884,76760,356.453851947543,2104506,2525,103.531867415377,54272
2021-02-01,Colombia,America,50882884,56956,262.791708111514,2161462,2018,89.2834612126152,56290
2021-02-08,Colombia,America,50882884,37087,184.822464072595,2198549,1496,69.0605508917301,57786
2021-02-15,Colombia,America,50882884,31114,134.03524847373,2229663,1188,52.7485824113272,58974
2021-02-22,Colombia,America,50882884,25597,111.453981264112,2255260,892,40.8781860713713,59866
2020-04-27,Comoros,Africa,869595,3,NA,3,0,NA,0
2020-05-04,Comoros,Africa,869595,8,1.26495667523387,11,1,1.14996061384898,1
2020-05-11,Comoros,Africa,869595,0,0.919968491079181,11,0,1.14996061384898,1
2020-05-18,Comoros,Africa,869595,76,8.73970066525222,87,0,0,1
2020-05-25,Comoros,Africa,869595,19,10.9246258315653,106,1,1.14996061384898,2
2020-06-01,Comoros,Africa,869595,35,6.20978731478447,141,0,1.14996061384898,2
2020-06-08,Comoros,Africa,869595,35,8.04972429694283,176,0,0,2
2020-06-15,Comoros,Africa,869595,71,12.1895825067991,247,3,3.44988184154693,5
2020-06-22,Comoros,Africa,869595,25,11.0396218929502,272,2,5.74980306924488,7
2020-06-29,Comoros,Africa,869595,39,7.35974792863345,311,0,2.29992122769795,7
2020-07-06,Comoros,Africa,869595,6,5.17482276232039,317,0,0,7
2020-07-13,Comoros,Africa,869595,17,2.64490941185264,334,0,0,7
2020-07-20,Comoros,Africa,869595,6,2.64490941185264,340,0,0,7
2020-07-27,Comoros,Africa,869595,46,5.97979519201467,386,0,0,7
2020-08-03,Comoros,Africa,869595,13,6.78476762170896,399,0,0,7
2020-08-10,Comoros,Africa,869595,6,2.18492516631305,405,0,0,7
2020-08-17,Comoros,Africa,869595,12,2.06992910492816,417,0,0,7
2020-08-24,Comoros,Africa,869595,6,2.06992910492816,423,0,0,7
2020-08-31,Comoros,Africa,869595,29,4.02486214847141,452,0,0,7
2020-09-07,Comoros,Africa,869595,4,3.79487002570162,456,0,0,7
2020-09-14,Comoros,Africa,869595,14,2.06992910492816,470,0,0,7
2020-09-21,Comoros,Africa,869595,8,2.52991335046775,478,0,0,7
2020-09-28,Comoros,Africa,869595,9,1.95493304354326,487,0,0,7
2020-10-05,Comoros,Africa,869595,8,1.95493304354326,495,0,0,7
2020-10-12,Comoros,Africa,869595,7,1.72494092077346,502,0,0,7
2020-10-19,Comoros,Africa,869595,15,2.52991335046775,517,0,0,7
2020-10-26,Comoros,Africa,869595,28,4.9448306395506,545,0,0,7
2020-11-02,Comoros,Africa,869595,18,5.28981882370529,563,0,0,7
2020-11-09,Comoros,Africa,869595,16,3.90986608708652,579,0,0,7
2020-11-16,Comoros,Africa,869595,17,3.79487002570162,596,0,0,7
2020-11-23,Comoros,Africa,869595,15,3.67987396431672,611,0,0,7
2020-11-30,Comoros,Africa,869595,5,2.29992122769795,616,0,0,7
2020-12-07,Comoros,Africa,869595,12,1.95493304354326,628,0,0,7
2020-12-14,Comoros,Africa,869595,38,5.74980306924488,666,0,0,7
2020-12-21,Comoros,Africa,869595,65,11.8445943226445,731,0,0,7
2020-12-28,Comoros,Africa,869595,133,22.7692201542097,864,6,6.89976368309385,13
2021-01-04,Comoros,Africa,869595,296,49.3333103341211,1160,5,12.6495667523387,18
2021-01-11,Comoros,Africa,869595,432,83.7171326882054,1592,27,36.7987396431672,45
2021-01-18,Comoros,Africa,869595,676,127.415636014467,2268,26,60.9479125339957,71
2021-01-25,Comoros,Africa,869595,543,140.18019882819,2811,27,60.9479125339957,98
2021-02-01,Comoros,Africa,869595,277,94.296770335616,3088,14,47.148385167808,112
2021-02-08,Comoros,Africa,869595,246,60.1429401043014,3334,17,35.6487790293183,129
2021-02-15,Comoros,Africa,869595,168,47.6083694133476,3502,14,35.6487790293183,143
2021-02-22,Comoros,Africa,869595,69,27.2540665482207,3571,1,17.2494092077346,144
2020-03-09,Congo,Africa,5518092,1,NA,1,0,NA,0
2020-03-16,Congo,Africa,5518092,3,0.0724888240355543,4,0,0,0
2020-03-23,Congo,Africa,5518092,15,0.326199708159994,19,0,0,0
2020-03-30,Congo,Africa,5518092,26,0.743010446364432,45,5,0.906110300444429,5
2020-04-06,Congo,Africa,5518092,25,0.924232506453318,70,0,0.906110300444429,5
2020-04-13,Congo,Africa,5518092,90,2.08405369102219,160,1,0.181222060088886,6
2020-04-20,Congo,Africa,5518092,40,2.35588678115552,200,2,0.543666180266657,8
2020-04-27,Congo,Africa,5518092,29,1.25043221461331,229,2,0.724888240355543,10
2020-05-04,Congo,Africa,5518092,58,1.57663192277331,287,0,0.362444120177772,10
2020-05-11,Congo,Africa,5518092,125,3.31636369962661,412,5,0.906110300444429,15
2020-05-18,Congo,Africa,5518092,75,3.62444120177772,487,1,1.08733236053332,16
2020-05-25,Congo,Africa,5518092,124,3.60631899576883,611,4,0.906110300444429,20
2020-06-01,Congo,Africa,5518092,72,3.55195237774216,683,2,1.08733236053332,22
2020-06-08,Congo,Africa,5518092,96,3.04453060949328,779,3,0.906110300444429,25
2020-06-15,Congo,Africa,5518092,234,5.98032798293323,1013,3,1.08733236053332,28
2020-06-22,Congo,Africa,5518092,232,8.44494800014208,1245,12,2.71833090133329,40
2020-06-29,Congo,Africa,5518092,312,9.85848006883539,1557,4,2.89955296142217,44
2020-07-06,Congo,Africa,5518092,546,15.5488527556264,2103,3,1.2685544206222,47
2020-07-13,Congo,Africa,5518092,530,19.4994936655641,2633,2,0.906110300444429,49
2020-07-20,Congo,Africa,5518092,405,16.9442626183108,3038,2,0.724888240355543,51
2020-07-27,Congo,Africa,5518092,349,13.664143330702,3387,5,1.2685544206222,56
2020-08-03,Congo,Africa,5518092,277,11.3445009615643,3664,2,1.2685544206222,58
2020-08-10,Congo,Africa,5518092,171,8.11874829198208,3835,18,3.62444120177772,76
2020-08-17,Congo,Africa,5518092,15,3.37073031765328,3850,1,3.44321914168883,77
2020-08-24,Congo,Africa,5518092,129,2.60959766527996,3979,1,0.362444120177772,78
2020-08-31,Congo,Africa,5518092,649,14.0990762749153,4628,4,0.906110300444429,82
2020-09-07,Congo,Africa,5518092,306,17.3067067384886,4934,6,1.81222060088886,88
2020-09-14,Congo,Africa,5518092,52,6.48774975118211,4986,1,1.2685544206222,89
2020-09-21,Congo,Africa,5518092,22,1.34104324465776,5008,0,0.181222060088886,89
2020-09-28,Congo,Africa,5518092,81,1.86658721891552,5089,0,0,89
2020-10-05,Congo,Africa,5518092,29,1.99344266097774,5118,1,0.181222060088886,90
2020-10-12,Congo,Africa,5518092,38,1.21418780259554,5156,2,0.543666180266657,92
2020-10-19,Congo,Africa,5518092,97,2.44649781119996,5253,0,0.362444120177772,92
2020-10-26,Congo,Africa,5518092,37,2.42837560519107,5290,0,0,92
2020-11-02,Congo,Africa,5518092,89,2.28339795711996,5379,0,0,92
2020-11-09,Congo,Africa,5518092,0,1.61287633479108,5379,0,0,92
2020-11-16,Congo,Africa,5518092,253,4.58491812024881,5632,0,0,92
2020-11-23,Congo,Africa,5518092,142,7.15827137351099,5774,2,0.362444120177772,94
2020-11-30,Congo,Africa,5518092,0,2.57335325326218,5774,0,0.362444120177772,94
2020-12-07,Congo,Africa,5518092,426,7.72005975978654,6200,6,1.08733236053332,100
2020-12-14,Congo,Africa,5518092,0,7.72005975978654,6200,0,1.08733236053332,100
2020-12-21,Congo,Africa,5518092,371,6.72333842929766,6571,0,0,100
2020-12-28,Congo,Africa,5518092,536,16.4368408500619,7107,8,1.44977648071109,108
2021-01-04,Congo,Africa,5518092,110,11.706945081742,7217,0,1.44977648071109,108
2021-01-11,Congo,Africa,5518092,492,10.9095680173509,7709,6,1.08733236053332,114
2021-01-18,Congo,Africa,5518092,85,10.4565128671287,7794,3,1.63099854079997,117
2021-01-25,Congo,Africa,5518092,93,3.22575266958217,7887,1,0.724888240355543,118
2021-02-01,Congo,Africa,5518092,173,4.82050679836436,8060,4,0.906110300444429,122
2021-02-08,Congo,Africa,5518092,359,9.64101359672872,8419,1,0.906110300444429,123
2021-02-15,Congo,Africa,5518092,206,10.2390463950221,8625,4,0.906110300444429,127
2021-02-22,Congo,Africa,5518092,195,7.26700460956432,8820,1,0.906110300444429,128
2020-03-02,Costa Rica,America,5094114,5,NA,5,0,NA,0
2020-03-09,Costa Rica,America,5094114,30,0.68706746649172,35,0,0,0
2020-03-16,Costa Rica,America,5094114,99,2.53233437649805,134,2,0.392609980852411,2
2020-03-23,Costa Rica,America,5094114,180,5.47690923289114,314,0,0.392609980852411,2
2020-03-30,Costa Rica,America,5094114,140,6.2817596936385804,454,0,0,2
2020-04-06,Costa Rica,America,5094114,141,5.51617023097638,595,1,0.196304990426206,3
2020-04-13,Costa Rica,America,5094114,65,4.04388280277983,660,1,0.392609980852411,4
2020-04-20,Costa Rica,America,5094114,35,1.96304990426206,695,2,0.588914971278617,6
2020-04-27,Costa Rica,America,5094114,44,1.55080942436702,739,0,0.392609980852411,6
2020-05-04,Costa Rica,America,5094114,53,1.90415840713419,792,0,0,6
2020-05-11,Costa Rica,America,5094114,71,2.43418188128495,863,4,0.785219961704823,10
2020-05-18,Costa Rica,America,5094114,67,2.70900886788164,930,0,0.785219961704823,10
2020-05-25,Costa Rica,America,5094114,126,3.78868631522577,1056,0,0,10
2020-06-01,Costa Rica,America,5094114,262,7.61663362853678,1318,0,0,10
2020-06-08,Costa Rica,America,5094114,397,12.936498869087,1715,2,0.392609980852411,12
2020-06-15,Costa Rica,America,5094114,498,17.5692966431454,2213,0,0.392609980852411,12
2020-06-22,Costa Rica,America,5094114,917,27.7771561453081,3130,3,0.588914971278617,15
2020-06-29,Costa Rica,America,5094114,1866,54.631678835613,4996,4,1.37413493298344,19
2020-07-06,Costa Rica,America,5094114,2600,87.6698087243434,7596,11,2.94457485639308,30
2020-07-13,Costa Rica,America,5094114,3518,120.099393142753,11114,32,8.44111458832684,62
2020-07-20,Costa Rica,America,5094114,4115,149.839599192323,15229,42,14.5265692915392,104
2020-07-27,Costa Rica,America,5094114,3746,154.31535297404,18975,58,19.6304990426206,162
2020-08-03,Costa Rica,America,5094114,4311,158.16293078639401,23286,73,25.7159537458329,235
2020-08-10,Costa Rica,America,5094114,5179,186.293435914469,28465,59,25.9122587362591,294
2020-08-17,Costa Rica,America,5094114,5355,206.787676914965,33820,61,23.5565988511447,355
2020-08-24,Costa Rica,America,5094114,5879,220.529026244799,39699,63,24.3418188128495,418
2020-08-31,Costa Rica,America,5094114,7221,257.159537458329,46920,60,24.1455138224233,478
2020-09-07,Costa Rica,America,5094114,8534,309.278512416487,55454,112,33.7644583533074,590
2020-09-14,Costa Rica,America,5094114,8258,329.635339923685,63712,116,44.7575378171749,706
2020-09-21,Costa Rica,America,5094114,8337,325.768131612288,72049,122,46.7205877214369,828
2020-09-28,Costa Rica,America,5094114,7133,303.68382018934,79182,122,47.8984176639942,950
2020-10-05,Costa Rica,America,5094114,8257,302.113380265931,87439,126,48.683637625699,1076
2020-10-12,Costa Rica,America,5094114,8075,320.605310364079,95514,107,45.7390627693059,1183
2020-10-19,Costa Rica,America,5094114,7574,307.197679517969,103088,99,40.4388280277984,1282
2020-10-26,Costa Rica,America,5094114,6883,283.798124659166,109971,103,39.6536080660935,1385
2020-11-02,Costa Rica,America,5094114,6392,260.594874790788,116363,79,35.7275082575694,1464
2020-11-09,Costa Rica,America,5094114,6860,260.143373312808,123223,82,31.6051034586191,1546
2020-11-16,Costa Rica,America,5094114,6195,256.276165001411,129418,62,28.2679186213736,1608
2020-11-23,Costa Rica,America,5094114,7675,272.275021721147,137093,82,28.2679186213736,1690
2020-11-30,Costa Rica,America,5094114,6592,280.068329841068,143685,83,32.3903234203239,1773
2020-12-07,Costa Rica,America,5094114,9484,315.579902609168,153169,163,48.2910276448466,1936
2020-12-14,Costa Rica,America,5094114,6724,318.171128482794,159893,101,51.8245174725183,2037
2020-12-21,Costa Rica,America,5094114,5869,247.206874443721,165762,107,40.8314380086508,2144
2020-12-28,Costa Rica,America,5094114,6674,246.22534949159,172436,85,37.6905581618315,2229
2021-01-04,Costa Rica,America,5094114,7625,280.696505810431,180061,124,41.027742999077,2353
2021-01-11,Costa Rica,America,5094114,5955,266.582176998787,186016,105,44.9538428076011,2458
2021-01-18,Costa Rica,America,5094114,4729,209.732251771358,190745,100,40.2425230373722,2558
2021-01-25,Costa Rica,America,5094114,3824,167.899658311534,194569,76,34.5496783150122,2634
2021-02-01,Costa Rica,America,5094114,2866,131.328038595131,197435,58,26.3048687171116,2692
2021-02-08,Costa Rica,America,5094114,2589,107.084372277495,200024,38,18.8452790809157,2730
2021-02-15,Costa Rica,America,5094114,2650,102.844184484289,202674,52,17.6674491383585,2782
2021-02-22,Costa Rica,America,5094114,2412,99.3695861537453,205086,30,16.0970092149489,2812
2020-03-09,Côte d’Ivoire,Africa,26378275,4,NA,4,0,NA,0
2020-03-16,Côte d’Ivoire,Africa,26378275,21,0.0947749615924468,25,0,0,0
2020-03-23,Côte d’Ivoire,Africa,26378275,140,0.610350752655357,165,1,0.0379099846369787,1
2020-03-30,Côte d’Ivoire,Africa,26378275,96,0.894675637432698,261,2,0.113729953910936,3
2020-04-06,Côte d’Ivoire,Africa,26378275,313,1.55051837165243,574,2,0.151639938547915,5
2020-04-13,Côte d’Ivoire,Africa,26378275,273,2.22152509972695,847,4,0.227459907821872,9
2020-04-20,Côte d’Ivoire,Africa,26378275,303,2.18361511508998,1150,5,0.341189861732809,14
2020-04-27,Côte d’Ivoire,Africa,26378275,248,2.08884015349753,1398,3,0.30327987709583,17
2020-05-04,Côte d’Ivoire,Africa,26378275,302,2.08504915503383,1700,4,0.265369892458851,21
2020-05-11,Côte d’Ivoire,Africa,26378275,409,2.69539990768919,2109,6,0.379099846369787,27
2020-05-18,Côte d’Ivoire,Africa,26378275,267,2.56271496145976,2376,3,0.341189861732809,30
2020-05-25,Côte d’Ivoire,Africa,26378275,457,2.74468288771726,2833,3,0.227459907821872,33
2020-06-01,Côte d’Ivoire,Africa,26378275,906,5.1671309060202,3739,3,0.227459907821872,36
2020-06-08,Côte d’Ivoire,Africa,26378275,1345,8.53353754178391,5084,9,0.454919815643745,45
2020-06-15,Côte d’Ivoire,Africa,26378275,2408,14.2276172342581,7492,6,0.568649769554681,51
2020-06-22,Côte d’Ivoire,Africa,26378275,1452,14.6332540698738,8944,15,0.796109677376553,66
2020-06-29,Côte d’Ivoire,Africa,26378275,1828,12.434474960929,10772,8,0.871929646650511,74
2020-07-06,Côte d’Ivoire,Africa,26378275,1994,14.4891961282533,12766,10,0.682379723465617,84
2020-07-13,Côte d’Ivoire,Africa,26378275,1353,12.6884718579968,14119,8,0.682379723465617,92
2020-07-20,Côte d’Ivoire,Africa,26378275,1477,10.728525652265,15596,4,0.454919815643745,96
2020-07-27,Côte d’Ivoire,Africa,26378275,586,7.82082983060871,16182,6,0.379099846369787,102
2020-08-03,Côte d’Ivoire,Africa,26378275,533,4.24212728087792,16715,3,0.341189861732809,105
2020-08-10,Côte d’Ivoire,Africa,26378275,311,3.19960270336101,17026,5,0.30327987709583,110
2020-08-17,Côte d’Ivoire,Africa,26378275,445,2.86599483855559,17471,3,0.30327987709583,113
2020-08-24,Côte d’Ivoire,Africa,26378275,477,3.49530058352944,17948,2,0.189549923184894,115
2020-08-31,Côte d’Ivoire,Africa,26378275,640,4.23454528395052,18588,4,0.227459907821872,119
2020-09-07,Côte d’Ivoire,Africa,26378275,425,4.03741336383823,19013,1,0.189549923184894,120
2020-09-14,Côte d’Ivoire,Africa,26378275,307,2.77501087542684,19320,0,0.0379099846369787,120
2020-09-21,Côte d’Ivoire,Africa,26378275,309,2.33525505363789,19629,0,0,120
2020-09-28,Côte d’Ivoire,Africa,26378275,253,2.1305411365982,19882,0,0,120
2020-10-05,Côte d’Ivoire,Africa,26378275,272,1.99027419344138,20154,0,0,120
2020-10-12,Côte d’Ivoire,Africa,26378275,169,1.67183032249076,20323,1,0.0379099846369787,121
2020-10-19,Côte d’Ivoire,Africa,26378275,147,1.19795551452853,20470,1,0.0758199692739575,122
2020-10-26,Côte d’Ivoire,Africa,26378275,246,1.48986239623326,20716,4,0.189549923184894,126
2020-11-02,Côte d’Ivoire,Africa,26378275,116,1.37234144385863,20832,0,0.151639938547915,126
2020-11-09,Côte d’Ivoire,Africa,26378275,144,0.985659600561447,20976,2,0.0758199692739575,128
2020-11-16,Côte d’Ivoire,Africa,26378275,162,1.16004552989155,21138,3,0.189549923184894,131
2020-11-23,Côte d’Ivoire,Africa,26378275,172,1.26619348687509,21310,0,0.113729953910936,131
2020-11-30,Côte d’Ivoire,Africa,26378275,175,1.31547646690316,21485,1,0.0379099846369787,132
2020-12-07,Côte d’Ivoire,Africa,26378275,195,1.40266943156821,21680,1,0.0758199692739575,133
2020-12-14,Côte d’Ivoire,Africa,26378275,238,1.64150233478118,21918,0,0.0379099846369787,133
2020-12-21,Côte d’Ivoire,Africa,26378275,258,1.88033523799415,22176,4,0.151639938547915,137
2020-12-28,Côte d’Ivoire,Africa,26378275,472,2.76742887849945,22648,1,0.189549923184894,138
2021-01-04,Côte d’Ivoire,Africa,26378275,1102,5.96703158186045,23750,1,0.0758199692739575,139
2021-01-11,Côte d’Ivoire,Africa,26378275,1491,9.83005901636858,25241,2,0.113729953910936,141
2021-01-18,Côte d’Ivoire,Africa,26378275,1609,11.7520952374634,26850,5,0.265369892458851,146
2021-01-25,Côte d’Ivoire,Africa,26378275,844,9.29931923145088,27694,5,0.379099846369787,151
2021-02-01,Côte d’Ivoire,Africa,26378275,1873,10.3001428258671,29567,11,0.60655975419166,162
2021-02-08,Côte d’Ivoire,Africa,26378275,1573,13.0637807059029,31140,12,0.871929646650511,174
2021-02-15,Côte d’Ivoire,Africa,26378275,886,9.32206522223307,32026,12,0.90983963128749,186
2021-02-22,Côte d’Ivoire,Africa,26378275,605,5.65237870937353,32631,6,0.682379723465617,192
2019-12-30,Croatia,Europe,4058165,0,NA,0,0,NA,0
2020-01-06,Croatia,Europe,4058165,0,0,0,0,0,0
2020-01-13,Croatia,Europe,4058165,0,0,0,0,0,0
2020-01-20,Croatia,Europe,4058165,0,0,0,0,0,0
2020-01-27,Croatia,Europe,4058165,0,0,0,0,0,0
2020-02-03,Croatia,Europe,4058165,0,0,0,0,0,0
2020-02-10,Croatia,Europe,4058165,0,0,0,0,0,0
2020-02-17,Croatia,Europe,4058165,0,0,0,0,0,0
2020-02-24,Croatia,Europe,4058165,7,0.172491754278104,7,0,0,0
2020-03-02,Croatia,Europe,4058165,5,0.295700150191035,12,0,0,0
2020-03-09,Croatia,Europe,4058165,36,1.01030884648604,48,0,0,0
2020-03-16,Croatia,Europe,4058165,187,5.49509445771673,235,0,0,0
2020-03-23,Croatia,Europe,4058165,478,16.3867166564198,713,6,1.47850075095517,6
2020-03-30,Croatia,Europe,4058165,469,23.3356701859092,1182,9,3.69625187738793,15
2020-04-06,Croatia,Europe,4058165,418,21.857169434954,1600,8,4.18908546103966,23
2020-04-13,Croatia,Europe,4058165,271,16.9781169568019,1871,24,7.88533733842759,47
2020-04-20,Croatia,Europe,4058165,159,10.5959220485121,2030,8,7.88533733842759,55
2020-04-27,Croatia,Europe,4058165,66,5.5443778160819,2096,24,7.88533733842759,79
2020-05-04,Croatia,Europe,4058165,91,3.86874363166604,2187,11,8.62458771390518,90
2020-05-11,Croatia,Europe,4058165,39,3.20341829373621,2226,5,3.9426686692138,95
2020-05-18,Croatia,Europe,4058165,18,1.40457571340741,2244,4,2.21775112643276,99
2020-05-25,Croatia,Europe,4058165,2,0.492833583651724,2246,4,1.9713343346069,103
2020-06-01,Croatia,Europe,4058165,1,0.0739250375477587,2247,1,1.23208395912931,104
2020-06-08,Croatia,Europe,4058165,5,0.147850075095517,2252,3,0.985667167303449,107
2020-06-15,Croatia,Europe,4058165,65,1.72491754278104,2317,0,0.739250375477587,107
2020-06-22,Croatia,Europe,4058165,374,10.8176971611554,2691,0,0,107
2020-06-29,Croatia,Europe,4058165,460,20.5511604382769,3151,6,1.47850075095517,113
2020-07-06,Croatia,Europe,4058165,571,25.4055712372464,3722,6,2.95700150191035,119
2020-07-13,Croatia,Europe,4058165,632,29.6439400566512,4354,1,1.72491754278104,120
2020-07-20,Croatia,Europe,4058165,503,27.9683058722354,4857,16,4.18908546103966,136
2020-07-27,Croatia,Europe,4058165,403,22.3253613394231,5260,13,7.14608696295,149
2020-08-03,Croatia,Europe,4058165,344,18.4073343493919,5604,8,5.17475262834311,157
2020-08-10,Croatia,Europe,4058165,967,32.3052414083705,6571,9,4.18908546103966,166
2020-08-17,Croatia,Europe,4058165,1604,63.3537571784292,8175,5,3.44983508556207,171
2020-08-24,Croatia,Europe,4058165,1948,87.5272444565462,10123,13,4.43550225286552,184
2020-08-31,Croatia,Europe,4058165,1841,93.3673224228192,11964,14,6.65325337929828,198
2020-09-07,Croatia,Europe,4058165,1569,84.028126012619,13533,26,9.85667167303449,224
2020-09-14,Croatia,Europe,4058165,1389,72.89008702209,14922,24,12.3208395912931,248
2020-09-21,Croatia,Europe,4058165,1275,65.6454333424097,16197,24,11.8280060076414,272
2020-09-28,Croatia,Europe,4058165,1462,67.4442759227385,17659,26,12.3208395912931,298
2020-10-05,Croatia,Europe,4058165,2781,104.554644771713,20440,26,12.8136731749448,324
2020-10-12,Croatia,Europe,4058165,5140,195.186740805265,25580,39,16.017091468681,363
2020-10-19,Croatia,Europe,4058165,10800,392.788366170424,36380,74,27.8450974763224,437
2020-10-26,Croatia,Europe,4058165,15115,638.589116016722,51495,125,49.0369415733466,562
2020-11-02,Croatia,Europe,4058165,15752,760.614711328889,67247,232,87.9707946818328,794
2020-11-09,Croatia,Europe,4058165,16959,806.053967741578,84206,255,120.004977619195,1049
2020-11-16,Croatia,Europe,4058165,19512,898.706681468102,103718,304,137.746986630657,1353
2020-11-23,Croatia,Europe,4058165,22894,1044.95504741675,126612,359,163.374332980547,1712
2020-11-30,Croatia,Europe,4058165,23741,1149.16470867991,150353,462,202.308186089033,2174
2020-12-07,Croatia,Europe,4058165,25533,1214.19410004275,175886,466,228.6747828144,2640
2020-12-14,Croatia,Europe,4058165,19842,1118.11619290985,195728,617,266.869385547409,3257
2020-12-21,Croatia,Europe,4058165,9518,723.479700800731,205246,482,270.812054216623,3739
2020-12-28,Croatia,Europe,4058165,7712,424.576132315961,212958,333,200.829685338078,4072
2021-01-04,Croatia,Europe,4058165,7265,369.058429117594,220223,331,163.620749772373,4403
2021-01-11,Croatia,Europe,4058165,4905,299.889235652074,225128,252,143.660989634478,4655
2021-01-18,Croatia,Europe,4058165,3926,217.610668861419,229054,204,112.366057072593,4859
2021-01-25,Croatia,Europe,4058165,3466,182.151292517677,232520,195,98.320299938519,5054
2021-02-01,Croatia,Europe,4058165,2953,158.174938673021,235473,144,83.5352924289673,5198
2021-02-08,Croatia,Europe,4058165,2252,128.25994014536101,237725,141,70.2287856703707,5339
2021-02-15,Croatia,Europe,4058165,2292,111.971790205672,240017,110,61.8506147482914,5449
2021-02-22,Croatia,Europe,4058165,3047,131.561925155828,243064,88,48.7905247815207,5537
2020-03-16,Cuba,America,11326616,35,NA,35,1,NA,1
2020-03-23,Cuba,America,11326616,104,1.22719795568244,139,2,0.2648628681329,3
2020-03-30,Cuba,America,11326616,181,2.51619724726255,320,5,0.618013358976768,8
2020-04-06,Cuba,America,11326616,349,4.67924400368124,669,10,1.3243143406645,18
2020-04-13,Cuba,America,11326616,366,6.31256502383413,1035,16,2.29547819048514,34
2020-04-20,Cuba,America,11326616,334,6.18013358976768,1369,20,3.17835441759481,54
2020-04-27,Cuba,America,11326616,280,5.42086003445336,1649,13,2.9134915494619,67
2020-05-04,Cuba,America,11326616,117,3.50501862162538,1766,10,2.03061532235224,77
2020-05-11,Cuba,America,11326616,106,1.96881398645456,1872,2,1.0594514725316,79
2020-05-18,Cuba,America,11326616,69,1.54503339744192,1941,3,0.441438113554834,82
2020-05-25,Cuba,America,11326616,104,1.52737587289973,2045,1,0.353150490843867,83
2020-06-01,Cuba,America,11326616,146,2.20719056777417,2191,0,0.0882876227109668,83
2020-06-08,Cuba,America,11326616,57,1.79223874103263,2248,1,0.0882876227109668,84
2020-06-15,Cuba,America,11326616,64,1.0682802348027,2312,1,0.176575245421934,85
2020-06-22,Cuba,America,11326616,20,0.741616030772121,2332,1,0.176575245421934,86
2020-06-29,Cuba,America,11326616,40,0.529725736265801,2372,0,0.0882876227109668,86
2020-07-06,Cuba,America,11326616,54,0.829903653483088,2426,1,0.0882876227109668,87
2020-07-13,Cuba,America,11326616,20,0.653328408061154,2446,0,0.0882876227109668,87
2020-07-20,Cuba,America,11326616,49,0.609184596705671,2495,0,0,87
2020-07-27,Cuba,America,11326616,151,1.76575245421934,2646,0,0,87
2020-08-03,Cuba,America,11326616,307,4.04357312016228,2953,1,0.0882876227109668,88
2020-08-10,Cuba,America,11326616,363,5.91527072163478,3316,0,0.0882876227109668,88
2020-08-17,Cuba,America,11326616,366,6.43616769562948,3682,3,0.2648628681329,91
2020-08-24,Cuba,America,11326616,291,5.80049681211052,3973,3,0.529725736265801,94
2020-08-31,Cuba,America,11326616,336,5.53563394397762,4309,7,0.882876227109668,101
2020-09-07,Cuba,America,11326616,375,6.27724997474974,4684,7,1.23602671795353,108
2020-09-14,Cuba,America,11326616,407,6.9040920959976,5091,7,1.23602671795353,115
2020-09-21,Cuba,America,11326616,366,6.82463323555773,5457,7,1.23602671795353,122
2020-09-28,Cuba,America,11326616,352,6.33905131064742,5809,0,0.618013358976768,122
2020-10-05,Cuba,America,11326616,169,4.59978514324137,5978,1,0.0882876227109668,123
2020-10-12,Cuba,America,11326616,242,3.62862129342074,6220,2,0.2648628681329,125
2020-10-19,Cuba,America,11326616,346,5.19131221540485,6566,3,0.441438113554834,128
2020-10-26,Cuba,America,11326616,369,6.31256502383413,6935,0,0.2648628681329,128
2020-11-02,Cuba,America,11326616,362,6.45382522017167,7297,2,0.176575245421934,130
2020-11-09,Cuba,America,11326616,293,5.78283928756833,7590,1,0.2648628681329,131
2020-11-16,Cuba,America,11326616,256,4.84699048683208,7846,1,0.176575245421934,132
2020-11-23,Cuba,America,11326616,387,5.67689414031517,8233,2,0.2648628681329,134
2020-11-30,Cuba,America,11326616,549,8.26372148574649,8782,2,0.353150490843867,136
2020-12-07,Cuba,America,11326616,641,10.5062271026051,9423,1,0.2648628681329,137
2020-12-14,Cuba,America,11326616,819,12.8899929158012,10242,0,0.0882876227109668,137
2020-12-21,Cuba,America,11326616,1192,17.7546409271754,11434,6,0.529725736265801,143
2020-12-28,Cuba,America,11326616,1306,22.0542481531995,12740,4,0.882876227109668,147
2021-01-04,Cuba,America,11326616,2267,31.5451675946284,15007,6,0.882876227109668,153
2021-01-11,Cuba,America,11326616,3436,50.3504312320644,18443,20,2.29547819048514,173
2021-01-18,Cuba,America,11326616,3385,60.2209874511505,21828,24,3.88465539928254,197
2021-01-25,Cuba,America,11326616,5764,80.7743460182635,27592,19,3.79636777657157,216
2021-02-01,Cuba,America,11326616,5892,102.908053031903,33484,24,3.79636777657157,240
2021-02-08,Cuba,America,11326616,5520,100.753835037755,39004,29,4.67924400368124,269
2021-02-15,Cuba,America,11326616,6357,104.859209493815,45361,31,5.29725736265801,300
2021-02-22,Cuba,America,11326616,5229,102.290039672926,50590,24,4.85581924910317,324
2020-03-23,Curaçao,America,164100,9,NA,9,1,NA,1
2020-03-30,Curaçao,America,164100,2,6.70322973796466,11,0,6.09384521633151,1
2020-04-06,Curaçao,America,164100,3,3.04692260816575,14,0,0,1
2020-04-13,Curaçao,America,164100,0,1.82815356489945,14,0,0,1
2020-04-20,Curaçao,America,164100,2,1.2187690432663,16,0,0,1
2020-04-27,Curaçao,America,164100,0,1.2187690432663,16,0,0,1
2020-05-04,Curaçao,America,164100,0,0,16,0,0,1
2020-05-11,Curaçao,America,164100,0,0,16,0,0,1
2020-05-18,Curaçao,America,164100,1,0.609384521633151,17,0,0,1
2020-05-25,Curaçao,America,164100,2,1.82815356489945,19,0,0,1
2020-06-01,Curaçao,America,164100,2,2.4375380865326,21,0,0,1
2020-06-08,Curaçao,America,164100,1,1.82815356489945,22,0,0,1
2020-06-15,Curaçao,America,164100,1,1.2187690432663,23,0,0,1
2020-06-22,Curaçao,America,164100,1,1.2187690432663,24,0,0,1
2020-06-29,Curaçao,America,164100,1,1.2187690432663,25,0,0,1
2020-07-06,Curaçao,America,164100,0,0.609384521633151,25,0,0,1
2020-07-13,Curaçao,America,164100,3,1.82815356489945,28,0,0,1
2020-07-20,Curaçao,America,164100,1,2.4375380865326,29,0,0,1
2020-07-27,Curaçao,America,164100,0,0.609384521633151,29,0,0,1
2020-08-03,Curaçao,America,164100,2,1.2187690432663,31,0,0,1
2020-08-10,Curaçao,America,164100,3,3.04692260816575,34,0,0,1
2020-08-17,Curaçao,America,164100,9,7.31261425959781,43,0,0,1
2020-08-24,Curaçao,America,164100,14,14.0158439975625,57,0,0,1
2020-08-31,Curaçao,America,164100,35,29.8598415600244,92,0,0,1
2020-09-07,Curaçao,America,164100,65,60.9384521633151,157,0,0,1
2020-09-14,Curaçao,America,164100,111,107.251675807435,268,0,0,1
2020-09-21,Curaçao,America,164100,92,123.70505789153,360,0,0,1
2020-09-28,Curaçao,America,164100,92,112.1267519805,452,0,0,1
2020-10-05,Curaçao,America,164100,131,135.892748324193,583,0,0,1
2020-10-12,Curaçao,America,164100,161,177.94028031688,744,0,0,1
2020-10-19,Curaçao,America,164100,114,167.580743449116,858,0,0,1
2020-10-26,Curaçao,America,164100,129,148.080438756856,987,0,0,1
2020-11-02,Curaçao,America,164100,110,145.642900670323,1097,1,6.09384521633151,2
2020-11-09,Curaçao,America,164100,243,215.112736136502,1340,0,6.09384521633151,2
2020-11-16,Curaçao,America,164100,409,397.318708104814,1749,1,6.09384521633151,3
2020-11-23,Curaçao,America,164100,615,624.009750152346,2364,1,12.187690432663,4
2020-11-30,Curaçao,America,164100,772,845.21633150518,3136,3,24.375380865326,7
2020-12-07,Curaçao,America,164100,488,767.82449725777,3624,4,42.6569165143205,11
2020-12-14,Curaçao,America,164100,350,510.66422912858,3974,0,24.375380865326,11
2020-12-21,Curaçao,America,164100,177,321.14564290067,4151,3,18.2815356489945,14
2020-12-28,Curaçao,America,164100,166,209.018890920171,4317,2,30.4692260816575,16
2021-01-04,Curaçao,America,164100,147,190.737355271176,4464,3,30.4692260816575,19
2021-01-11,Curaçao,America,164100,56,123.70505789153,4520,0,18.2815356489945,19
2021-01-18,Curaçao,America,164100,28,51.1882998171846,4548,1,6.09384521633151,20
2021-01-25,Curaçao,America,164100,37,39.6099939061548,4585,1,12.187690432663,21
2021-02-01,Curaçao,America,164100,28,39.6099939061548,4613,0,6.09384521633151,21
2021-02-08,Curaçao,America,164100,39,40.8287629494211,4652,1,6.09384521633151,22
2021-02-15,Curaçao,America,164100,42,49.3601462522852,4694,0,6.09384521633151,22
2021-02-22,Curaçao,America,164100,37,48.1413772090189,4731,0,0,22
2020-03-09,Cyprus,Europe,888005,30,NA,30,0,NA,0
2020-03-16,Cyprus,Europe,888005,65,10.6981379609349,95,0,0,0
2020-03-23,Cyprus,Europe,888005,119,20.7206040506529,214,6,6.75671871216941,6
2020-03-30,Cyprus,Europe,888005,232,39.5268044661911,446,3,10.1350780682541,9
2020-04-06,Cyprus,Europe,888005,187,47.1844190066497,633,2,5.63059892680785,11
2020-04-13,Cyprus,Europe,888005,134,36.1484451101064,767,1,3.37835935608471,12
2020-04-20,Cyprus,Europe,888005,50,20.7206040506529,817,2,3.37835935608471,14
2020-04-27,Cyprus,Europe,888005,55,11.8242577462965,872,1,3.37835935608471,15
2020-05-04,Cyprus,Europe,888005,26,9.12157026142871,898,1,2.25223957072314,16
2020-05-11,Cyprus,Europe,888005,18,4.9549270555909,916,1,2.25223957072314,17
2020-05-18,Cyprus,Europe,888005,19,4.16664320583781,935,0,1.12611978536157,17
2020-05-25,Cyprus,Europe,888005,9,3.15313539901239,944,0,0,17
2020-06-01,Cyprus,Europe,888005,20,3.26574737754855,964,1,1.12611978536157,18
2020-06-08,Cyprus,Europe,888005,19,4.39186716291012,983,0,1.12611978536157,18
2020-06-15,Cyprus,Europe,888005,3,2.47746352779545,986,1,1.12611978536157,19
2020-06-22,Cyprus,Europe,888005,8,1.23873176389773,994,0,1.12611978536157,19
2020-06-29,Cyprus,Europe,888005,9,1.91440363511467,1003,0,0,19
2020-07-06,Cyprus,Europe,888005,18,3.04052342047624,1021,0,0,19
2020-07-13,Cyprus,Europe,888005,17,3.94141924876549,1038,0,0,19
2020-07-20,Cyprus,Europe,888005,19,4.05403122730165,1057,0,0,19
2020-07-27,Cyprus,Europe,888005,93,12.6125415960496,1150,0,0,19
2020-08-03,Cyprus,Europe,888005,92,20.833216029189,1242,0,0,19
2020-08-10,Cyprus,Europe,888005,90,20.4953800935806,1332,1,1.12611978536157,20
2020-08-17,Cyprus,Europe,888005,89,20.1575441579721,1421,1,2.25223957072314,21
2020-08-24,Cyprus,Europe,888005,66,17.4548566731043,1487,0,1.12611978536157,21
2020-08-31,Cyprus,Europe,888005,22,9.90985411118181,1509,0,0,21
2020-09-07,Cyprus,Europe,888005,17,4.39186716291012,1526,0,0,21
2020-09-14,Cyprus,Europe,888005,74,10.2476900467903,1600,1,1.12611978536157,22
2020-09-21,Cyprus,Europe,888005,96,19.1440363511467,1696,0,1.12611978536157,22
2020-09-28,Cyprus,Europe,888005,128,25.2250831920992,1824,0,0,22
2020-10-05,Cyprus,Europe,888005,162,32.6574737754855,1986,3,3.37835935608471,25
2020-10-12,Cyprus,Europe,888005,658,92.3418223996487,2644,0,3.37835935608471,25
2020-10-19,Cyprus,Europe,888005,901,175.562074537869,3545,0,0,25
2020-10-26,Cyprus,Europe,888005,1018,216.102386810885,4563,1,1.12611978536157,26
2020-11-02,Cyprus,Europe,888005,1424,274.998451585295,5987,1,2.25223957072314,27
2020-11-09,Cyprus,Europe,888005,1191,294.48032387205,7178,13,15.765676995062,40
2020-11-16,Cyprus,Europe,888005,1465,299.097414992033,8643,4,19.1440363511467,44
2020-11-23,Cyprus,Europe,888005,1740,360.921391208383,10383,4,9.00895828289255,48
2020-11-30,Cyprus,Europe,888005,2068,428.826414265686,12451,13,19.1440363511467,61
2020-12-07,Cyprus,Europe,888005,2650,531.303314733588,15101,17,33.7835935608471,78
2020-12-14,Cyprus,Europe,888005,2587,589.748931593854,17688,13,33.7835935608471,91
2020-12-21,Cyprus,Europe,888005,1969,513.060174210731,19657,21,38.2880727022933,112
2020-12-28,Cyprus,Europe,888005,4317,707.878897078282,23974,19,45.0447914144628,131
2021-01-04,Cyprus,Europe,888005,3376,866.323950878655,27350,17,40.5403122730165,148
2021-01-11,Cyprus,Europe,888005,1618,562.384220809568,28968,22,43.9186716291012,170
2021-01-18,Cyprus,Europe,888005,1049,300.33614675593,30017,16,42.7925518437396,186
2021-01-25,Cyprus,Europe,888005,859,214.863655046987,30876,13,32.6574737754855,199
2021-02-01,Cyprus,Europe,888005,883,196.170066609985,31759,13,29.2791144194008,212
2021-02-08,Cyprus,Europe,888005,754,184.345808863689,32513,9,24.7746352779545,221
2021-02-15,Cyprus,Europe,888005,747,169.030579782772,33260,8,19.1440363511467,229
2021-02-22,Cyprus,Europe,888005,1447,247.070680908328,34707,2,11.2611978536157,231
2019-12-30,Czechia,Europe,10693939,0,NA,0,0,NA,0
2020-01-06,Czechia,Europe,10693939,0,0,0,0,0,0
2020-01-13,Czechia,Europe,10693939,0,0,0,0,0,0
2020-01-20,Czechia,Europe,10693939,0,0,0,0,0,0
2020-01-27,Czechia,Europe,10693939,0,0,0,0,0,0
2020-02-03,Czechia,Europe,10693939,0,0,0,0,0,0
2020-02-10,Czechia,Europe,10693939,0,0,0,0,0,0
2020-02-17,Czechia,Europe,10693939,0,0,0,0,0,0
2020-02-24,Czechia,Europe,10693939,3,0.0280532739152524,3,0,0,0
2020-03-02,Czechia,Europe,10693939,29,0.299234921762692,32,0,0,0
2020-03-09,Czechia,Europe,10693939,266,2.75857193499982,298,0,0,0
2020-03-16,Czechia,Europe,10693939,867,10.5947864486603,1165,1,0.0935109130508412,1
2020-03-23,Czechia,Europe,10693939,1664,23.6676120931679,2829,15,1.49617460881346,16
2020-03-30,Czechia,Europe,10693939,1758,31.9994344459979,4587,51,6.17172026135552,67
2020-04-06,Czechia,Europe,10693939,1404,29.568150706676,5991,71,11.4083313922026,138
2020-04-13,Czechia,Europe,10693939,796,20.5724008711851,6787,50,11.3148204791518,188
2020-04-20,Czechia,Europe,10693939,617,13.2130920140839,7404,33,7.7614057832198204,221
2020-04-27,Czechia,Europe,10693939,377,9.29498475725362,7781,27,5.61065478305047,248
2020-05-04,Czechia,Europe,10693939,342,6.72343464835548,8123,32,5.51714386999963,280
2020-05-11,Czechia,Europe,10693939,352,6.48965736572838,8475,17,4.58203473949122,297
2020-05-18,Czechia,Europe,10693939,482,7.79881014844016,8957,18,3.27288195677944,315
2020-05-25,Czechia,Europe,10693939,316,7.46217086145713,9273,5,2.15075100016935,320
2020-06-01,Czechia,Europe,10693939,355,6.27458226571145,9628,7,1.1221309566101,327
2020-06-08,Czechia,Europe,10693939,396,7.02266957011818,10024,2,0.841598217457571,329
2020-06-15,Czechia,Europe,10693939,474,8.13544943542319,10498,7,0.841598217457571,336
2020-06-22,Czechia,Europe,10693939,1105,14.7653731707278,11603,12,1.77670734796598,348
2020-06-29,Czechia,Europe,10693939,912,18.8611511623547,12515,0,1.1221309566101,348
2020-07-06,Czechia,Europe,10693939,659,14.6905644402872,13174,4,0.374043652203365,352
2020-07-13,Czechia,Europe,10693939,771,13.3720605662703,13945,7,1.02862004355925,359
2020-07-20,Czechia,Europe,10693939,1379,20.1048463059309,15324,12,1.77670734796598,371
2020-07-27,Czechia,Europe,10693939,1476,26.6973656760152,16800,12,2.24426191322019,383
2020-08-03,Czechia,Europe,10693939,1555,28.34315774571,18355,6,1.68319643491514,389
2020-08-10,Czechia,Europe,10693939,1657,30.0357052719302,20012,8,1.30915278271178,397
2020-08-17,Czechia,Europe,10693939,1911,33.3646937765402,21923,15,2.15075100016935,412
2020-08-24,Czechia,Europe,10693939,2444,40.7240026336414,24367,11,2.43128373932187,423
2020-08-31,Czechia,Europe,10693939,3789,58.2853521045893,28156,13,2.24426191322019,436
2020-09-07,Czechia,Europe,10693939,8032,110.539250317399,36188,20,3.08586013067776,456
2020-09-14,Czechia,Europe,10693939,13052,197.158409076394,49240,47,6.26523117440636,503
2020-09-21,Czechia,Europe,10693939,15357,265.655152886135,64597,103,14.0266369576262,606
2020-09-28,Czechia,Europe,10693939,17849,310.512337876623,82446,121,20.9464445233884,727
2020-10-05,Czechia,Europe,10693939,34664,491.053857703883,117110,307,40.0226707857601,1034
2020-10-12,Czechia,Europe,10693939,56775,855.054437845587,173885,388,64.9900845703347,1422
2020-10-19,Czechia,Europe,10693939,84212,1318.38230982989,258097,779,109.127235530332,2201
2020-10-26,Czechia,Europe,10693939,83547,1568.72972624961,341644,1228,187.676402493038,3429
2020-11-02,Czechia,Europe,10693939,73184,1465.60589133714,414828,1429,248.458495976085,4858
2020-11-09,Czechia,Europe,10693939,45288,1107.84248909593,460116,1350,259.866827368288,6208
2020-11-16,Czechia,Europe,10693939,32147,724.101755209189,492263,988,218.628514712867,7196
2020-11-23,Czechia,Europe,10693939,27460,557.390499422149,519723,942,180.476062188124,8138
2020-11-30,Czechia,Europe,10693939,27110,510.289052518441,546833,764,159.529617664735,8902
2020-12-07,Czechia,Europe,10693939,34246,573.745558114742,581079,707,137.554553097787,9609
2020-12-14,Czechia,Europe,10693939,46444,754.539557407238,627523,802,141.107967793719,10411
2020-12-21,Czechia,Europe,10693939,46817,872.09212620345,674340,741,144.287338837448,11152
2020-12-28,Czechia,Europe,10693939,72374,1114.56592374428,746714,918,155.134604751346,12070
2021-01-04,Czechia,Europe,10693939,88740,1506.59172452732,835454,1202,198.243135667783,13272
2021-01-11,Czechia,Europe,10693939,56398,1357.1986898373,891852,1177,222.462462147951,14449
2021-01-18,Czechia,Europe,10693939,48152,977.656595946545,940004,1004,203.947301363885,15453
2021-01-25,Czechia,Europe,10693939,47325,892.814144535517,987329,939,181.691704057785,16392
2021-02-01,Czechia,Europe,10693939,50076,910.805644206499,1037405,941,175.800516535582,17333
2021-02-08,Czechia,Europe,10693939,53455,968.127833906664,1090860,917,173.743276448463,18250
2021-02-15,Czechia,Europe,10693939,66320,1120.02696106645,1157180,1080,186.74129336253,19330
2021-02-22,Czechia,Europe,10693939,82871,1395.09866289681,1240051,1139,207.500716059817,20469
2020-03-09,Democratic Republic of the Congo,Africa,89561404,2,NA,2,0,NA,0
2020-03-16,Democratic Republic of the Congo,Africa,89561404,24,0.0290303622305876,26,2,0.0223310478696828,2
2020-03-23,Democratic Republic of the Congo,Africa,89561404,55,0.088207639085247,81,6,0.0893241914787312,8
2020-03-30,Democratic Republic of the Congo,Africa,89561404,73,0.14291870636597,154,10,0.178648382957462,18
2020-04-06,Democratic Republic of the Congo,Africa,89561404,80,0.170832516203073,234,2,0.133986287218097,20
2020-04-13,Democratic Republic of the Congo,Africa,89561404,98,0.198746326040177,332,5,0.0781586675438898,25
2020-04-20,Democratic Republic of the Congo,Africa,89561404,127,0.251224288533931,459,3,0.0893241914787312,28
2020-04-27,Democratic Republic of the Congo,Africa,89561404,225,0.393026442506417,684,6,0.100489715413573,34
2020-05-04,Democratic Republic of the Congo,Africa,89561404,340,0.630852102318539,1024,7,0.145151811152938,41
2020-05-11,Democratic Republic of the Congo,Africa,89561404,430,0.859745342982788,1454,19,0.290303622305876,60
2020-05-18,Democratic Republic of the Congo,Africa,89561404,843,1.42137119690531,2297,7,0.290303622305876,67
2020-05-25,Democratic Republic of the Congo,Africa,89561404,752,1.7809010676072,3049,4,0.122820763283255,71
2020-06-01,Democratic Republic of the Congo,Africa,89561404,967,1.91935356439924,4016,14,0.200979430827145,85
2020-06-08,Democratic Republic of the Congo,Africa,89561404,761,1.92940253594059,4777,21,0.390793337719449,106
2020-06-15,Democratic Republic of the Congo,Africa,89561404,1049,2.02095983220629,5826,24,0.502448577067863,130
2020-06-22,Democratic Republic of the Congo,Africa,89561404,1000,2.287815854249,6826,27,0.569441720676911,157
2020-06-29,Democratic Republic of the Congo,Africa,89561404,584,1.76861899127888,7410,24,0.569441720676911,181
2020-07-06,Democratic Republic of the Congo,Africa,89561404,622,1.34656218654187,8032,7,0.346131241980083,188
2020-07-13,Democratic Republic of the Congo,Africa,89561404,370,1.10761997433627,8402,5,0.133986287218097,193
2020-07-20,Democratic Republic of the Congo,Africa,89561404,429,0.892125362393828,8831,11,0.178648382957462,204
2020-07-27,Democratic Republic of the Congo,Africa,89561404,283,0.794985304160708,9114,10,0.234476002631669,214
2020-08-03,Democratic Republic of the Congo,Africa,89561404,339,0.694495588747135,9453,9,0.212144954761987,223
2020-08-10,Democratic Republic of the Congo,Africa,89561404,222,0.626385892744602,9675,16,0.279138098371035,239
2020-08-17,Democratic Republic of the Congo,Africa,89561404,154,0.419823699950037,9829,11,0.301469146240718,250
2020-08-24,Democratic Republic of the Congo,Africa,89561404,215,0.412007833195648,10044,7,0.200979430827145,257
2020-08-31,Democratic Republic of the Congo,Africa,89561404,165,0.424289909523973,10209,2,0.100489715413573,259
2020-09-07,Democratic Republic of the Congo,Africa,89561404,180,0.385210575752028,10389,5,0.0781586675438898,264
2020-09-14,Democratic Republic of the Congo,Africa,89561404,125,0.340548480012663,10514,6,0.122820763283255,270
2020-09-21,Democratic Republic of the Congo,Africa,89561404,97,0.247874631353479,10611,0,0.0669931436090484,270
2020-09-28,Democratic Republic of the Congo,Africa,89561404,148,0.273555336403614,10759,3,0.0334965718045242,273
2020-10-05,Democratic Republic of the Congo,Africa,89561404,91,0.266856022042709,10850,2,0.055827619674207,275
2020-10-12,Democratic Republic of the Congo,Africa,89561404,201,0.326033298897369,11051,27,0.323800194110401,302
2020-10-19,Democratic Republic of the Congo,Africa,89561404,91,0.326033298897369,11142,2,0.323800194110401,304
2020-10-26,Democratic Republic of the Congo,Africa,89561404,229,0.357296765914925,11371,3,0.055827619674207,307
2020-11-02,Democratic Republic of the Congo,Africa,89561404,236,0.519196862970125,11607,8,0.122820763283255,315
2020-11-09,Democratic Republic of the Congo,Africa,89561404,182,0.46671890047637,11789,4,0.133986287218097,319
2020-11-16,Democratic Republic of the Congo,Africa,89561404,450,0.705661112681976,12239,8,0.133986287218097,327
2020-11-23,Democratic Republic of the Congo,Africa,89561404,462,1.01829578285754,12701,5,0.145151811152938,332
2020-11-30,Democratic Republic of the Congo,Africa,89561404,893,1.51292849317101,13594,11,0.178648382957462,343
2020-12-07,Democratic Republic of the Congo,Africa,89561404,918,2.02207638459978,14512,12,0.256807050501352,355
2020-12-14,Democratic Republic of the Congo,Africa,89561404,1297,2.47316355156737,15809,210,2.47874631353479,565
2020-12-21,Democratic Republic of the Congo,Africa,89561404,1107,2.68419195393587,16916,13,2.48991183746963,578
2020-12-28,Democratic Republic of the Congo,Africa,89561404,1236,2.61608225793334,18152,20,0.368462289849766,598
2021-01-04,Democratic Republic of the Congo,Africa,89561404,1343,2.8795886227956,19495,20,0.446620957393656,618
2021-01-11,Democratic Republic of the Congo,Africa,89561404,1564,3.24581780785839,21059,15,0.390793337719449,633
2021-01-18,Democratic Republic of the Congo,Africa,89561404,895,2.7456023355775,21954,28,0.48011752919818,661
2021-01-25,Democratic Republic of the Congo,Africa,89561404,888,1.99081291758222,22842,12,0.446620957393656,673
2021-02-01,Democratic Republic of the Congo,Africa,89561404,757,1.83672868728141,23599,8,0.223310478696828,681
2021-02-08,Democratic Republic of the Congo,Africa,89561404,787,1.72395689553951,24386,12,0.223310478696828,693
2021-02-15,Democratic Republic of the Congo,Africa,89561404,694,1.65361409475001,25080,7,0.212144954761987,700
2021-02-22,Democratic Republic of the Congo,Africa,89561404,833,1.70497550485028,25913,7,0.15631733508778,707
2019-12-30,Denmark,Europe,5822763,0,NA,0,0,NA,0
2020-01-06,Denmark,Europe,5822763,0,0,0,0,0,0
2020-01-13,Denmark,Europe,5822763,0,0,0,0,0,0
2020-01-20,Denmark,Europe,5822763,0,0,0,0,0,0
2020-01-27,Denmark,Europe,5822763,0,0,0,0,0,0
2020-02-03,Denmark,Europe,5822763,0,0,0,0,0,0
2020-02-10,Denmark,Europe,5822763,0,0,0,0,0,0
2020-02-17,Denmark,Europe,5822763,0,0,0,0,0,0
2020-02-24,Denmark,Europe,5822763,4,0.0686959094848958,4,0,0,0
2020-03-02,Denmark,Europe,5822763,34,0.65261114010651,38,0,0,0
2020-03-09,Denmark,Europe,5822763,837,14.9585342903361,875,1,0.171739773712239,1
2020-03-16,Denmark,Europe,5822763,520,23.3050872927509,1395,12,2.23261705825911,13
2020-03-23,Denmark,Europe,5822763,1000,26.1044456042604,2395,59,12.193523933569,72
2020-03-30,Denmark,Europe,5822763,1974,51.07540870202,4369,107,28.5088024362317,179
2020-04-06,Denmark,Europe,5822763,1805,64.9004604858553,6174,94,34.5196945161601,273
2020-04-13,Denmark,Europe,5822763,1210,51.7795417742402,7384,82,30.2262001733541,355
2020-04-20,Denmark,Europe,5822763,1191,41.2347196683087,8575,67,25.5892262831237,422
2020-04-27,Denmark,Europe,5822763,948,36.735137597048,9523,59,21.6392114877422,481
2020-05-04,Denmark,Europe,5822763,906,31.8405540462492,10429,38,16.6587580500872,519
2020-05-11,Denmark,Europe,5822763,498,24.1122642291984,10927,28,11.3348250650078,547
2020-05-18,Denmark,Europe,5822763,433,15.9889729326095,11360,15,7.38481026962629,562
2020-05-25,Denmark,Europe,5822763,309,12.7430912094482,11669,12,4.63697389023046,574
2020-06-01,Denmark,Europe,5822763,279,10.0982986942797,11948,15,4.63697389023046,589
2020-06-08,Denmark,Europe,5822763,245,8.99916414252134,12193,8,3.95001479538151,597
2020-06-15,Denmark,Europe,5822763,198,7.6080719754522,12391,3,1.88913751083463,600
2020-06-22,Denmark,Europe,5822763,284,8.27785709292994,12675,4,1.20217841598568,604
2020-06-29,Denmark,Europe,5822763,157,7.57372402070976,12832,2,1.03043864227344,606
2020-07-06,Denmark,Europe,5822763,114,4.65414786760169,12946,3,0.858698868561197,609
2020-07-13,Denmark,Europe,5822763,227,5.85632628358736,13173,2,0.858698868561197,611
2020-07-20,Denmark,Europe,5822763,265,8.44959686664218,13438,2,0.686959094848958,613
2020-07-27,Denmark,Europe,5822763,351,10.579170060674,13789,2,0.686959094848958,615
2020-08-03,Denmark,Europe,5822763,653,17.2426732807088,14442,2,0.686959094848958,617
2020-08-10,Denmark,Europe,5822763,1175,31.3940306345974,15617,4,1.03043864227344,621
2020-08-17,Denmark,Europe,5822763,510,28.9381518705123,16127,0,0.686959094848958,621
2020-08-24,Denmark,Europe,5822763,573,18.5994174930355,16700,3,0.515219321136718,624
2020-08-31,Denmark,Europe,5822763,847,24.387047867138,17547,3,1.03043864227344,627
2020-09-07,Denmark,Europe,5822763,1669,43.2097270659994,19216,2,0.858698868561197,629
2020-09-14,Denmark,Europe,5822763,2631,73.8481026962629,21847,6,1.37391818969791,635
2020-09-21,Denmark,Europe,5822763,4790,127.448086071853,26637,14,3.43479547424479,649
2020-09-28,Denmark,Europe,5822763,3043,134.523764748797,29680,9,3.95001479538151,658
2020-10-05,Denmark,Europe,5822763,2742,99.3514590925305,32422,11,3.43479547424479,669
2020-10-12,Denmark,Europe,5822763,2970,98.0977587444311,35392,11,3.77827502166927,680
2020-10-19,Denmark,Europe,5822763,4964,136.258336463291,40356,22,5.6674125325039,702
2020-10-26,Denmark,Europe,5822763,6943,204.490548559163,47299,21,7.38481026962629,723
2020-11-02,Denmark,Europe,5822763,7822,253.573775886121,55121,20,7.04133072220181,743
2020-11-09,Denmark,Europe,5822763,7015,254.81030225685,62136,17,6.35437162735286,760
2020-11-16,Denmark,Europe,5822763,8349,263.860988331485,70485,24,7.04133072220181,784
2020-11-23,Denmark,Europe,5822763,8867,295.667194422991,79352,45,11.8500443861445,829
2020-11-30,Denmark,Europe,5822763,11251,345.506076754283,90603,56,17.3457171449362,885
2020-12-07,Denmark,Europe,5822763,19155,522.191955949435,109758,56,19.2348546557708,941
2020-12-14,Denmark,Europe,5822763,24676,752.752602158116,134434,94,25.7609660568359,1035
2020-12-21,Denmark,Europe,5822763,18915,748.630847589023,153349,169,45.167560486319,1204
2020-12-28,Denmark,Europe,5822763,15362,588.672422353443,168711,170,58.2197832884491,1374
2021-01-04,Denmark,Europe,5822763,14014,504.502759257074,182725,223,67.4937310689101,1597
2021-01-11,Denmark,Europe,5822763,7170,363.813536632008,189895,208,74.0198424699752,1805
2021-01-18,Denmark,Europe,5822763,5401,215.894069533656,195296,205,70.9285265431549,2010
2021-01-25,Denmark,Europe,5822763,3664,155.682104870145,198960,135,58.3915230621614,2145
2021-02-01,Denmark,Europe,5822763,2661,108.625406872991,201621,71,35.3783933847213,2216
2021-02-08,Denmark,Europe,5822763,3178,100.278853870577,204799,85,26.7914046991093,2301
2021-02-15,Denmark,Europe,5822763,3228,110.016499040061,208027,42,21.8109512614544,2343
2021-02-22,Denmark,Europe,5822763,3665,118.380226019847,211692,22,10.9913455175833,2365
2020-03-16,Djibouti,Africa,988002,1,NA,1,0,NA,0
2020-03-23,Djibouti,Africa,988002,18,1.92307303021654,19,0,0,0
2020-03-30,Djibouti,Africa,988002,40,5.87043346066101,59,0,0,0
2020-04-06,Djibouti,Africa,988002,155,19.7368021522224,214,2,2.02428740022794,2
2020-04-13,Djibouti,Africa,988002,632,79.6557091989692,846,0,2.02428740022794,2
2020-04-20,Djibouti,Africa,988002,177,81.88242533922,1023,0,0,2
2020-04-27,Djibouti,Africa,988002,89,26.9230224230315,1112,0,0,2
2020-05-04,Djibouti,Africa,988002,98,18.9270871921312,1210,1,1.01214370011397,3
2020-05-11,Djibouti,Africa,988002,191,29.2509529332937,1401,1,2.02428740022794,4
2020-05-18,Djibouti,Africa,988002,869,107.287232212081,2270,6,7.08500590079777,10
2020-05-25,Djibouti,Africa,988002,1084,197.671664632258,3354,14,20.2428740022794,24
2020-06-01,Djibouti,Africa,988002,853,196.052234712076,4207,4,18.2185866020514,28
2020-06-08,Djibouti,Africa,988002,258,112.449165082662,4465,15,19.2307303021654,43
2020-06-15,Djibouti,Africa,988002,117,37.9553887542738,4582,2,17.2064429019375,45
2020-06-22,Djibouti,Africa,988002,61,18.0161578620286,4643,7,9.10929330102571,52
2020-06-29,Djibouti,Africa,988002,149,21.2550177023933,4792,3,10.1214370011397,55
2020-07-06,Djibouti,Africa,988002,180,33.2995277337495,4972,1,4.04857480045587,56
2020-07-13,Djibouti,Africa,988002,39,22.1659470324959,5011,0,1.01214370011397,56
2020-07-20,Djibouti,Africa,988002,39,7.89472086088895,5050,2,2.02428740022794,58
2020-07-27,Djibouti,Africa,988002,111,15.1821555017095,5161,1,3.0364311003419,59
2020-08-03,Djibouti,Africa,988002,183,29.7570247833506,5344,0,1.01214370011397,59
2020-08-10,Djibouti,Africa,988002,25,21.0525889623705,5369,0,0,59
2020-08-17,Djibouti,Africa,988002,13,3.84614606043308,5382,1,1.01214370011397,60
2020-08-24,Djibouti,Africa,988002,3,1.61942992018235,5385,0,1.01214370011397,60
2020-08-31,Djibouti,Africa,988002,3,0.60728622006838,5388,1,1.01214370011397,61
2020-09-07,Djibouti,Africa,988002,7,1.01214370011397,5395,0,1.01214370011397,61
2020-09-14,Djibouti,Africa,988002,8,1.51821555017095,5403,0,0,61
2020-09-21,Djibouti,Africa,988002,6,1.41700118015955,5409,0,0,61
2020-09-28,Djibouti,Africa,988002,10,1.61942992018235,5419,0,0,61
2020-10-05,Djibouti,Africa,988002,4,1.41700118015955,5423,0,0,61
2020-10-12,Djibouti,Africa,988002,36,4.04857480045587,5459,0,0,61
2020-10-19,Djibouti,Africa,988002,77,11.4372238112878,5536,0,0,61
2020-10-26,Djibouti,Africa,988002,27,10.5262944811853,5563,0,0,61
2020-11-02,Djibouti,Africa,988002,45,7.28743464082057,5608,0,0,61
2020-11-09,Djibouti,Africa,988002,41,8.70443582098012,5649,0,0,61
2020-11-16,Djibouti,Africa,988002,19,6.0728622006838,5668,0,0,61
2020-11-23,Djibouti,Africa,988002,9,2.83400236031911,5677,0,0,61
2020-11-30,Djibouti,Africa,988002,24,3.34007421037609,5701,0,0,61
2020-12-07,Djibouti,Africa,988002,27,5.16193287058123,5728,0,0,61
2020-12-14,Djibouti,Africa,988002,53,8.09714960091174,5781,0,0,61
2020-12-21,Djibouti,Africa,988002,32,8.60322145096872,5813,0,0,61
2020-12-28,Djibouti,Africa,988002,29,6.1740765706952,5842,0,0,61
2021-01-04,Djibouti,Africa,988002,29,5.87043346066101,5871,0,0,61
2021-01-11,Djibouti,Africa,988002,34,6.37650531071799,5905,0,0,61
2021-01-18,Djibouti,Africa,988002,14,4.85828976054704,5919,0,0,61
2021-01-25,Djibouti,Africa,988002,13,2.73278799030771,5932,2,2.02428740022794,63
2021-02-01,Djibouti,Africa,988002,15,2.83400236031911,5947,0,2.02428740022794,63
2021-02-08,Djibouti,Africa,988002,24,3.94736043044447,5971,0,0,63
2021-02-15,Djibouti,Africa,988002,53,7.79350649087755,6024,0,0,63
2021-02-22,Djibouti,Africa,988002,42,9.61536515108269,6066,0,0,63
2020-03-16,Dominica,America,71991,1,NA,1,0,NA,0
2020-03-23,Dominica,America,71991,10,15.2796877387451,11,0,0,0
2020-03-30,Dominica,America,71991,3,18.0578127821533,14,0,0,0
2020-04-06,Dominica,America,71991,2,6.94531260852051,16,0,0,0
2020-04-13,Dominica,America,71991,0,2.7781250434082,16,0,0,0
2020-04-20,Dominica,America,71991,0,0,16,0,0,0
2020-04-27,Dominica,America,71991,0,0,16,0,0,0
2020-05-04,Dominica,America,71991,0,0,16,0,0,0
2020-05-11,Dominica,America,71991,0,0,16,0,0,0
2020-05-18,Dominica,America,71991,0,0,16,0,0,0
2020-05-25,Dominica,America,71991,0,0,16,0,0,0
2020-06-01,Dominica,America,71991,2,2.7781250434082,18,0,0,0
2020-06-08,Dominica,America,71991,0,2.7781250434082,18,0,0,0
2020-06-15,Dominica,America,71991,0,0,18,0,0,0
2020-06-22,Dominica,America,71991,0,0,18,0,0,0
2020-06-29,Dominica,America,71991,0,0,18,0,0,0
2020-07-06,Dominica,America,71991,0,0,18,0,0,0
2020-07-13,Dominica,America,71991,0,0,18,0,0,0
2020-07-20,Dominica,America,71991,0,0,18,0,0,0
2020-07-27,Dominica,America,71991,0,0,18,0,0,0
2020-08-03,Dominica,America,71991,0,0,18,0,0,0
2020-08-10,Dominica,America,71991,0,0,18,0,0,0
2020-08-17,Dominica,America,71991,1,1.3890625217041,19,0,0,0
2020-08-24,Dominica,America,71991,1,2.7781250434082,20,0,0,0
2020-08-31,Dominica,America,71991,0,1.3890625217041,20,0,0,0
2020-09-07,Dominica,America,71991,4,5.55625008681641,24,0,0,0
2020-09-14,Dominica,America,71991,0,5.55625008681641,24,0,0,0
2020-09-21,Dominica,America,71991,0,0,24,0,0,0
2020-09-28,Dominica,America,71991,7,9.72343765192871,31,0,0,0
2020-10-05,Dominica,America,71991,1,11.1125001736328,32,0,0,0
2020-10-12,Dominica,America,71991,1,2.7781250434082,33,0,0,0
2020-10-19,Dominica,America,71991,5,8.33437513022461,38,0,0,0
2020-10-26,Dominica,America,71991,4,12.5015626953369,42,0,0,0
2020-11-02,Dominica,America,71991,0,5.55625008681641,42,0,0,0
2020-11-09,Dominica,America,71991,26,36.1156255643067,68,0,0,0
2020-11-16,Dominica,America,71991,9,48.6171882596436,77,0,0,0
2020-11-23,Dominica,America,71991,8,23.6140628689697,85,0,0,0
2020-11-30,Dominica,America,71991,0,11.1125001736328,85,0,0,0
2020-12-07,Dominica,America,71991,3,4.16718756511231,88,0,0,0
2020-12-14,Dominica,America,71991,4,9.72343765192871,92,0,0,0
2020-12-21,Dominica,America,71991,0,5.55625008681641,92,0,0,0
2020-12-28,Dominica,America,71991,4,5.55625008681641,96,0,0,0
2021-01-04,Dominica,America,71991,13,23.6140628689697,109,0,0,0
2021-01-11,Dominica,America,71991,4,23.6140628689697,113,0,0,0
2021-01-18,Dominica,America,71991,0,5.55625008681641,113,0,0,0
2021-01-25,Dominica,America,71991,4,5.55625008681641,117,0,0,0
2021-02-01,Dominica,America,71991,4,11.1125001736328,121,0,0,0
2021-02-08,Dominica,America,71991,13,23.6140628689697,134,0,0,0
2021-02-15,Dominica,America,71991,0,18.0578127821533,134,0,0,0
2021-02-22,Dominica,America,71991,8,11.1125001736328,142,0,0,0
2019-12-30,Dominican Republic,America,10847904,0,NA,0,0,NA,0
2020-01-06,Dominican Republic,America,10847904,0,0,0,0,0,0
2020-01-13,Dominican Republic,America,10847904,0,0,0,0,0,0
2020-01-20,Dominican Republic,America,10847904,0,0,0,0,0,0
2020-01-27,Dominican Republic,America,10847904,0,0,0,0,0,0
2020-02-03,Dominican Republic,America,10847904,0,0,0,0,0,0
2020-02-10,Dominican Republic,America,10847904,0,0,0,0,0,0
2020-02-17,Dominican Republic,America,10847904,0,0,0,0,0,0
2020-02-24,Dominican Republic,America,10847904,1,0.00921837066404718,1,0,0,0
2020-03-02,Dominican Republic,America,10847904,1,0.0184367413280944,2,0,0,0
2020-03-09,Dominican Republic,America,10847904,9,0.0921837066404718,11,0,0,0
2020-03-16,Dominican Republic,America,10847904,191,1.84367413280944,202,3,0.276551119921415,3
2020-03-23,Dominican Republic,America,10847904,657,7.817178323112,859,36,3.5951645589784,39
2020-03-30,Dominican Republic,America,10847904,886,14.2239459346248,1745,43,7.28251282459727,82
2020-04-06,Dominican Republic,America,10847904,1222,19.4323253598114,2967,91,12.3526166898232,173
2020-04-13,Dominican Republic,America,10847904,1713,27.0559178989785,4680,53,13.2744537562279,226
2020-04-20,Dominican Republic,America,10847904,1455,29.2037982637015,6135,52,9.67928919724953,278
2020-04-27,Dominican Republic,America,10847904,1819,30.1809455540905,7954,55,9.86365661053048,333
2020-05-04,Dominican Republic,America,10847904,2393,38.8277772369667,10347,55,10.1402077304519,388
2020-05-11,Dominican Republic,America,10847904,1967,40.1920960952457,12314,40,8.75745213084482,428
2020-05-18,Dominican Republic,America,10847904,2108,37.5648604559922,14422,30,6.45285946483302,458
2020-05-25,Dominican Republic,America,10847904,2863,45.8245205709785,17285,44,6.82159429139491,502
2020-06-01,Dominican Republic,America,10847904,2315,47.7327232984363,19600,36,7.37469653123774,538
2020-06-08,Dominican Republic,America,10847904,3362,52.3326902597958,22962,54,8.29653359764246,592
2020-06-15,Dominican Republic,America,10847904,3715,65.2384091894619,26677,70,11.4307796234185,662
2020-06-22,Dominican Republic,America,10847904,4696,77.5357156553008,31373,64,12.3526166898232,726
2020-06-29,Dominican Republic,America,10847904,6052,99.079047897179,37425,68,12.1682492765423,794
2020-07-06,Dominican Republic,America,10847904,7107,121.304539568197,44532,103,15.7634138355207,897
2020-07-13,Dominican Republic,America,10847904,8323,142.239459346248,52855,84,17.2383531417682,981
2020-07-20,Dominican Republic,America,10847904,10053,169.396779322531,62908,82,15.3024953023183,1063
2020-07-27,Dominican Republic,America,10847904,9335,178.725770434547,72243,115,18.1601902081729,1178
2020-08-03,Dominican Republic,America,10847904,7489,155.08986805193,79732,131,22.6771918335561,1309
2020-08-10,Dominican Republic,America,10847904,6577,129.665601760488,86309,144,25.3505193261297,1453
2020-08-17,Dominican Republic,America,10847904,4852,105.356758319395,91161,114,23.7833963132417,1567
2020-08-24,Dominican Republic,America,10847904,3080,73.1201161072222,94241,114,21.0178851140276,1681
2020-08-31,Dominican Republic,America,10847904,5092,75.3325250665935,99333,164,25.6270704460512,1845
2020-09-07,Dominican Republic,America,10847904,4327,86.8278332846603,103660,123,26.4567238058154,1968
2020-09-14,Dominican Republic,America,10847904,4629,82.5597276672065,108289,79,18.6211087413753,2047
2020-09-21,Dominican Republic,America,10847904,3097,71.2211317504285,111386,48,11.7073307433399,2095
2020-09-28,Dominican Republic,America,10847904,3094,57.0709327811161,114480,39,8.01998247772104,2134
2020-10-05,Dominican Republic,America,10847904,3997,65.3674663787585,118477,39,7.1903291179568,2173
2020-10-12,Dominican Republic,America,10847904,2870,63.302551350012,121347,26,5.99194093163066,2199
2020-10-19,Dominican Republic,America,10847904,3180,55.7711425174854,124527,24,4.60918533202359,2223
2020-10-26,Dominican Republic,America,10847904,2805,55.1719484243223,127332,26,4.60918533202359,2249
2020-11-02,Dominican Republic,America,10847904,2850,52.1298861051868,130182,16,3.87171567889981,2265
2020-11-09,Dominican Republic,America,10847904,3542,58.9238252845895,133724,20,3.31861343905698,2285
2020-11-16,Dominican Republic,America,10847904,4686,75.8487538237802,138410,25,4.14826679882123,2310
2020-11-23,Dominican Republic,America,10847904,5063,89.8698956037959,143473,20,4.14826679882123,2330
2020-11-30,Dominican Republic,America,10847904,4980,92.5800965790258,148453,15,3.22642973241651,2345
2020-12-07,Dominican Republic,America,10847904,6239,103.420900479945,154692,16,2.85769490585462,2361
2020-12-14,Dominican Republic,America,10847904,6360,116.14225199633,161052,24,3.68734826561887,2385
2020-12-21,Dominican Republic,America,10847904,6353,117.193146252032,167405,19,3.96389938554029,2404
2020-12-28,Dominican Republic,America,10847904,5926,113.192373383835,173331,14,3.04206231913557,2418
2021-01-04,Dominican Republic,America,10847904,9951,146.360071033077,183282,9,2.12022525273085,2427
2021-01-11,Dominican Republic,America,10847904,11684,199.439449316661,194966,21,2.76551119921415,2448
2021-01-18,Dominican Republic,America,10847904,10196,201.697950129352,205162,97,10.8776773835757,2545
2021-01-25,Dominican Republic,America,10847904,9924,185.473617760629,215086,143,22.1240895937132,2688
2021-02-01,Dominican Republic,America,10847904,9033,174.752652678342,224119,155,27.4707445788606,2843
2021-02-08,Dominican Republic,America,10847904,6444,142.672722767458,230563,116,24.9817844995678,2959
2021-02-15,Dominican Republic,America,10847904,5319,108.435694121187,235882,89,18.8976598612967,3048
2021-02-22,Dominican Republic,America,10847904,4116,86.9753272152851,239998,58,13.5510048761494,3106
2019-12-30,Ecuador,America,17643060,0,NA,0,0,NA,0
2020-01-06,Ecuador,America,17643060,0,0,0,0,0,0
2020-01-13,Ecuador,America,17643060,0,0,0,0,0,0
2020-01-20,Ecuador,America,17643060,0,0,0,0,0,0
2020-01-27,Ecuador,America,17643060,0,0,0,0,0,0
2020-02-03,Ecuador,America,17643060,0,0,0,0,0,0
2020-02-10,Ecuador,America,17643060,0,0,0,0,0,0
2020-02-17,Ecuador,America,17643060,0,0,0,0,0,0
2020-02-24,Ecuador,America,17643060,6,0.0340077061462127,6,0,0,0
2020-03-02,Ecuador,America,17643060,8,0.079351314341163,14,0,0,0
2020-03-09,Ecuador,America,17643060,23,0.175706481755432,37,2,0.113359020487376,2
2020-03-16,Ecuador,America,17643060,752,4.39266204388581,789,12,0.79351314341163,14
2020-03-23,Ecuador,America,17643060,1101,10.5027132481554,1890,44,3.17405257364652,58
2020-03-30,Ecuador,America,17643060,1756,16.1933360766216,3646,122,9.40879870045219,180
2020-04-06,Ecuador,America,17643060,3820,31.6044949118804,7466,153,15.5868653170142,333
2020-04-13,Ecuador,America,17643060,2002,32.9988108638751,9468,141,16.6637760116442,474
2020-04-20,Ecuador,America,17643060,13251,86.4532569746971,22719,102,13.7731209892162,576
2020-04-27,Ecuador,America,17643060,6819,113.755777059082,29538,988,61.7806661656198,1564
2020-05-04,Ecuador,America,17643060,21,38.7687850066825,29559,563,87.9099203879599,2127
2020-05-11,Ecuador,America,17643060,3623,20.6540135327999,33182,609,66.4283860056022,2736
2020-05-18,Ecuador,America,17643060,3574,40.7922435223822,36756,372,55.6025995490578,3108
2020-05-25,Ecuador,America,17643060,2342,33.5315982601658,39098,250,35.2546553715739,3358
2020-06-01,Ecuador,America,17643060,4022,36.070840319083,43120,263,29.0765887550119,3621
2020-06-08,Ecuador,America,17643060,3631,43.3768291894943,46751,275,30.4935765111041,3896
2020-06-15,Ecuador,America,17643060,3889,42.6229917032533,50640,327,34.1210651667001,4223
2020-06-22,Ecuador,America,17643060,4615,48.2002555112322,55255,206,30.2101789598856,4429
2020-06-29,Ecuador,America,17643060,6703,64.149869693806,61958,352,31.6271667159778,4781
2020-07-06,Ecuador,America,17643060,5912,71.5012021724123,67870,266,35.0279373305991,5047
2020-07-13,Ecuador,America,17643060,6143,68.3271495987657,74013,266,30.153499449642,5313
2020-07-20,Ecuador,America,17643060,6681,72.6858039365054,80694,202,26.5260107940459,5515
2020-07-27,Ecuador,America,17643060,5830,70.9117352658779,86524,235,24.7689459764916,5750
2020-08-03,Ecuador,America,17643060,7935,78.0193458504364,94459,172,23.068560669181,5922
2020-08-10,Ecuador,America,17643060,7083,85.1212884839705,101542,148,18.1374432779801,6070
2020-08-17,Ecuador,America,17643060,6227,75.4404281343486,107769,240,21.9916499745509,6310
2020-08-24,Ecuador,America,17643060,5879,68.6162151010086,113648,245,27.4895624681886,6555
2020-08-31,Ecuador,America,17643060,-3864,11.4209213141031,109784,3969,238.847456166901,10524
2020-09-07,Ecuador,America,17643060,8810,28.033685766528,118594,379,246.442510539555,10903
2020-09-14,Ecuador,America,17643060,7825,94.2863652903748,126419,187,32.0806027979273,11090
2020-09-21,Ecuador,America,17643060,8328,91.5544128966291,134747,189,21.3114958516267,11279
2020-09-28,Ecuador,America,17643060,6287,82.8371042211498,141034,368,31.5704872057342,11647
2020-10-05,Ecuador,America,17643060,5999,69.6364462853949,147033,544,51.6917133422433,12191
2020-10-12,Ecuador,America,17643060,6256,69.4607398036395,153289,196,41.942837580329,12387
2020-10-19,Ecuador,America,17643060,8346,82.7634208578331,161635,166,20.517982708215,12553
2020-10-26,Ecuador,America,17643060,7559,90.1487610425856,169194,131,16.8338145423753,12684
2020-11-02,Ecuador,America,17643060,5713,75.2250459954226,174907,146,15.7002243375016,12830
2020-11-09,Ecuador,America,17643060,5388,62.9199243215179,180295,178,18.3641613189549,13008
2020-11-16,Ecuador,America,17643060,5348,60.8511221976233,185643,193,21.0280983004082,13201
2020-11-23,Ecuador,America,17643060,6474,67.0065170100878,192117,222,23.5219967511305,13423
2020-11-30,Ecuador,America,17643060,5881,70.0275349060764,197998,355,32.7040774106079,13778
2020-12-07,Ecuador,America,17643060,4112,56.6398345865173,202110,97,25.6191386301469,13875
2020-12-14,Ecuador,America,17643060,4219,47.2196999840164,206329,74,9.69219625167063,13949
2020-12-21,Ecuador,America,17643060,3429,43.3484894343725,209758,45,6.74486171899886,13994
2020-12-28,Ecuador,America,17643060,4856,46.9589742368954,214614,65,6.23474612680567,14059
2021-01-04,Ecuador,America,17643060,6892,66.5870886342845,221506,125,10.7691069463007,14184
2021-01-11,Ecuador,America,17643060,10138,96.5252059450005,231644,138,14.9067111940899,14322
2021-01-18,Ecuador,America,17643060,9923,113.704765499862,241567,317,25.789177160878,14639
2021-01-25,Ecuador,America,17643060,9419,109.629508713341,250986,251,32.1939618184147,14890
2021-02-01,Ecuador,America,17643060,7621,96.5818854552442,258607,123,21.1981368311393,15013
2021-02-08,Ecuador,America,17643060,9094,94.7398013723243,267701,342,26.3559722633149,15355
2021-02-15,Ecuador,America,17643060,7267,92.7333467096978,274968,192,30.2668584701293,15547
2021-02-22,Ecuador,America,17643060,11399,105.797973820868,286367,285,27.0361263862391,15832
2019-12-30,Egypt,Africa,102334403,0,NA,0,0,NA,0
2020-01-06,Egypt,Africa,102334403,0,0,0,0,0,0
2020-01-13,Egypt,Africa,102334403,0,0,0,0,0,0
2020-01-20,Egypt,Africa,102334403,0,0,0,0,0,0
2020-01-27,Egypt,Africa,102334403,0,0,0,0,0,0
2020-02-03,Egypt,Africa,102334403,0,0,0,0,0,0
2020-02-10,Egypt,Africa,102334403,1,9.77188482743189e-4,1,0,0,0
2020-02-17,Egypt,Africa,102334403,0,9.77188482743189e-4,1,0,0,0
2020-02-24,Egypt,Africa,102334403,1,9.77188482743189e-4,2,0,0,0
2020-03-02,Egypt,Africa,102334403,47,0.0469050471716731,49,1,0.00977188482743189,1
2020-03-09,Egypt,Africa,102334403,61,0.105536356136264,110,1,0.0195437696548638,2
2020-03-16,Egypt,Africa,102334403,184,0.239411178272081,294,8,0.087946963446887,10
2020-03-23,Egypt,Africa,102334403,282,0.455369832958326,576,26,0.332244084132684,36
2020-03-30,Egypt,Africa,102334403,494,0.758298262608714,1070,35,0.596084974473345,71
2020-04-06,Egypt,Africa,102334403,995,1.45503365080461,2065,88,1.20194183377412,159
2020-04-13,Egypt,Africa,102334403,1079,2.02668891320937,3144,80,1.64167665100856,239
2020-04-20,Egypt,Africa,102334403,1175,2.20258284010315,4319,68,1.44623895445992,307
2020-04-27,Egypt,Africa,102334403,2146,3.24524295119013,6465,122,1.85665811721206,429
2020-05-04,Egypt,Africa,102334403,2935,4.96509468081814,9400,96,2.13027089238015,525
2020-05-11,Egypt,Africa,102334403,2829,5.63251441453174,12229,105,1.96414885031381,630
2020-05-18,Egypt,Africa,102334403,5036,7.68558741677518,17265,134,2.33548047375622,764
2020-05-25,Egypt,Africa,102334403,7720,12.4650162858721,24985,195,3.21495010822509,959
2020-06-01,Egypt,Africa,102334403,9094,16.430447148844,34079,278,4.62210152337528,1237
2020-06-08,Egypt,Africa,102334403,10519,19.1655977120422,44598,338,6.01948105369804,1575
2020-06-15,Egypt,Africa,102334403,10635,20.6714451639494,55233,618,9.34192189502488,2193
2020-06-22,Egypt,Africa,102334403,9955,20.1203108596823,65188,596,11.8630681805023,2789
2020-06-29,Egypt,Africa,102334403,10065,19.5633134245186,75253,554,11.2376675515467,3343
2020-07-06,Egypt,Africa,102334403,6817,16.4968959656705,82070,515,10.4461448805247,3858
2020-07-13,Egypt,Africa,102334403,5705,12.2363541809102,87775,444,9.37123754950718,4302
2020-07-20,Egypt,Africa,102334403,4287,9.76406731956994,92062,304,7.30936985091905,4606
2020-07-27,Egypt,Africa,102334403,2421,6.55498034224131,94483,259,5.50157115784415,4865
2020-08-03,Egypt,Africa,102334403,1009,3.35175649580914,95492,144,3.93806958545505,5009
2020-08-10,Egypt,Africa,102334403,983,1.94655945762443,96475,151,2.88270602409241,5160
2020-08-17,Egypt,Africa,102334403,762,1.70519390238686,97237,83,2.28662104961906,5243
2020-08-24,Egypt,Africa,102334403,1490,2.20062846313766,98727,156,2.33548047375622,5399
2020-08-31,Egypt,Africa,102334403,1136,2.56609695568361,99863,131,2.80453094547295,5530
2020-09-07,Egypt,Africa,102334403,1146,2.22994411761996,101009,118,2.43319932203054,5648
2020-09-14,Egypt,Africa,102334403,1006,2.10290961486334,102015,122,2.34525235858365,5770
2020-09-21,Egypt,Africa,102334403,825,1.78923211190278,102840,113,2.29639293444649,5883
2020-09-28,Egypt,Africa,102334403,843,1.62995038921564,103683,98,2.06186769858813,5981
2020-10-05,Egypt,Africa,102334403,704,1.51171058280371,104387,59,1.53418591790681,6040
2020-10-12,Egypt,Africa,102334403,1037,1.70128514845589,105424,80,1.35829199101303,6120
2020-10-19,Egypt,Africa,102334403,1116,2.10388680334609,106540,79,1.55372968756167,6199
2020-10-26,Egypt,Africa,102334403,1196,2.25925977210225,107736,79,1.54395780273424,6278
2020-11-02,Egypt,Africa,102334403,1465,2.60029855257963,109201,90,1.65144853583599,6368
2020-11-09,Egypt,Africa,102334403,1566,2.9618582911946,110767,85,1.71007984480058,6453
2020-11-16,Egypt,Africa,102334403,2260,3.73872313497544,113027,95,1.75893926893774,6548
2020-11-23,Egypt,Africa,102334403,2514,4.66509781661598,115541,88,1.78825492342004,6636
2020-11-30,Egypt,Africa,102334403,2891,5.28170374922693,118432,135,2.17913031651731,6771
2020-12-07,Egypt,Africa,102334403,3143,5.8963553048724,121575,149,2.7752152909906602,6920
2020-12-14,Egypt,Africa,102334403,3980,6.96051356257973,125555,178,3.19540633857023,7098
2020-12-21,Egypt,Africa,102334403,6986,10.7158489017618,132541,307,4.73936414130446,7405
2020-12-28,Egypt,Africa,102334403,9646,16.2525988449847,142187,400,6.90872257299434,7805
2021-01-04,Egypt,Africa,102334403,7605,16.8574785158028,149792,392,7.73933278332605,8197
2021-01-11,Egypt,Africa,102334403,6605,13.8858483397807,156397,386,7.60252639574201,8583
2021-01-18,Egypt,Africa,102334403,5420,11.7506915049868,161817,376,7.4461762385031,8959
2021-01-25,Egypt,Africa,102334403,4134,9.33605876412842,165951,357,7.16279157850757,9316
2021-02-01,Egypt,Africa,102334403,3689,7.64454550049996,169640,335,6.76214430058287,9651
2021-02-08,Egypt,Africa,102334403,4173,7.68265585132695,173813,343,6.62533791299882,9994
2021-02-15,Egypt,Africa,102334403,4338,8.31685117662728,178151,359,6.85986314885718,10353
2021-02-22,Egypt,Africa,102334403,4273,8.4145700249016,182424,335,6.78168807023773,10688
2020-03-16,El Salvador,America,6486201,3,NA,3,0,NA,0
2020-03-23,El Salvador,America,6486201,27,0.462520356677198,30,0,0,0
2020-03-30,El Salvador,America,6486201,39,1.01754478468984,69,3,0.462520356677198,3
2020-04-06,El Salvador,America,6486201,56,1.46464779614446,125,3,0.925040713354397,6
2020-04-13,El Salvador,America,6486201,76,2.03508956937967,201,1,0.616693808902931,7
2020-04-20,El Salvador,America,6486201,97,2.66720072350518,298,1,0.308346904451466,8
2020-04-27,El Salvador,America,6486201,257,5.45774020879094,555,4,0.770867261128664,12
2020-05-04,El Salvador,America,6486201,403,10.1754478468984,958,5,1.3875610700316,17
2020-05-11,El Salvador,America,6486201,380,12.0717813092749,1338,13,2.77512214006319,30
2020-05-18,El Salvador,America,6486201,577,14.7543993780026,1915,5,2.77512214006319,35
2020-05-25,El Salvador,America,6486201,602,18.1770500174139,2517,11,2.46677523561172,46
2020-06-01,El Salvador,America,6486201,498,16.9590797448306,3015,9,3.08346904451466,55
2020-06-08,El Salvador,America,6486201,705,18.5470663027557,3720,19,4.31685666232052,74
2020-06-15,El Salvador,America,6486201,906,24.8373431535655,4626,33,8.0170195157381,107
2020-06-22,El Salvador,America,6486201,1308,34.1340023227772,5934,57,13.875610700316,164
2020-06-29,El Salvador,America,6486201,1843,48.5800547963284,7777,53,16.9590797448306,217
2020-07-06,El Salvador,America,6486201,1897,57.6608711324241,9674,50,15.8798655792505,267
2020-07-13,El Salvador,America,6486201,2172,62.7331777106507,11846,77,19.5800284326681,344
2020-07-20,El Salvador,America,6486201,2784,76.4083629230732,14630,64,21.7384567638283,408
2020-07-27,El Salvador,America,6486201,2818,86.367967936855507,17448,59,18.9633346237651,467
2020-08-03,El Salvador,America,6486201,2975,89.312680874367,20423,96,23.8968850949886,563
2020-08-10,El Salvador,America,6486201,2489,84.2403742961404,22912,55,23.2801912860857,618
2020-08-17,El Salvador,America,6486201,1710,64.7374325895852,24622,51,16.3423859359277,669
2020-08-24,El Salvador,America,6486201,1107,43.4306614919889,25729,48,15.2631717703475,717
2020-08-31,El Salvador,America,6486201,579,25.9936440452585,26308,47,14.6464779614446,764
2020-09-07,El Salvador,America,6486201,701,19.7342018848938,27009,24,10.946315108027,788
2020-09-14,El Salvador,America,6486201,544,19.1945948021037,27553,24,7.40032570683517,812
2020-09-21,El Salvador,America,6486201,1077,24.9915166057913,28630,14,5.85859118457784,826
2020-09-28,El Salvador,America,6486201,820,29.2467038872215,29450,37,7.86284606351237,863
2020-10-05,El Salvador,America,6486201,746,24.1435626185498,30196,31,10.4837947513498,894
2020-10-12,El Salvador,America,6486201,1470,34.1648370132224,31666,28,9.09623368131823,922
2020-10-19,El Salvador,America,6486201,919,36.8320377367276,32585,31,9.09623368131823,953
2020-10-26,El Salvador,America,6486201,1430,36.2153439278246,34015,30,9.4045805857697,983
2020-11-02,El Salvador,America,6486201,1130,39.4684037697876,35145,31,9.4045805857697,1014
2020-11-09,El Salvador,America,6486201,1213,36.1228398564892,36358,33,9.8671009424469,1047
2020-11-16,El Salvador,America,6486201,1204,37.2637234029596,37562,34,10.3296212991241,1081
2020-11-23,El Salvador,America,6486201,843,31.5593056706075,38405,33,10.3296212991241,1114
2020-11-30,El Salvador,America,6486201,1940,42.9064717544214,40345,50,12.7963965347358,1164
2020-12-07,El Salvador,America,6486201,1535,53.5752746484421,41880,41,14.0297841525417,1205
2020-12-14,El Salvador,America,6486201,1892,52.8352420777586,43772,52,14.3381310569932,1257
2020-12-21,El Salvador,America,6486201,847,42.2281085646282,44619,56,16.6507328403791,1313
2020-12-28,El Salvador,America,6486201,2468,51.1084994128304,47087,51,16.4965593881534,1364
2021-01-04,El Salvador,America,6486201,1818,66.0787416239491,48905,64,17.7299470059593,1428
2021-01-11,El Salvador,America,6486201,2532,67.0654517181937,51437,70,20.6592425982482,1498
2021-01-18,El Salvador,America,6486201,2042,70.5189370480502,53479,85,23.8968850949886,1583
2021-01-25,El Salvador,America,6486201,1716,57.9383833464304,55195,49,20.6592425982482,1632
2021-02-01,El Salvador,America,6486201,1458,48.9346537364476,56653,60,16.8049062926049,1692
2021-02-08,El Salvador,America,6486201,1400,44.0627726461144,58053,66,19.4258549804423,1758
2021-02-15,El Salvador,America,6486201,1018,37.2791407481822,59071,34,15.4173452225733,1792
2021-02-22,El Salvador,America,6486201,795,27.9516468885254,59866,77,17.1132531970563,1869
2020-03-09,Equatorial Guinea,Africa,1402985,1,NA,1,0,NA,0
2020-03-16,Equatorial Guinea,Africa,1402985,5,0.427659597215936,6,0,0,0
2020-03-23,Equatorial Guinea,Africa,1402985,8,0.926595793967861,14,0,0,0
2020-03-30,Equatorial Guinea,Africa,1402985,2,0.712765995359893,16,0,0,0
2020-04-06,Equatorial Guinea,Africa,1402985,5,0.498936196751925,21,0,0,0
2020-04-13,Equatorial Guinea,Africa,1402985,58,4.49042577076733,79,0,0,0
2020-04-20,Equatorial Guinea,Africa,1402985,179,16.8925540900295,258,1,0.712765995359893,1
2020-04-27,Equatorial Guinea,Africa,1402985,57,16.8212774904935,315,0,0.712765995359893,1
2020-05-04,Equatorial Guinea,Africa,1402985,124,12.9010645160141,439,3,2.13829798607968,4
2020-05-11,Equatorial Guinea,Africa,1402985,155,19.886171270541,594,3,4.27659597215936,7
2020-05-18,Equatorial Guinea,Africa,1402985,449,43.0510661197376,1043,5,5.70212796287915,12
2020-05-25,Equatorial Guinea,Africa,1402985,263,50.7489388696244,1306,0,3.56382997679947,12
2020-06-01,Equatorial Guinea,Africa,1402985,0,18.7457456779652,1306,0,0,12
2020-06-08,Equatorial Guinea,Africa,1402985,0,0,1306,0,0,12
2020-06-15,Equatorial Guinea,Africa,1402985,358,25.5170226338842,1664,20,14.2553199071979,32
2020-06-22,Equatorial Guinea,Africa,1402985,337,49.5372366775126,2001,0,14.2553199071979,32
2020-06-29,Equatorial Guinea,Africa,1402985,1070,100.286175547137,3071,19,13.542553911838,51
2020-07-06,Equatorial Guinea,Africa,1402985,0,76.2659615035086,3071,0,13.542553911838,51
2020-07-13,Equatorial Guinea,Africa,1402985,0,0,3071,0,0,51
2020-07-20,Equatorial Guinea,Africa,1402985,0,0,3071,0,0,51
2020-07-27,Equatorial Guinea,Africa,1402985,1750,124.734049187981,4821,32,22.8085118515166,83
2020-08-03,Equatorial Guinea,Africa,1402985,0,124.734049187981,4821,0,22.8085118515166,83
2020-08-10,Equatorial Guinea,Africa,1402985,0,0,4821,0,0,83
2020-08-17,Equatorial Guinea,Africa,1402985,105,7.48404295127888,4926,0,0,83
2020-08-24,Equatorial Guinea,Africa,1402985,15,8.55319194431872,4941,0,0,83
2020-08-31,Equatorial Guinea,Africa,1402985,31,3.27872357865551,4972,0,0,83
2020-09-07,Equatorial Guinea,Africa,1402985,24,3.92021297447941,4996,0,0,83
2020-09-14,Equatorial Guinea,Africa,1402985,6,2.13829798607968,5002,0,0,83
2020-09-21,Equatorial Guinea,Africa,1402985,26,2.28085118515166,5028,0,0,83
2020-09-28,Equatorial Guinea,Africa,1402985,17,3.06489378004754,5045,0,0,83
2020-10-05,Equatorial Guinea,Africa,1402985,18,2.49468098375963,5063,0,0,83
2020-10-12,Equatorial Guinea,Africa,1402985,7,1.78191498839973,5070,0,0,83
2020-10-19,Equatorial Guinea,Africa,1402985,9,1.14042559257583,5079,0,0,83
2020-10-26,Equatorial Guinea,Africa,1402985,10,1.3542553911838,5089,0,0,83
2020-11-02,Equatorial Guinea,Africa,1402985,3,0.926595793967861,5092,2,1.42553199071979,85
2020-11-09,Equatorial Guinea,Africa,1402985,12,1.06914899303984,5104,0,1.42553199071979,85
2020-11-16,Equatorial Guinea,Africa,1402985,26,2.7085107823676,5130,0,0,85
2020-11-23,Equatorial Guinea,Africa,1402985,23,3.49255337726348,5153,0,0,85
2020-11-30,Equatorial Guinea,Africa,1402985,13,2.56595758329562,5166,0,0,85
2020-12-07,Equatorial Guinea,Africa,1402985,29,2.99361718051155,5195,0,0,85
2020-12-14,Equatorial Guinea,Africa,1402985,36,4.63297896983931,5231,0,0,85
2020-12-21,Equatorial Guinea,Africa,1402985,17,3.77765977540744,5248,1,0.712765995359893,86
2020-12-28,Equatorial Guinea,Africa,1402985,31,3.42127677772749,5279,0,0.712765995359893,86
2021-01-04,Equatorial Guinea,Africa,1402985,17,3.42127677772749,5296,0,0,86
2021-01-11,Equatorial Guinea,Africa,1402985,69,6.12978756009508,5365,0,0,86
2021-01-18,Equatorial Guinea,Africa,1402985,89,11.2617027266863,5454,0,0,86
2021-01-25,Equatorial Guinea,Africa,1402985,80,12.0457453215822,5534,0,0,86
2021-02-01,Equatorial Guinea,Africa,1402985,80,11.4042559257583,5614,1,0.712765995359893,87
2021-02-08,Equatorial Guinea,Africa,1402985,80,11.4042559257583,5694,0,0.712765995359893,87
2021-02-15,Equatorial Guinea,Africa,1402985,158,16.9638306895655,5852,4,2.85106398143957,91
2021-02-22,Equatorial Guinea,Africa,1402985,243,28.5819164139317,6095,1,3.56382997679947,92
2020-03-16,Eritrea,Africa,3546427,1,NA,1,0,NA,0
2020-03-23,Eritrea,Africa,3546427,11,0.338368729992187,12,0,0,0
2020-03-30,Eritrea,Africa,3546427,17,0.789527036648435,29,0,0,0
2020-04-06,Eritrea,Africa,3546427,5,0.620342671652342,34,0,0,0
2020-04-13,Eritrea,Africa,3546427,5,0.281973941660155,39,0,0,0
2020-04-20,Eritrea,Africa,3546427,0,0.140986970830078,39,0,0,0
2020-04-27,Eritrea,Africa,3546427,0,0,39,0,0,0
2020-05-04,Eritrea,Africa,3546427,0,0,39,0,0,0
2020-05-11,Eritrea,Africa,3546427,0,0,39,0,0,0
2020-05-18,Eritrea,Africa,3546427,0,0,39,0,0,0
2020-05-25,Eritrea,Africa,3546427,0,0,39,0,0,0
2020-06-01,Eritrea,Africa,3546427,2,0.0563947883320311,41,0,0,0
2020-06-08,Eritrea,Africa,3546427,55,1.60725146746289,96,0,0,0
2020-06-15,Eritrea,Africa,3546427,47,2.87613420493359,143,0,0,0
2020-06-22,Eritrea,Africa,3546427,48,2.67875244577148,191,0,0,0
2020-06-29,Eritrea,Africa,3546427,24,2.03021237995312,215,0,0,0
2020-07-06,Eritrea,Africa,3546427,17,1.15609316080664,232,0,0,0
2020-07-13,Eritrea,Africa,3546427,19,1.01510618997656,251,0,0,0
2020-07-20,Eritrea,Africa,3546427,12,0.874119219146482,263,0,0,0
2020-07-27,Eritrea,Africa,3546427,16,0.789527036648435,279,0,0,0
2020-08-03,Eritrea,Africa,3546427,6,0.620342671652342,285,0,0,0
2020-08-10,Eritrea,Africa,3546427,0,0.169184364996093,285,0,0,0
2020-08-17,Eritrea,Africa,3546427,21,0.592145277486326,306,0,0,0
2020-08-24,Eritrea,Africa,3546427,12,0.930514007478513,318,0,0,0
2020-08-31,Eritrea,Africa,3546427,12,0.676737459984373,330,0,0,0
2020-09-07,Eritrea,Africa,3546427,31,1.21248794913867,361,0,0,0
2020-09-14,Eritrea,Africa,3546427,3,0.958711401644528,364,0,0,0
2020-09-21,Eritrea,Africa,3546427,11,0.394763518324218,375,0,0,0
2020-09-28,Eritrea,Africa,3546427,23,0.958711401644528,398,0,0,0
2020-10-05,Eritrea,Africa,3546427,16,1.09969837247461,414,0,0,0
2020-10-12,Eritrea,Africa,3546427,11,0.76132964248242,425,0,0,0
2020-10-19,Eritrea,Africa,3546427,36,1.32527752580273,461,0,0,0
2020-10-26,Eritrea,Africa,3546427,2,1.07150097830859,463,0,0,0
2020-11-02,Eritrea,Africa,3546427,28,0.845921824980466,491,0,0,0
2020-11-09,Eritrea,Africa,3546427,2,0.845921824980466,493,0,0,0
2020-11-16,Eritrea,Africa,3546427,58,1.69184364996093,551,0,0,0
2020-11-23,Eritrea,Africa,3546427,26,2.36858110994531,577,0,0,0
2020-11-30,Eritrea,Africa,3546427,55,2.28398892744726,632,0,0,0
2020-12-07,Eritrea,Africa,3546427,79,3.77845081824608,711,0,0,0
2020-12-14,Eritrea,Africa,3546427,96,4.93454397905272,807,0,0,0
2020-12-21,Eritrea,Africa,3546427,232,9.2487452864531,1039,1,0.281973941660155,1
2020-12-28,Eritrea,Africa,3546427,324,15.6777511563046,1363,2,0.845921824980466,3
2021-01-04,Eritrea,Africa,3546427,193,14.57805278383,1556,3,1.40986970830078,6
2021-01-11,Eritrea,Africa,3546427,321,14.493460601332,1877,0,0.845921824980466,6
2021-01-18,Eritrea,Africa,3546427,73,11.1097733014101,1950,1,0.281973941660155,7
2021-01-25,Eritrea,Africa,3546427,185,7.27492769483201,2135,0,0.281973941660155,7
2021-02-01,Eritrea,Africa,3546427,191,10.6022202064218,2326,0,0,7
2021-02-08,Eritrea,Africa,3546427,103,8.29003388480857,2429,0,0,7
2021-02-15,Eritrea,Africa,3546427,274,10.6304176005879,2703,0,0,7
2021-02-22,Eritrea,Africa,3546427,144,11.7865107613945,2847,0,0,7
2019-12-30,Estonia,Europe,1328976,0,NA,0,0,NA,0
2020-01-06,Estonia,Europe,1328976,0,0,0,0,0,0
2020-01-13,Estonia,Europe,1328976,0,0,0,0,0,0
2020-01-20,Estonia,Europe,1328976,0,0,0,0,0,0
2020-01-27,Estonia,Europe,1328976,0,0,0,0,0,0
2020-02-03,Estonia,Europe,1328976,0,0,0,0,0,0
2020-02-10,Estonia,Europe,1328976,0,0,0,0,0,0
2020-02-17,Estonia,Europe,1328976,0,0,0,0,0,0
2020-02-24,Estonia,Europe,1328976,1,0.0752459036130073,1,0,0,0
2020-03-02,Estonia,Europe,1328976,9,0.752459036130073,10,0,0,0
2020-03-09,Estonia,Europe,1328976,161,12.7918036142112,171,0,0,0
2020-03-16,Estonia,Europe,1328976,155,23.7777055417103,326,0,0,0
2020-03-23,Estonia,Europe,1328976,353,38.2249190354077,679,3,2.25737710839022,3
2020-03-30,Estonia,Europe,1328976,418,58.0145916856286,1097,12,11.2868855419511,15
2020-04-06,Estonia,Europe,1328976,212,47.4049192761946,1309,10,16.5540987948616,25
2020-04-13,Estonia,Europe,1328976,219,32.4309844572062,1528,15,18.8114759032518,40
2020-04-20,Estonia,Europe,1328976,115,25.1321318067444,1643,9,18.0590168671218,49
2020-04-27,Estonia,Europe,1328976,57,12.9422954214373,1700,6,11.2868855419511,55
2020-05-04,Estonia,Europe,1328976,39,7.2236067468487,1739,5,8.27704939743081,60
2020-05-11,Estonia,Europe,1328976,35,5.56819686736254,1774,3,6.01967228904058,63
2020-05-18,Estonia,Europe,1328976,49,6.32065590349262,1823,0,2.25737710839022,63
2020-05-25,Estonia,Europe,1328976,46,7.14836084323569,1869,0,0,63
2020-06-01,Estonia,Europe,1328976,70,8.72852481910885,1939,0,0,63
2020-06-08,Estonia,Europe,1328976,34,7.82557397575276,1973,0,0,63
2020-06-15,Estonia,Europe,1328976,8,3.16032795174631,1981,0,0,63
2020-06-22,Estonia,Europe,1328976,6,1.0534426505821,1987,0,0,63
2020-06-29,Estonia,Europe,1328976,6,0.902950843356088,1993,0,0,63
2020-07-06,Estonia,Europe,1328976,21,2.0316393975512,2014,0,0,63
2020-07-13,Estonia,Europe,1328976,7,2.1068853011642,2021,0,0,63
2020-07-20,Estonia,Europe,1328976,13,1.50491807226015,2034,0,0,63
2020-07-27,Estonia,Europe,1328976,45,4.36426240955442,2079,0,0,63
2020-08-03,Estonia,Europe,1328976,73,8.87901662633486,2152,0,0,63
2020-08-10,Estonia,Europe,1328976,38,8.35229530104381,2190,0,0,63
2020-08-17,Estonia,Europe,1328976,82,9.02950843356088,2272,0,0,63
2020-08-24,Estonia,Europe,1328976,101,13.7700003611803,2373,1,0.752459036130073,64
2020-08-31,Estonia,Europe,1328976,142,18.2847545779608,2515,0,0.752459036130073,64
2020-09-07,Estonia,Europe,1328976,161,22.7995087947412,2676,0,0,64
2020-09-14,Estonia,Europe,1328976,248,30.77557457772,2924,0,0,64
2020-09-21,Estonia,Europe,1328976,276,39.4288534932158,3200,0,0,64
2020-09-28,Estonia,Europe,1328976,407,51.392952167684,3607,3,2.25737710839022,67
2020-10-05,Estonia,Europe,1328976,258,50.0385259026499,3865,1,3.00983614452029,68
2020-10-12,Estonia,Europe,1328976,213,35.4408206017264,4078,0,0.752459036130073,68
2020-10-19,Estonia,Europe,1328976,333,41.084263372702,4411,5,3.76229518065037,73
2020-10-26,Estonia,Europe,1328976,574,68.2480345769976,4985,0,3.76229518065037,73
2020-11-02,Estonia,Europe,1328976,1140,128.971478792695,6125,2,1.50491807226015,75
2020-11-09,Estonia,Europe,1328976,1512,199.552136381695,7637,6,6.01967228904058,81
2020-11-16,Estonia,Europe,1328976,2087,270.810007103213,9724,7,9.78196746969095,88
2020-11-23,Estonia,Europe,1328976,2328,332.210664451427,12052,24,23.3262301200323,112
2020-11-30,Estonia,Europe,1328976,2926,395.34197758274,14978,19,32.3557385535931,131
2020-12-07,Estonia,Europe,1328976,3077,451.701159388883,18055,18,27.8409843368127,149
2020-12-14,Estonia,Europe,1328976,3739,512.876079026258,21794,25,32.3557385535931,174
2020-12-21,Estonia,Europe,1328976,4014,583.381490711646,25808,39,48.1573783123247,213
2020-12-28,Estonia,Europe,1328976,3713,581.425097217708,29521,38,57.9393457820156,251
2021-01-04,Estonia,Europe,1328976,4284,601.741491193219,33805,36,55.6819686736254,287
2021-01-11,Estonia,Europe,1328976,3539,588.648703964556,37344,46,61.701640962666,333
2021-01-18,Estonia,Europe,1328976,3372,520.024439869493,40716,43,66.9688542155765,376
2021-01-25,Estonia,Europe,1328976,3492,516.487882399682,44208,43,64.7114771071863,419
2021-02-01,Estonia,Europe,1328976,4059,568.181818181818,48267,47,67.7213132517066,466
2021-02-08,Estonia,Europe,1328976,4560,648.54444324051,52827,35,61.701640962666,501
2021-02-15,Estonia,Europe,1328976,4789,703.473952878005,57616,34,51.919673492975,535
2021-02-22,Estonia,Europe,1328976,9012,1038.46871576311,66628,54,66.2163951794464,589
2020-03-09,Eswatini,Africa,1160164,1,NA,1,0,NA,0
2020-03-16,Eswatini,Africa,1160164,3,0.344778841612048,4,0,0,0
2020-03-23,Eswatini,Africa,1160164,5,0.689557683224096,9,0,0,0
2020-03-30,Eswatini,Africa,1160164,0,0.43097355201506,9,0,0,0
2020-04-06,Eswatini,Africa,1160164,5,0.43097355201506,14,0,0,0
2020-04-13,Eswatini,Africa,1160164,8,1.12053123523916,22,1,0.86194710403012,1
2020-04-20,Eswatini,Africa,1160164,37,3.87876196813554,59,0,0.86194710403012,1
2020-04-27,Eswatini,Africa,1160164,53,7.75752393627108,112,0,0,1
2020-05-04,Eswatini,Africa,1160164,60,9.74000227554036,172,1,0.86194710403012,2
2020-05-11,Eswatini,Africa,1160164,31,7.84371864667409,203,0,0.86194710403012,2
2020-05-18,Eswatini,Africa,1160164,47,6.72318741143494,250,0,0,2
2020-05-25,Eswatini,Africa,1160164,35,7.06796625304698,285,0,0,2
2020-06-01,Eswatini,Africa,1160164,48,7.15416096345,333,1,0.86194710403012,3
2020-06-08,Eswatini,Africa,1160164,157,17.6699156326175,490,1,1.72389420806024,4
2020-06-15,Eswatini,Africa,1160164,145,26.0308025417096,635,1,1.72389420806024,5
2020-06-22,Eswatini,Africa,1160164,146,25.0826607272765,781,6,6.03362972821084,11
2020-06-29,Eswatini,Africa,1160164,207,30.4267327722632,988,2,6.89557683224096,13
2020-07-06,Eswatini,Africa,1160164,363,49.1309849297168,1351,7,7.75752393627108,20
2020-07-13,Eswatini,Africa,1160164,442,69.3867418744246,1793,1,6.89557683224096,21
2020-07-20,Eswatini,Africa,1160164,414,73.7826721049783,2207,11,10.3433652483614,32
2020-07-27,Eswatini,Africa,1160164,568,84.6432056157578,2775,11,18.9628362886626,43
2020-08-03,Eswatini,Africa,1160164,461,88.6943570046993,3236,15,22.4106247047831,58
2020-08-10,Eswatini,Africa,1160164,603,91.7111718688048,3839,12,23.2725718088132,70
2020-08-17,Eswatini,Africa,1160164,386,85.2465685885789,4225,15,23.2725718088132,85
2020-08-24,Eswatini,Africa,1160164,336,62.2325809109747,4561,6,18.1008891846325,91
2020-08-31,Eswatini,Africa,1160164,292,54.1302781330915,4853,3,7.75752393627108,94
2020-09-07,Eswatini,Africa,1160164,222,44.3040811471482,5075,4,6.03362972821084,98
2020-09-14,Eswatini,Africa,1160164,194,35.856999527653,5269,6,8.6194710403012,104
2020-09-21,Eswatini,Africa,1160164,162,30.6853169034723,5431,4,8.6194710403012,108
2020-09-28,Eswatini,Africa,1160164,138,25.8584131209036,5569,3,6.03362972821084,111
2020-10-05,Eswatini,Africa,1160164,100,20.5143410759169,5669,2,4.3097355201506,113
2020-10-12,Eswatini,Africa,1160164,111,18.1870838950355,5780,3,4.3097355201506,116
2020-10-19,Eswatini,Africa,1160164,74,15.9460214245572,5854,0,2.58584131209036,116
2020-10-26,Eswatini,Africa,1160164,71,12.4982330084367,5925,1,0.86194710403012,117
2020-11-02,Eswatini,Africa,1160164,78,12.8430118500488,6003,0,0.86194710403012,117
2020-11-09,Eswatini,Africa,1160164,92,14.653100768512,6095,2,1.72389420806024,119
2020-11-16,Eswatini,Africa,1160164,124,18.6180574470506,6219,1,2.58584131209036,120
2020-11-23,Eswatini,Africa,1160164,191,27.1513337769488,6410,1,1.72389420806024,121
2020-11-30,Eswatini,Africa,1160164,91,24.3069083336494,6501,1,1.72389420806024,122
2020-12-07,Eswatini,Africa,1160164,267,30.8577063242783,6768,5,5.17168262418072,127
2020-12-14,Eswatini,Africa,1160164,659,79.8163018331891,7427,13,15.5150478725422,140
2020-12-21,Eswatini,Africa,1160164,1260,165.40764926338,8687,27,34.4778841612048,167
2020-12-28,Eswatini,Africa,1160164,1256,216.865891373978,9943,64,78.4371864667409,231
2021-01-04,Eswatini,Africa,1160164,1768,260.652804258708,11711,67,112.915070627946,298
2021-01-11,Eswatini,Africa,1160164,1233,258.670325919439,12944,78,124.982330084367,376
2021-01-18,Eswatini,Africa,1160164,0,106.278077926914,12944,0,67.2318741143494,376
2021-01-25,Eswatini,Africa,1160164,2860,246.516871752614,15804,198,170.665526597964,574
2021-02-01,Eswatini,Africa,1160164,400,280.994755913819,16204,30,196.523939718867,604
2021-02-08,Eswatini,Africa,1160164,331,63.0083333046018,16535,26,48.2690378256867,630
2021-02-15,Eswatini,Africa,1160164,304,54.7336411059126,16839,17,37.0637254732952,647
2021-02-22,Eswatini,Africa,1160164,175,41.2872662830427,17014,5,18.9628362886626,652
2020-03-09,Ethiopia,Africa,114963583,4,NA,4,0,NA,0
2020-03-16,Ethiopia,Africa,114963583,7,0.00956824736403701,11,0,0,0
2020-03-23,Ethiopia,Africa,114963583,5,0.0104380880334949,16,0,0,0
2020-03-30,Ethiopia,Africa,114963583,27,0.0278349014226531,43,2,0.0173968133891582,2
2020-04-06,Ethiopia,Africa,114963583,28,0.0478412368201851,71,1,0.0260952200837373,3
2020-04-13,Ethiopia,Africa,114963583,37,0.0565396435147642,108,0,0.0086984066945791,3
2020-04-20,Ethiopia,Africa,114963583,15,0.0452317148118113,123,0,0,3
2020-04-27,Ethiopia,Africa,114963583,12,0.0234856980753636,135,0,0,3
2020-05-04,Ethiopia,Africa,114963583,104,0.100901517657118,239,2,0.0173968133891582,5
2020-05-11,Ethiopia,Africa,114963583,78,0.15831100184134,317,0,0.0173968133891582,5
2020-05-18,Ethiopia,Africa,114963583,265,0.298355349624063,582,0,0,5
2020-05-25,Ethiopia,Africa,114963583,590,0.743713772386513,1172,6,0.0521904401674746,11
2020-06-01,Ethiopia,Africa,114963583,848,1.25083088268048,2020,16,0.19136494728074,27
2020-06-08,Ethiopia,Africa,114963583,1325,1.89016377473204,3345,30,0.400126707950639,57
2020-06-15,Ethiopia,Africa,114963583,1187,2.18503976167827,4532,17,0.408825114645218,74
2020-06-22,Ethiopia,Africa,114963583,1157,2.03890652920934,5689,24,0.356634674477743,98
2020-06-29,Ethiopia,Africa,114963583,157,1.14297063966769,5846,5,0.252253794142794,103
2020-07-06,Ethiopia,Africa,114963583,1714,1.62747189255575,7560,24,0.252253794142794,127
2020-07-13,Ethiopia,Africa,114963583,1943,3.18100732820758,9503,40,0.556698028453062,167
2020-07-20,Ethiopia,Africa,114963583,4465,5.57393900988629,13968,56,0.835047042679594,223
2020-07-27,Ethiopia,Africa,114963583,4031,7.3901663277144,17999,61,1.01771358326575,284
2020-08-03,Ethiopia,Africa,114963583,4819,7.6980899247025,22818,123,1.60050683180255,407
2020-08-10,Ethiopia,Africa,114963583,7058,10.3310976311516,29876,121,2.1224112334773,528
2020-08-17,Ethiopia,Africa,114963583,10795,15.5292654718321,40671,150,2.35726821423094,678
2020-08-24,Ethiopia,Africa,114963583,10451,18.4806348633028,51122,115,2.30507777406346,793
2020-08-31,Ethiopia,Africa,114963583,7550,15.6580018909118,58672,125,2.0876176066989802,918
2020-09-07,Ethiopia,Africa,114963583,5629,11.4636301827858,64301,95,1.9136494728074,1013
2020-09-14,Ethiopia,Africa,114963583,4519,8.82714311365887,68820,83,1.54831639163508,1096
2020-09-21,Ethiopia,Africa,114963583,4512,7.85553108587439,73332,74,1.36564985104892,1170
2020-09-28,Ethiopia,Africa,114963583,5487,8.69753685390964,78819,52,1.09599924351697,1222
2020-10-05,Ethiopia,Africa,114963583,5476,9.53606325926707,84295,65,1.01771358326575,1287
2020-10-12,Ethiopia,Africa,114963583,4842,8.97501602746672,89137,65,1.13079287029528,1352
2020-10-19,Ethiopia,Africa,114963583,4206,7.87031837725517,93343,74,1.2090785305465,1426
2020-10-26,Ethiopia,Africa,114963583,3240,6.4768336247836,96583,52,1.09599924351697,1478
2020-11-02,Ethiopia,Africa,114963583,3092,5.50783111900749,99675,45,0.843745449374173,1523
2020-11-09,Ethiopia,Africa,114963583,3045,5.33821218846319,102720,46,0.791555009206698,1569
2020-11-16,Ethiopia,Africa,114963583,3065,5.31472649038783,105785,78,1.07860243012781,1647
2020-11-23,Ethiopia,Africa,114963583,3749,5.9270943216862,109534,53,1.13949127698986,1700
2020-11-30,Ethiopia,Africa,114963583,3761,6.5325034276289,113295,47,0.86984066945791,1747
2020-12-07,Ethiopia,Africa,114963583,3474,6.29329724352798,116769,59,0.922031109625385,1806
2020-12-14,Ethiopia,Africa,114963583,3182,5.78965949591185,119951,47,0.922031109625385,1853
2020-12-21,Ethiopia,Africa,114963583,3194,5.54610410846363,123145,59,0.922031109625385,1912
2020-12-28,Ethiopia,Africa,114963583,2477,4.93286643649581,125622,36,0.826348635985015,1948
2021-01-04,Ethiopia,Africa,114963583,2994,4.75889830260423,128616,55,0.791555009206698,2003
2021-01-11,Ethiopia,Africa,114963583,2579,4.84762205088893,131195,27,0.713269348955486,2030
2021-01-18,Ethiopia,Africa,114963583,2572,4.48054928837769,133767,36,0.547999621758483,2066
2021-01-25,Ethiopia,Africa,114963583,4617,6.25328457273292,138384,37,0.634983688704274,2103
2021-02-01,Ethiopia,Africa,114963583,3954,7.45540437792375,142338,45,0.713269348955486,2148
2021-02-08,Ethiopia,Africa,114963583,4754,7.57457254963948,147092,46,0.791555009206698,2194
2021-02-15,Ethiopia,Africa,114963583,6449,9.74482501993697,153541,99,1.26126897071397,2293
2021-02-22,Ethiopia,Africa,114963583,5531,10.4206912201058,159072,72,1.48742754477303,2365
2019-12-30,EU/EEA (total),Europe,453090377,0,NA,0,0,NA,0
2020-01-06,EU/EEA (total),Europe,453090377,0,0,0,0,0,0
2020-01-13,EU/EEA (total),Europe,453090377,0,0,0,0,0,0
2020-01-20,EU/EEA (total),Europe,453090377,3,6.62119557661672e-4,3,0,0,0
2020-01-27,EU/EEA (total),Europe,453090377,17,0.00441413038441114,20,0,0,0
2020-02-03,EU/EEA (total),Europe,453090377,11,0.0061797825381756,31,0,0,0
2020-02-10,EU/EEA (total),Europe,453090377,3,0.0030898912690878,34,1,0.00220706519220557,1
2020-02-17,EU/EEA (total),Europe,453090377,472,0.104835596629765,506,2,0.00662119557661672,3
2020-02-24,EU/EEA (total),Europe,453090377,1694,0.478050320631727,2200,34,0.0794543469194006,37
2020-03-02,EU/EEA (total),Europe,453090377,10270,2.64053279595475,12470,356,0.860755424960173,393
2020-03-09,EU/EEA (total),Europe,453090377,43481,11.8631961146242,55951,1906,4.992381464769,2299
2020-03-16,EU/EEA (total),Europe,453090377,115371,35.059671991224,171322,6221,17.9368188170547,8520
2020-03-23,EU/EEA (total),Europe,453090377,191783,67.790890204671,363105,14454,45.6310728488502,22974
2020-03-30,EU/EEA (total),Europe,453090377,192157,84.7380609895407,555262,21456,79.2557110521021,44430
2020-04-06,EU/EEA (total),Europe,453090377,160749,77.88865487205,716011,21124,93.9768358841132,65554
2020-04-13,EU/EEA (total),Europe,453090377,119520,61.8571954354263,835531,19113,88.8056821387756,84667
2020-04-20,EU/EEA (total),Europe,453090377,93090,46.9244130514827,928621,13868,72.791217104132,98535
2020-04-27,EU/EEA (total),Europe,453090377,57432,33.2211866861167,986053,10324,53.3933211298372,108859
2020-05-04,EU/EEA (total),Europe,453090377,51742,24.0954135293851,1037795,7401,39.1202305318438,116260
2020-05-11,EU/EEA (total),Europe,453090377,35102,19.1670369551901,1072897,5729,28.9787659736592,121989
2020-05-18,EU/EEA (total),Europe,453090377,30076,14.3852095097575,1102973,2141,17.3696030626578,124130
2020-05-25,EU/EEA (total),Europe,453090377,33352,13.9989731011215,1136325,2590,10.4416254243246,126720
2020-06-01,EU/EEA (total),Europe,453090377,25629,13.0174912101477,1161954,1754,9.587491194941,128474
2020-06-08,EU/EEA (total),Europe,453090377,20459,10.171922057837,1182413,1426,7.01846731121372,129900
2020-06-15,EU/EEA (total),Europe,453090377,28714,10.8528016696325,1211127,2400,8.44423142537852,132300
2020-06-22,EU/EEA (total),Europe,453090377,29175,12.7764796911588,1240302,833,7.13544176640061,133133
2020-06-29,EU/EEA (total),Europe,453090377,27488,12.5058934985944,1267790,803,3.61075865444832,133936
2020-07-06,EU/EEA (total),Europe,453090377,27985,12.243252740722,1295775,657,3.22231518062014,134593
2020-07-13,EU/EEA (total),Europe,453090377,35231,13.9521833190467,1331006,630,2.84049290236857,135223
2020-07-20,EU/EEA (total),Europe,453090377,48720,18.528532995085,1379726,527,2.55357442738185,135750
2020-07-27,EU/EEA (total),Europe,453090377,60033,24.0024960847933,1439759,628,2.54916029699744,136378
2020-08-03,EU/EEA (total),Europe,453090377,77033,30.2513597634849,1516792,805,3.16272442043058,137183
2020-08-10,EU/EEA (total),Europe,453090377,103378,39.8178838390999,1620170,991,3.96388908520121,138174
2020-08-17,EU/EEA (total),Europe,453090377,120636,49.4413501966739,1740806,983,4.3567466894138,139157
2020-08-24,EU/EEA (total),Europe,453090377,145385,58.7125689495718,1886191,976,4.32364071153072,140133
2020-08-31,EU/EEA (total),Europe,453090377,168449,69.2652097530643,2054640,1211,4.82685157535359,141344
2020-09-07,EU/EEA (total),Europe,453090377,201606,81.6735509701633,2256246,1214,5.35213309109851,142558
2020-09-14,EU/EEA (total),Europe,453090377,254242,100.608625373653,2510488,2036,7.17296187466811,144594
2020-09-21,EU/EEA (total),Europe,453090377,286096,119.256119182597,2796584,2340,9.65811728109158,146934
2020-09-28,EU/EEA (total),Europe,453090377,300868,129.546781347775,3097452,2557,10.8079982462307,149491
2020-10-05,EU/EEA (total),Europe,453090377,464427,168.905595626896,3561879,3574,13.5315166934124,153065
2020-10-12,EU/EEA (total),Europe,453090377,689552,254.690688343619,4251431,4661,18.1751818578129,157726
2020-10-19,EU/EEA (total),Europe,453090377,1039691,381.655203416514,5291122,7348,26.5046458931967,165074
2020-10-26,EU/EEA (total),Europe,453090377,1317704,520.292444877945,6608826,11647,41.9232033259448,176721
2020-11-02,EU/EEA (total),Europe,453090377,1513773,624.925432923066,8122599,18759,67.1080242342026,195480
2020-11-09,EU/EEA (total),Europe,453090377,1290314,618.880281361615,9412913,21063,87.8897500840103,216543
2020-11-16,EU/EEA (total),Europe,453090377,1169669,542.934285271744,10582582,23400,98.1327396410363,239943
2020-11-23,EU/EEA (total),Europe,453090377,959938,470.018148277733,11542520,24950,106.711602043139,264893
2020-11-30,EU/EEA (total),Europe,453090377,850041,399.474164952305,12392561,24309,108.717824302854,289202
2020-12-07,EU/EEA (total),Europe,453090377,883814,382.673101883159,13276375,23800,106.179699331818,313002
2020-12-14,EU/EEA (total),Europe,453090377,931200,400.58542227658,14207575,24276,106.106866180475,337278
2020-12-21,EU/EEA (total),Europe,453090377,807822,383.813492467972,15015397,20535,98.9007983279239,357813
2020-12-28,EU/EEA (total),Europe,453090377,840161,363.720591664652,15855558,20925,91.504922868843,378738
2021-01-04,EU/EEA (total),Europe,453090377,1083065,424.468516134475,16938623,23933,99.0045303919576,402671
2021-01-11,EU/EEA (total),Europe,453090377,968611,452.818268528356,17907234,23558,104.815733043035,426229
2021-01-18,EU/EEA (total),Europe,453090377,947307,422.855592892012,18854541,24072,105.122515104751,450301
2021-01-25,EU/EEA (total),Europe,453090377,875253,402.250873670619,19729794,23409,104.793662391113,473710
2021-02-01,EU/EEA (total),Europe,453090377,751856,359.113563782442,20481650,22534,101.399196125501,496244
2021-02-08,EU/EEA (total),Europe,453090377,632344,305.501963905095,21113994,19539,92.857853831665,515783
2021-02-15,EU/EEA (total),Europe,453090377,652917,283.665481599933,21766911,16280,79.0548681196114,532063
2021-02-22,EU/EEA (total),Europe,453090377,760459,311.941297309874,22527370,15213,69.5071040981301,547276
2019-12-30,Europe (total),Europe,851186002,0,NA,0,0,NA,0
2020-01-06,Europe (total),Europe,851186002,0,0,0,0,0,0
2020-01-13,Europe (total),Europe,851186002,0,0,0,0,0,0
2020-01-20,Europe (total),Europe,851186002,3,3.52449405059648e-4,3,0,0,0
2020-01-27,Europe (total),Europe,851186002,21,0.00281959524047718,24,0,0,0
2020-02-03,Europe (total),Europe,851186002,17,0.00446435913075554,41,0,0,0
2020-02-10,Europe (total),Europe,851186002,5,0.00258462897043742,46,1,0.00117483135019882,1
2020-02-17,Europe (total),Europe,851186002,473,0.0561569385395039,519,2,0.00352449405059648,3
2020-02-24,Europe (total),Europe,851186002,1772,0.263749638119636,2291,35,0.0434687599573565,38
2020-03-02,Europe (total),Europe,851186002,11008,1.5014344655541,13299,360,0.464058383328536,398
2020-03-09,Europe (total),Europe,851186002,47931,6.92433849493686,61230,1965,2.73148288921227,2363
2020-03-16,Europe (total),Europe,851186002,129149,20.8039135493208,190379,6566,10.0224862485462,8929
2020-03-23,Europe (total),Europe,851186002,228880,42.0623693480335,419259,16204,26.7509098440273,25133
2020-03-30,Europe (total),Europe,851186002,256329,57.0038744598622,675588,26598,50.2851314512101,51731
2020-04-06,Europe (total),Europe,851186002,245748,58.9855799813776,921336,28753,65.0280900648552,80484
2020-04-13,Europe (total),Europe,851186002,221859,54.9359363172422,1143195,26841,65.3135740829535,107325
2020-04-20,Europe (total),Europe,851186002,201423,49.7284963574859,1344618,20984,56.1863093232588,128309
2020-04-27,Europe (total),Europe,851186002,172683,43.9511457097482,1517301,16065,43.5263266935163,144374
2020-05-04,Europe (total),Europe,851186002,175749,40.9348837012477,1693050,11927,32.8858791547655,156301
2020-05-11,Europe (total),Europe,851186002,152247,38.5339983539814,1845297,9572,25.2576991979245,165873
2020-05-18,Europe (total),Europe,851186002,131117,33.290491071774,1976414,5674,17.9114787651313,171547
2020-05-25,Europe (total),Europe,851186002,127695,30.4060451407658,2104109,5719,13.3848535728152,177266
2020-06-01,Europe (total),Europe,851186002,120793,29.1931492548206,2224902,4544,12.0572941470905,181810
2020-06-08,Europe (total),Europe,851186002,117280,27.9695624035885,2342182,3752,9.74640088124946,185562
2020-06-15,Europe (total),Europe,851186002,122653,28.1880810347255,2464835,4625,9.84156222061556,190187
2020-06-22,Europe (total),Europe,851186002,117775,28.2462351865603,2582610,2821,8.74779423358045,193008
2020-06-29,Europe (total),Europe,851186002,110088,26.7700595950355,2692698,2808,6.61312567026919,195816
2020-07-06,Europe (total),Europe,851186002,108328,25.6601964185027,2801026,2764,6.54616028330786,198580
2020-07-13,Europe (total),Europe,851186002,112851,25.9848023205626,2913877,2429,6.1008992015825,201009
2020-07-20,Europe (total),Europe,851186002,123721,27.7932202179237,3037598,2239,5.48411274272812,203248
2020-07-27,Europe (total),Europe,851186002,174729,35.0628416466839,3212327,2281,5.31023770289869,205529
2020-08-03,Europe (total),Europe,851186002,199078,43.9160182523772,3411405,2393,5.49116173082931,207922
2020-08-10,Europe (total),Europe,851186002,225911,49.9290400689649,3637316,2485,5.73082732626987,210407
2020-08-17,Europe (total),Europe,851186002,244754,55.295199744133,3882070,2398,5.73670148302086,212805
2020-08-24,Europe (total),Europe,851186002,273413,60.8758836238475,4155483,2538,5.7989675445814,215343
2020-08-31,Europe (total),Europe,851186002,305673,68.0328387261237,4461156,2947,6.44394995584056,218290
2020-09-07,Europe (total),Europe,851186002,353980,77.4981024652706,4815136,3107,7.11242899410369,221397
2020-09-14,Europe (total),Europe,851186002,418848,90.7942562711458,5233984,4194,8.57744368780162,225591
2020-09-21,Europe (total),Europe,851186002,476251,105.159036673162,5710235,4663,10.405481268711,230254
2020-09-28,Europe (total),Europe,851186002,540600,119.462843328103,6250835,5160,11.5403683530031,235414
2020-10-05,Europe (total),Europe,851186002,775192,154.583369194081,7026027,6658,13.8841568966497,242072
2020-10-12,Europe (total),Europe,851186002,1063221,215.982522701307,8089248,8740,18.0900531303615,250812
2020-10-19,Europe (total),Europe,851186002,1495982,300.663191592288,9585230,12382,24.8147877788996,263194
2020-10-26,Europe (total),Europe,851186002,1844233,392.418929840437,11429463,18188,35.9145943755781,281382
2020-11-02,Europe (total),Europe,851186002,2092934,462.550722256826,13522397,26614,52.6347941516078,307996
2020-11-09,Europe (total),Europe,851186002,1916001,470.982251890933,15438398,30483,67.0793456023023,338479
2020-11-16,Europe (total),Europe,851186002,1804273,437.069452652958,17242671,33729,75.438270658967,372208
2020-11-23,Europe (total),Europe,851186002,1699270,411.607215316964,18941941,37085,83.1945072329796,409293
2020-11-30,Europe (total),Europe,851186002,1649173,393.385581075381,20591114,36329,86.2490687434966,445622
2020-12-07,Europe (total),Europe,851186002,1692493,392.589397869351,22283607,36410,85.4560575821124,482032
2020-12-14,Europe (total),Europe,851186002,1657817,393.604922088463,23941424,35666,84.6771443969305,517698
2020-12-21,Europe (total),Europe,851186002,1711947,395.890438997139,25653371,35830,83.9957422138152,553528
2020-12-28,Europe (total),Europe,851186002,1568134,385.354198999151,27221505,32966,80.8236975682784,586494
2021-01-04,Europe (total),Europe,851186002,1884343,405.607821544039,29105848,37666,82.9806879272434,624160
2021-01-11,Europe (total),Europe,851186002,1636695,413.662582764137,30742543,38777,89.8076329032488,662937
2021-01-18,Europe (total),Europe,851186002,1481293,366.311005194374,32223836,39960,92.5026960206049,702897
2021-01-25,Europe (total),Europe,851186002,1312418,328.213926619531,33536254,38407,92.0680084210313,741304
2021-02-01,Europe (total),Europe,851186002,1147712,289.023784956464,34683966,35072,86.3254327812595,776376
2021-02-08,Europe (total),Europe,851186002,950427,246.495947427481,35634393,29579,75.9540216217043,805955
2021-02-15,Europe (total),Europe,851186002,974866,226.189457471835,36609259,25187,64.3408137249889,831142
2021-02-22,Europe (total),Europe,851186002,1094704,243.139571743098,37703963,22714,56.2755965058739,853856
2020-03-30,Falkland Islands,America,3483,2,NA,2,0,NA,0
2020-04-06,Falkland Islands,America,3483,3,143.554407120299,5,0,0,0
2020-04-13,Falkland Islands,America,3483,6,258.397932816538,11,0,0,0
2020-04-20,Falkland Islands,America,3483,2,229.687051392478,13,0,0,0
2020-04-27,Falkland Islands,America,3483,0,57.4217628481194,13,0,0,0
2020-05-04,Falkland Islands,America,3483,0,0,13,0,0,0
2020-05-11,Falkland Islands,America,3483,0,0,13,0,0,0
2020-05-18,Falkland Islands,America,3483,0,0,13,0,0,0
2020-05-25,Falkland Islands,America,3483,0,0,13,0,0,0
2020-06-01,Falkland Islands,America,3483,0,0,13,0,0,0
2020-06-08,Falkland Islands,America,3483,0,0,13,0,0,0
2020-06-15,Falkland Islands,America,3483,0,0,13,0,0,0
2020-06-22,Falkland Islands,America,3483,0,0,13,0,0,0
2020-06-29,Falkland Islands,America,3483,0,0,13,0,0,0
2020-07-06,Falkland Islands,America,3483,0,0,13,0,0,0
2020-07-13,Falkland Islands,America,3483,0,0,13,0,0,0
2020-07-20,Falkland Islands,America,3483,0,0,13,0,0,0
2020-07-27,Falkland Islands,America,3483,0,0,13,0,0,0
2020-08-03,Falkland Islands,America,3483,0,0,13,0,0,0
2020-08-10,Falkland Islands,America,3483,0,0,13,0,0,0
2020-08-17,Falkland Islands,America,3483,0,0,13,0,0,0
2020-08-24,Falkland Islands,America,3483,0,0,13,0,0,0
2020-08-31,Falkland Islands,America,3483,0,0,13,0,0,0
2020-09-07,Falkland Islands,America,3483,0,0,13,0,0,0
2020-09-14,Falkland Islands,America,3483,0,0,13,0,0,0
2020-09-21,Falkland Islands,America,3483,0,0,13,0,0,0
2020-09-28,Falkland Islands,America,3483,0,0,13,0,0,0
2020-10-05,Falkland Islands,America,3483,0,0,13,0,0,0
2020-10-12,Falkland Islands,America,3483,0,0,13,0,0,0
2020-10-19,Falkland Islands,America,3483,0,0,13,0,0,0
2020-10-26,Falkland Islands,America,3483,0,0,13,0,0,0
2020-11-02,Falkland Islands,America,3483,0,0,13,0,0,0
2020-11-09,Falkland Islands,America,3483,2,57.4217628481194,15,0,0,0
2020-11-16,Falkland Islands,America,3483,1,86.1326442721792,16,0,0,0
2020-11-23,Falkland Islands,America,3483,1,57.4217628481194,17,0,0,0
2020-11-30,Falkland Islands,America,3483,0,28.7108814240597,17,0,0,0
2020-12-07,Falkland Islands,America,3483,2,57.4217628481194,19,0,0,0
2020-12-14,Falkland Islands,America,3483,4,172.265288544358,23,0,0,0
2020-12-21,Falkland Islands,America,3483,5,258.397932816538,28,0,0,0
2020-12-28,Falkland Islands,America,3483,1,172.265288544358,29,0,0,0
2021-01-04,Falkland Islands,America,3483,0,28.7108814240597,29,0,0,0
2021-01-11,Falkland Islands,America,3483,3,86.1326442721792,32,0,0,0
2021-01-18,Falkland Islands,America,3483,5,229.687051392478,37,0,0,0
2021-01-25,Falkland Islands,America,3483,3,229.687051392478,40,0,0,0
2021-02-01,Falkland Islands,America,3483,8,315.819695664657,48,0,0,0
2021-02-08,Falkland Islands,America,3483,1,258.397932816538,49,0,0,0
2021-02-15,Falkland Islands,America,3483,0,28.7108814240597,49,0,0,0
2021-02-22,Falkland Islands,America,3483,2,57.4217628481194,51,0,0,0
2020-03-02,Faroes,Europe,48865,3,NA,3,0,NA,0
2020-03-09,Faroes,Europe,48865,6,18.4180906579351,9,0,0,0
2020-03-16,Faroes,Europe,48865,106,229.202905965415,115,0,0,0
2020-03-23,Faroes,Europe,48865,44,306.968177632252,159,0,0,0
2020-03-30,Faroes,Europe,48865,22,135.065998158191,181,0,0,0
2020-04-06,Faroes,Europe,48865,3,51.1613629387087,184,0,0,0
2020-04-13,Faroes,Europe,48865,1,8.18581807019339,185,0,0,0
2020-04-20,Faroes,Europe,48865,2,6.13936355264504,187,0,0,0
2020-04-27,Faroes,Europe,48865,0,4.0929090350967,187,0,0,0
2020-05-04,Faroes,Europe,48865,0,0,187,0,0,0
2020-05-11,Faroes,Europe,48865,0,0,187,0,0,0
2020-05-18,Faroes,Europe,48865,0,0,187,0,0,0
2020-05-25,Faroes,Europe,48865,0,0,187,0,0,0
2020-06-01,Faroes,Europe,48865,0,0,187,0,0,0
2020-06-08,Faroes,Europe,48865,0,0,187,0,0,0
2020-06-15,Faroes,Europe,48865,0,0,187,0,0,0
2020-06-22,Faroes,Europe,48865,0,0,187,0,0,0
2020-06-29,Faroes,Europe,48865,0,0,187,0,0,0
2020-07-06,Faroes,Europe,48865,1,2.04645451754835,188,0,0,0
2020-07-13,Faroes,Europe,48865,3,8.18581807019339,191,0,0,0
2020-07-20,Faroes,Europe,48865,0,6.13936355264504,191,0,0,0
2020-07-27,Faroes,Europe,48865,34,69.5794535966438,225,0,0,0
2020-08-03,Faroes,Europe,48865,66,204.645451754835,291,0,0,0
2020-08-10,Faroes,Europe,48865,81,300.828814079607,372,0,0,0
2020-08-17,Faroes,Europe,48865,12,190.320270131996,384,0,0,0
2020-08-24,Faroes,Europe,48865,27,79.8117261843856,411,0,0,0
2020-08-31,Faroes,Europe,48865,2,59.3471810089021,413,0,0,0
2020-09-07,Faroes,Europe,48865,10,24.5574542105802,423,0,0,0
2020-09-14,Faroes,Europe,48865,11,42.9755448685153,434,0,0,0
2020-09-21,Faroes,Europe,48865,26,75.7188171492889,460,0,0,0
2020-09-28,Faroes,Europe,48865,14,81.8581807019339,474,0,0,0
2020-10-05,Faroes,Europe,48865,3,34.7897267983219,477,0,0,0
2020-10-12,Faroes,Europe,48865,8,22.5109996930318,485,0,0,0
2020-10-19,Faroes,Europe,48865,5,26.6039087281285,490,0,0,0
2020-10-26,Faroes,Europe,48865,5,20.4645451754835,495,0,0,0
2020-11-02,Faroes,Europe,48865,2,14.3251816228384,497,0,0,0
2020-11-09,Faroes,Europe,48865,1,6.13936355264504,498,0,0,0
2020-11-16,Faroes,Europe,48865,2,6.13936355264504,500,0,0,0
2020-11-23,Faroes,Europe,48865,2,8.18581807019339,502,0,0,0
2020-11-30,Faroes,Europe,48865,8,20.4645451754835,510,0,0,0
2020-12-07,Faroes,Europe,48865,18,53.207817456257,528,0,0,0
2020-12-14,Faroes,Europe,48865,18,73.6723626317405,546,0,0,0
2020-12-21,Faroes,Europe,48865,36,110.508543947611,582,0,0,0
2020-12-28,Faroes,Europe,48865,38,151.437634298578,620,0,0,0
2021-01-04,Faroes,Europe,48865,26,130.973089123094,646,1,20.4645451754835,1
2021-01-11,Faroes,Europe,48865,3,59.3471810089021,649,0,20.4645451754835,1
2021-01-18,Faroes,Europe,48865,3,12.2787271052901,652,0,0,1
2021-01-25,Faroes,Europe,48865,2,10.2322725877417,654,0,0,1
2021-02-01,Faroes,Europe,48865,2,8.18581807019339,656,0,0,1
2021-02-08,Faroes,Europe,48865,1,6.13936355264504,657,0,0,1
2021-02-15,Faroes,Europe,48865,1,4.0929090350967,658,0,0,1
2021-02-22,Faroes,Europe,48865,0,2.04645451754835,658,0,0,1
2020-03-16,Fiji,Oceania,896444,3,NA,3,0,NA,0
2020-03-23,Fiji,Oceania,896444,2,0.557759324620389,5,0,0,0
2020-03-30,Fiji,Oceania,896444,9,1.22707051416486,14,0,0,0
2020-04-06,Fiji,Oceania,896444,2,1.22707051416486,16,0,0,0
2020-04-13,Fiji,Oceania,896444,1,0.334655594772233,17,0,0,0
2020-04-20,Fiji,Oceania,896444,1,0.223103729848156,18,0,0,0
2020-04-27,Fiji,Oceania,896444,0,0.111551864924078,18,0,0,0
2020-05-04,Fiji,Oceania,896444,0,0,18,0,0,0
2020-05-11,Fiji,Oceania,896444,0,0,18,0,0,0
2020-05-18,Fiji,Oceania,896444,0,0,18,0,0,0
2020-05-25,Fiji,Oceania,896444,0,0,18,0,0,0
2020-06-01,Fiji,Oceania,896444,0,0,18,0,0,0
2020-06-08,Fiji,Oceania,896444,0,0,18,0,0,0
2020-06-15,Fiji,Oceania,896444,0,0,18,0,0,0
2020-06-22,Fiji,Oceania,896444,0,0,18,0,0,0
2020-06-29,Fiji,Oceania,896444,0,0,18,0,0,0
2020-07-06,Fiji,Oceania,896444,8,0.892414919392622,26,0,0,0
2020-07-13,Fiji,Oceania,896444,0,0.892414919392622,26,0,0,0
2020-07-20,Fiji,Oceania,896444,1,0.111551864924078,27,0,0,0
2020-07-27,Fiji,Oceania,896444,0,0.111551864924078,27,1,1.11551864924078,1
2020-08-03,Fiji,Oceania,896444,0,0,27,0,1.11551864924078,1
2020-08-10,Fiji,Oceania,896444,1,0.111551864924078,28,0,0,1
2020-08-17,Fiji,Oceania,896444,0,0.111551864924078,28,0,0,1
2020-08-24,Fiji,Oceania,896444,0,0,28,1,1.11551864924078,2
2020-08-31,Fiji,Oceania,896444,3,0.334655594772233,31,0,1.11551864924078,2
2020-09-07,Fiji,Oceania,896444,1,0.446207459696311,32,0,0,2
2020-09-14,Fiji,Oceania,896444,0,0.111551864924078,32,0,0,2
2020-09-21,Fiji,Oceania,896444,0,0,32,0,0,2
2020-09-28,Fiji,Oceania,896444,0,0,32,0,0,2
2020-10-05,Fiji,Oceania,896444,0,0,32,0,0,2
2020-10-12,Fiji,Oceania,896444,0,0,32,0,0,2
2020-10-19,Fiji,Oceania,896444,1,0.111551864924078,33,0,0,2
2020-10-26,Fiji,Oceania,896444,1,0.223103729848156,34,0,0,2
2020-11-02,Fiji,Oceania,896444,0,0.111551864924078,34,0,0,2
2020-11-09,Fiji,Oceania,896444,1,0.111551864924078,35,0,0,2
2020-11-16,Fiji,Oceania,896444,0,0.111551864924078,35,0,0,2
2020-11-23,Fiji,Oceania,896444,7,0.780863054468545,42,0,0,2
2020-11-30,Fiji,Oceania,896444,2,1.0039667843167,44,0,0,2
2020-12-07,Fiji,Oceania,896444,2,0.446207459696311,46,0,0,2
2020-12-14,Fiji,Oceania,896444,0,0.223103729848156,46,0,0,2
2020-12-21,Fiji,Oceania,896444,0,0,46,0,0,2
2020-12-28,Fiji,Oceania,896444,3,0.334655594772233,49,0,0,2
2021-01-04,Fiji,Oceania,896444,4,0.780863054468545,53,0,0,2
2021-01-11,Fiji,Oceania,896444,2,0.669311189544467,55,0,0,2
2021-01-18,Fiji,Oceania,896444,0,0.223103729848156,55,0,0,2
2021-01-25,Fiji,Oceania,896444,0,0,55,0,0,2
2021-02-01,Fiji,Oceania,896444,1,0.111551864924078,56,0,0,2
2021-02-08,Fiji,Oceania,896444,0,0.111551864924078,56,0,0,2
2021-02-15,Fiji,Oceania,896444,0,0,56,0,0,2
2021-02-22,Fiji,Oceania,896444,3,0.334655594772233,59,0,0,2
2019-12-30,Finland,Europe,5525292,0,NA,0,0,NA,0
2020-01-06,Finland,Europe,5525292,0,0,0,0,0,0
2020-01-13,Finland,Europe,5525292,0,0,0,0,0,0
2020-01-20,Finland,Europe,5525292,0,0,0,0,0,0
2020-01-27,Finland,Europe,5525292,1,0.0180985909884944,1,0,0,0
2020-02-03,Finland,Europe,5525292,0,0.0180985909884944,1,0,0,0
2020-02-10,Finland,Europe,5525292,0,0,1,0,0,0
2020-02-17,Finland,Europe,5525292,0,0,1,0,0,0
2020-02-24,Finland,Europe,5525292,5,0.0904929549424718,6,0,0,0
2020-03-02,Finland,Europe,5525292,24,0.524859138666337,30,0,0,0
2020-03-09,Finland,Europe,5525292,237,4.72373224799703,267,0,0,0
2020-03-16,Finland,Europe,5525292,359,10.7867602291426,626,1,0.180985909884944,1
2020-03-23,Finland,Europe,5525292,592,17.2117600300581,1218,10,1.99084500873438,11
2020-03-30,Finland,Europe,5525292,709,23.5462668760312,1927,16,4.70563365700853,27
2020-04-06,Finland,Europe,5525292,1047,31.7811257757961,2974,29,8.14436594482246,56
2020-04-13,Finland,Europe,5525292,809,33.5909848746455,3783,38,12.1260559622912,94
2020-04-20,Finland,Europe,5525292,793,28.993942763568,4576,96,24.2521119245825,190
2020-04-27,Finland,Europe,5525292,678,26.6230273440752,5254,40,24.6140837443523,230
2020-05-04,Finland,Europe,5525292,708,25.0846471100532,5962,37,13.9359150611407,267
2020-05-11,Finland,Europe,5525292,385,19.7817599504243,6347,31,12.3070418721762,298
2020-05-18,Finland,Europe,5525292,232,11.166830639901,6579,9,7.23943639539775,307
2020-05-25,Finland,Europe,5525292,280,9.26647858610911,6859,13,3.98169001746876,320
2020-06-01,Finland,Europe,5525292,122,7.27563357737473,6981,3,2.8957745581591,323
2020-06-08,Finland,Europe,5525292,123,4.43415479218112,7104,3,1.08591545930966,326
2020-06-15,Finland,Europe,5525292,39,2.93197174013609,7143,0,0.542957729654831,326
2020-06-22,Finland,Europe,5525292,48,1.57457741599901,7191,2,0.361971819769887,328
2020-06-29,Finland,Europe,5525292,81,2.33471823751577,7272,0,0.361971819769887,328
2020-07-06,Finland,Europe,5525292,20,1.82795768983793,7292,0,0,328
2020-07-13,Finland,Europe,5525292,46,1.19450700524063,7338,0,0,328
2020-07-20,Finland,Europe,5525292,55,1.82795768983793,7393,1,0.180985909884944,329
2020-07-27,Finland,Europe,5525292,60,2.08133796367685,7453,0,0.180985909884944,329
2020-08-03,Finland,Europe,5525292,131,3.45683087880242,7584,2,0.361971819769887,331
2020-08-10,Finland,Europe,5525292,147,5.03140829480143,7731,2,0.723943639539775,333
2020-08-17,Finland,Europe,5525292,189,6.08112657213411,7920,1,0.542957729654831,334
2020-08-24,Finland,Europe,5525292,157,6.26211248201905,8077,1,0.361971819769887,335
2020-08-31,Finland,Europe,5525292,214,6.71457725673141,8291,1,0.361971819769887,336
2020-09-07,Finland,Europe,5525292,289,9.10359126721266,8580,1,0.361971819769887,337
2020-09-14,Finland,Europe,5525292,400,12.4699291910726,8980,2,0.542957729654831,339
2020-09-21,Finland,Europe,5525292,702,19.9446472693208,9682,4,1.08591545930966,343
2020-09-28,Finland,Europe,5525292,856,28.1976047600742,10538,2,1.08591545930966,345
2020-10-05,Finland,Europe,5525292,1460,41.916336729353,11998,1,0.542957729654831,346
2020-10-12,Finland,Europe,5525292,1426,52.2325335927947,13424,5,1.08591545930966,351
2020-10-19,Finland,Europe,5525292,1424,51.5809843172089,14848,2,1.26690136919461,353
2020-10-26,Finland,Europe,5525292,1443,51.8886603640133,16291,5,1.26690136919461,358
2020-11-02,Finland,Europe,5525292,1506,53.3727448250699,17797,4,1.62887318896449,362
2020-11-09,Finland,Europe,5525292,1518,54.730139149207,19315,7,1.99084500873438,369
2020-11-16,Finland,Europe,5525292,2324,69.5347865777954,21639,6,2.35281682850427,375
2020-11-23,Finland,Europe,5525292,2990,96.175912512859,24629,18,4.34366183723865,393
2020-11-30,Finland,Europe,5525292,3002,108.446757203058,27631,22,7.23943639539775,415
2020-12-07,Finland,Europe,5525292,3179,111.867390899884,30810,46,12.3070418721762,461
2020-12-14,Finland,Europe,5525292,2352,100.103306757362,33162,28,13.3929573314858,489
2020-12-21,Finland,Europe,5525292,1975,78.3126032072151,35137,57,15.3838023402202,546
2020-12-28,Finland,Europe,5525292,1782,67.9964063437733,36919,19,13.7549291512557,565
2021-01-04,Finland,Europe,5525292,1671,62.494434683271,38590,32,9.23028140413213,597
2021-01-11,Finland,Europe,5525292,1747,61.8609839986737,40337,24,10.1352109535568,621
2021-01-18,Finland,Europe,5525292,2243,72.2133780440925,42580,34,10.4971827733267,655
2021-01-25,Finland,Europe,5525292,2902,93.1172506358035,45482,22,10.1352109535568,677
2021-02-01,Finland,Europe,5525292,2487,97.5333068369961,47969,24,8.32535185470741,701
2021-02-08,Finland,Europe,5525292,2350,87.5428846113472,50319,15,7.0584504855128,716
2021-02-15,Finland,Europe,5525292,3813,111.541616262091,54132,17,5.7915491163182,733
2021-02-22,Finland,Europe,5525292,3932,140.173587205889,58064,17,6.15352093608808,750
2019-12-30,France,Europe,67320216,0,NA,0,0,NA,0
2020-01-06,France,Europe,67320216,0,0,0,0,0,0
2020-01-13,France,Europe,67320216,0,0,0,0,0,0
2020-01-20,France,Europe,67320216,3,0.00445631368740706,3,0,0,0
2020-01-27,France,Europe,67320216,3,0.00891262737481413,6,0,0,0
2020-02-03,France,Europe,67320216,5,0.0118835031664188,11,0,0,0
2020-02-10,France,Europe,67320216,1,0.00891262737481413,12,1,0.0148543789580236,1
2020-02-17,France,Europe,67320216,0,0.00148543789580235,12,0,0.0148543789580236,1
2020-02-24,France,Europe,67320216,118,0.175281671704678,130,1,0.0148543789580236,2
2020-03-02,France,Europe,67320216,996,1.65477781592382,1126,17,0.267378821244424,19
2020-03-09,France,Europe,67320216,4297,7.86242278248186,5423,108,1.85679736975294,127
2020-03-16,France,Europe,67320216,10595,22.1211411442887,16018,547,9.72961821750542,674
2020-03-23,France,Europe,67320216,24156,51.6204523170276,40174,1932,36.8240054369404,2606
2020-03-30,France,Europe,67320216,30304,80.8969478053962,70478,5472,109.981821805206,8078
2020-04-06,France,Europe,67320216,24925,82.0392495472682,95403,6315,175.088564778224,14393
2020-04-13,France,Europe,67320216,17203,62.5785276743616,112606,5325,172.904971071394,19718
2020-04-20,France,Europe,67320216,11969,43.3331942963463,124575,3138,125.712609121753,22856
2020-04-27,France,Europe,67320216,6712,27.7494653314838,131287,2039,76.9011198656879,24895
2020-05-04,France,Europe,67320216,7776,21.5210242343845,139063,1485,52.346831448075,26380
2020-05-11,France,Europe,67320216,3348,16.5240111529054,142411,1331,41.8299311457943,27711
2020-05-18,France,Europe,67320216,2510,8.70169519361019,144921,656,29.5156509895928,28367
2020-05-25,France,Europe,67320216,6832,13.8769608225856,151753,435,16.2061274432037,28802
2020-06-01,France,Europe,67320216,2224,13.4521255843861,153977,353,11.7052506189226,29155
2020-06-08,France,Europe,67320216,3243,8.12088897635147,157220,252,8.98689926960424,29407
2020-06-15,France,Europe,67320216,3157,9.50680253313507,160377,233,7.20437379464142,29640
2020-06-22,France,Europe,67320216,2559,8.49076301240626,162936,138,5.51097459342674,29778
2020-06-29,France,Europe,67320216,4024,9.7786376680669,166960,115,3.75815787637996,29893
2020-07-06,France,Europe,67320216,3792,11.6101825935912,170752,111,3.35708964451332,30004
2020-07-13,France,Europe,67320216,3922,11.4586679282194,174674,148,3.8472841501281,30152
2020-07-20,France,Europe,67320216,5854,14.5216408693638,180528,40,2.79262324410843,30192
2020-07-27,France,Europe,67320216,7391,19.6746249299022,187919,73,1.67854482225666,30265
2020-08-03,France,Europe,67320216,10002,25.8362213216904,197921,59,1.96077802245911,30324
2020-08-10,France,Europe,67320216,20615,45.4796520557807,218536,86,2.15388494891341,30410
2020-08-17,France,Europe,67320216,24363,66.8120256773983,242899,103,2.80747762306645,30513
2020-08-24,France,Europe,67320216,35044,88.2454090759305,277943,93,2.91145827577262,30606
2020-08-31,France,Europe,67320216,46834,121.624684032505,324777,95,2.79262324410843,30701
2020-09-07,France,Europe,67320216,56317,153.224404389909,381094,215,4.6048574769873,30916
2020-09-14,France,Europe,67320216,72669,191.600692427963,453763,369,8.67495731148575,31285
2020-09-21,France,Europe,67320216,84806,233.919332641476,538569,442,12.0469013349571,31727
2020-09-28,France,Europe,67320216,80601,245.70182603098,619170,503,14.0373881153323,32230
2020-10-05,France,Europe,67320216,115804,291.747429925062,734974,500,14.8989420948976,32730
2020-10-12,France,Europe,67320216,162060,412.749715479225,897034,747,18.5234105606554,33477
2020-10-19,France,Europe,67320216,241473,599.423210406812,1138507,1284,30.1692436637458,34761
2020-10-26,France,Europe,67320216,275408,767.794625020217,1413915,2258,52.6142102693194,37019
2020-11-02,France,Europe,67320216,373409,963.777359240796,1787324,3420,84.3431637236577,40439
2020-11-09,France,Europe,67320216,194503,843.598006280907,1981827,4109,111.838619174959,44548
2020-11-16,France,Europe,67320216,158381,524.187266422318,2140208,4184,123.187364698889,48732
2020-11-23,France,Europe,67320216,78275,351.537790669002,2218483,3593,115.522505156549,52325
2020-11-30,France,Europe,67320216,74014,226.215851713845,2292497,2830,95.4096760473852,55155
2020-12-07,France,Europe,67320216,84355,235.247314120323,2376852,2756,82.9765608595195,57911
2020-12-14,France,Europe,67320216,96502,268.651841521126,2473354,2638,80.124520099579,60549
2020-12-21,France,Europe,67320216,89292,275.985448412703,2562646,2560,77.2130618238064,63109
2020-12-28,France,Europe,67320216,93082,270.905250809059,2655728,1928,66.6664527636097,65037
2021-01-04,France,Europe,67320216,127528,327.702454192957,2783256,2713,68.9391727441873,67750
2021-01-11,France,Europe,67320216,127733,379.174362720405,2910989,2533,77.9260720137915,70283
2021-01-18,France,Europe,67320216,142628,401.60447494702,3053617,2766,78.7133540985668,73049
2021-01-25,France,Europe,67320216,143497,425.020917936449,3197114,3008,85.769184103628,76057
2021-02-01,France,Europe,67320216,139934,421.019148245157,3337048,2908,87.8785059156673,78965
2021-02-08,France,Europe,67320216,128115,398.170142531925,3465163,2849,85.5166596613416,81814
2021-02-15,France,Europe,67320216,140018,398.294919315173,3605181,2492,79.3372380148038,84306
2021-02-22,France,Europe,67320216,150787,431.972767288804,3755968,2148,68.9243183652293,86454
2020-03-16,French Polynesia,Oceania,280904,18,NA,18,0,NA,0
2020-03-23,French Polynesia,Oceania,280904,17,12.4597727337453,35,0,0,0
2020-03-30,French Polynesia,Oceania,280904,6,8.18785065360408,41,0,0,0
2020-04-06,French Polynesia,Oceania,280904,12,6.40788312021189,53,0,0,0
2020-04-13,French Polynesia,Oceania,280904,2,4.98390909349813,55,0,0,0
2020-04-20,French Polynesia,Oceania,280904,2,1.42397402671375,57,0,0,0
2020-04-27,French Polynesia,Oceania,280904,1,1.06798052003532,58,0,0,0
2020-05-04,French Polynesia,Oceania,280904,2,1.06798052003532,60,0,0,0
2020-05-11,French Polynesia,Oceania,280904,0,0.711987013356876,60,0,0,0
2020-05-18,French Polynesia,Oceania,280904,0,0,60,0,0,0
2020-05-25,French Polynesia,Oceania,280904,0,0,60,0,0,0
2020-06-01,French Polynesia,Oceania,280904,0,0,60,0,0,0
2020-06-08,French Polynesia,Oceania,280904,0,0,60,0,0,0
2020-06-15,French Polynesia,Oceania,280904,0,0,60,0,0,0
2020-06-22,French Polynesia,Oceania,280904,2,0.711987013356876,62,0,0,0
2020-06-29,French Polynesia,Oceania,280904,0,0.711987013356876,62,0,0,0
2020-07-06,French Polynesia,Oceania,280904,0,0,62,0,0,0
2020-07-13,French Polynesia,Oceania,280904,0,0,62,0,0,0
2020-07-20,French Polynesia,Oceania,280904,0,0,62,0,0,0
2020-07-27,French Polynesia,Oceania,280904,0,0,62,0,0,0
2020-08-03,French Polynesia,Oceania,280904,0,0,62,0,0,0
2020-08-10,French Polynesia,Oceania,280904,130,46.279155868197,192,0,0,0
2020-08-17,French Polynesia,Oceania,280904,44,61.9428701620482,236,0,0,0
2020-08-24,French Polynesia,Oceania,280904,184,81.1665195226839,420,0,0,0
2020-08-31,French Polynesia,Oceania,280904,274,163.045026058725,694,0,0,0
2020-09-07,French Polynesia,Oceania,280904,197,167.672941645544,891,2,7.11987013356876,2
2020-09-14,French Polynesia,Oceania,280904,427,222.139948167345,1318,0,7.11987013356876,2
2020-09-21,French Polynesia,Oceania,280904,14,156.993136445191,1332,3,10.6798052003531,5
2020-09-28,French Polynesia,Oceania,280904,632,229.971805314271,1964,3,21.3596104007063,8
2020-10-05,French Polynesia,Oceania,280904,728,484.151169082676,2692,2,17.7996753339219,10
2020-10-12,French Polynesia,Oceania,280904,1105,652.536097741577,3797,4,21.3596104007063,14
2020-10-19,French Polynesia,Oceania,280904,2000,1105.35983823655,5797,6,35.5993506678438,20
2020-10-26,French Polynesia,Oceania,280904,1465,1233.51750064079,7262,9,53.3990260017657,29
2020-11-02,French Polynesia,Oceania,280904,2733,1494.46074103608,9995,10,67.6387662689033,39
2020-11-09,French Polynesia,Oceania,280904,1711,1582.03514367898,11706,14,85.4384416028252,53
2020-11-16,French Polynesia,Oceania,280904,1272,1061.92863042178,12978,10,85.4384416028252,63
2020-11-23,French Polynesia,Oceania,280904,1118,850.824480961467,14096,10,71.1987013356876,73
2020-11-30,French Polynesia,Oceania,280904,1011,757.910175718395,15107,6,56.9589610685501,79
2020-12-07,French Polynesia,Oceania,280904,640,587.745279526101,15747,17,81.8785065360408,96
2020-12-14,French Polynesia,Oceania,280904,435,382.693019679321,16182,7,85.4384416028252,103
2020-12-21,French Polynesia,Oceania,280904,368,285.862785862786,16550,5,42.7192208014126,108
2020-12-28,French Polynesia,Oceania,280904,376,264.859168968758,16926,6,39.1592857346282,114
2021-01-04,French Polynesia,Oceania,280904,315,245.991513114801,17241,8,49.8390909349813,122
2021-01-11,French Polynesia,Oceania,280904,394,252.399396235013,17635,4,42.7192208014126,126
2021-01-18,French Polynesia,Oceania,280904,0,140.261441631305,17635,0,14.2397402671375,126
2021-01-25,French Polynesia,Oceania,280904,425,151.297240338336,18060,5,17.7996753339219,131
2021-02-01,French Polynesia,Oceania,280904,125,195.796428673141,18185,2,24.9195454674907,133
2021-02-08,French Polynesia,Oceania,280904,78,72.266681855723,18263,2,14.2397402671375,135
2021-02-15,French Polynesia,Oceania,280904,83,57.3149545752286,18346,2,14.2397402671375,137
2021-02-22,French Polynesia,Oceania,280904,41,44.1431948281263,18387,2,14.2397402671375,139
2020-03-09,Gabon,Africa,2225728,1,NA,1,0,NA,0
2020-03-16,Gabon,Africa,2225728,5,0.269574718923426,6,1,0.449291198205711,1
2020-03-23,Gabon,Africa,2225728,1,0.269574718923426,7,0,0.449291198205711,1
2020-03-30,Gabon,Africa,2225728,14,0.673936797308566,21,0,0,1
2020-04-06,Gabon,Africa,2225728,36,2.24645599102855,57,0,0,1
2020-04-13,Gabon,Africa,2225728,52,3.95376254421025,109,0,0,1
2020-04-20,Gabon,Africa,2225728,67,5.34656525864796,176,2,0.898582396411421,3
2020-04-27,Gabon,Africa,2225728,159,10.1539810794491,335,2,1.79716479282284,5
2020-05-04,Gabon,Africa,2225728,326,21.790623112977,661,3,2.24645599102855,8
2020-05-11,Gabon,Africa,2225728,659,44.2551830232625,1320,3,2.69574718923426,11
2020-05-18,Gabon,Africa,2225728,614,57.194769531587,1934,1,1.79716479282284,12
2020-05-25,Gabon,Africa,2225728,721,59.9803749604624,2655,5,2.69574718923426,17
2020-06-01,Gabon,Africa,2225728,446,52.4322828306064,3101,4,4.0436207838514,21
2020-06-08,Gabon,Africa,2225728,362,36.3027288150214,3463,2,2.69574718923426,23
2020-06-15,Gabon,Africa,2225728,965,59.6209420018978,4428,11,5.84078557667424,34
2020-06-22,Gabon,Africa,2225728,781,78.4462432067171,5209,6,7.63795036949708,40
2020-06-29,Gabon,Africa,2225728,411,53.5555108261207,5620,4,4.49291198205711,44
2020-07-06,Gabon,Africa,2225728,322,32.9330448284786,5942,2,2.69574718923426,46
2020-07-13,Gabon,Africa,2225728,373,31.2257382752969,6315,0,0.898582396411421,46
2020-07-20,Gabon,Africa,2225728,669,46.8161428530351,6984,3,1.34787359461713,49
2020-07-27,Gabon,Africa,2225728,547,54.6338097018144,7531,1,1.79716479282284,50
2020-08-03,Gabon,Africa,2225728,392,42.1884435115162,7923,1,0.898582396411421,51
2020-08-10,Gabon,Africa,2225728,302,31.1808091554763,8225,0,0.449291198205711,51
2020-08-17,Gabon,Africa,2225728,163,20.8920407165656,8388,2,0.898582396411421,53
2020-08-24,Gabon,Africa,2225728,117,12.5801535497599,8505,0,0.898582396411421,53
2020-08-31,Gabon,Africa,2225728,96,9.56990252178164,8601,0,0,53
2020-09-07,Gabon,Africa,2225728,42,6.20021853523881,8643,0,0,53
2020-09-14,Gabon,Africa,2225728,53,4.26826638295425,8696,0,0,53
2020-09-21,Gabon,Africa,2225728,32,3.81897518474854,8728,1,0.449291198205711,54
2020-09-28,Gabon,Africa,2225728,69,4.53784110187768,8797,0,0.449291198205711,54
2020-10-05,Gabon,Africa,2225728,38,4.8074158208011,8835,0,0,54
2020-10-12,Gabon,Africa,2225728,46,3.77404606492797,8881,0,0,54
2020-10-19,Gabon,Africa,2225728,38,3.77404606492797,8919,0,0,54
2020-10-26,Gabon,Africa,2225728,49,3.90883342438968,8968,1,0.449291198205711,55
2020-11-02,Gabon,Africa,2225728,54,4.62769934151882,9022,0,0.449291198205711,55
2020-11-09,Gabon,Africa,2225728,40,4.22333726313368,9062,3,1.34787359461713,58
2020-11-16,Gabon,Africa,2225728,69,4.89727406044225,9131,1,1.79716479282284,59
2020-11-23,Gabon,Africa,2225728,60,5.79585645685367,9191,0,0.449291198205711,59
2020-11-30,Gabon,Africa,2225728,63,5.52628173793024,9254,1,0.449291198205711,60
2020-12-07,Gabon,Africa,2225728,97,7.18865917129137,9351,3,1.79716479282284,63
2020-12-14,Gabon,Africa,2225728,69,7.4582338902148,9420,1,1.79716479282284,64
2020-12-21,Gabon,Africa,2225728,90,7.1437300514708,9510,0,0.449291198205711,64
2020-12-28,Gabon,Africa,2225728,95,8.31188716680565,9605,2,0.898582396411421,66
2021-01-04,Gabon,Africa,2225728,135,10.3336975587313,9740,0,0.898582396411421,66
2021-01-11,Gabon,Africa,2225728,159,13.2091612272479,9899,0,0,66
2021-01-18,Gabon,Africa,2225728,512,30.1474393996032,10411,1,0.449291198205711,67
2021-01-25,Gabon,Africa,2225728,542,47.3552922908819,10953,1,0.898582396411421,68
2021-02-01,Gabon,Africa,2225728,504,46.9958593323173,11457,3,1.79716479282284,71
2021-02-08,Gabon,Africa,2225728,1408,85.9044770969319,12865,4,3.14503838743998,75
2021-02-15,Gabon,Africa,2225728,1019,109.042973804526,13884,1,2.24645599102855,76
2021-02-22,Gabon,Africa,2225728,680,76.3345745751502,14564,7,3.59432958564569,83
2019-12-30,Georgia,Europe,3989175,0,NA,0,0,NA,0
2020-01-06,Georgia,Europe,3989175,0,0,0,0,0,0
2020-01-13,Georgia,Europe,3989175,0,0,0,0,0,0
2020-01-20,Georgia,Europe,3989175,0,0,0,0,0,0
2020-01-27,Georgia,Europe,3989175,0,0,0,0,0,0
2020-02-03,Georgia,Europe,3989175,0,0,0,0,0,0
2020-02-10,Georgia,Europe,3989175,0,0,0,0,0,0
2020-02-17,Georgia,Europe,3989175,0,0,0,0,0,0
2020-02-24,Georgia,Europe,3989175,3,0.0752035195247138,3,0,0,0
2020-03-02,Georgia,Europe,3989175,10,0.325881917940426,13,0,0,0
2020-03-09,Georgia,Europe,3989175,17,0.676831675722424,30,0,0,0
2020-03-16,Georgia,Europe,3989175,24,1.02778143350442,54,0,0,0
2020-03-23,Georgia,Europe,3989175,36,1.50407039049428,90,0,0,0
2020-03-30,Georgia,Europe,3989175,84,3.00814078098855,174,2,0.501356796831425,2
2020-04-06,Georgia,Europe,3989175,83,4.1863292535424,257,1,0.752035195247138,3
2020-04-13,Georgia,Europe,3989175,137,5.51492476514568,394,1,0.501356796831425,4
2020-04-20,Georgia,Europe,3989175,92,5.74053532371982,486,2,0.752035195247138,6
2020-04-27,Georgia,Europe,3989175,103,4.88822876910639,589,3,1.25339199207856,9
2020-05-04,Georgia,Europe,3989175,46,3.73510813639412,635,1,1.00271359366285,10
2020-05-11,Georgia,Europe,3989175,66,2.80759806225598,701,2,0.752035195247138,12
2020-05-18,Georgia,Europe,3989175,29,2.38144478494927,730,0,0.501356796831425,12
2020-05-25,Georgia,Europe,3989175,53,2.05556286700884,783,0,0,12
2020-06-01,Georgia,Europe,3989175,25,1.95529150764256,808,1,0.250678398415713,13
2020-06-08,Georgia,Europe,3989175,71,2.40651262479084,879,1,0.501356796831425,14
2020-06-15,Georgia,Europe,3989175,29,2.50678398415713,908,0,0.250678398415713,14
2020-06-22,Georgia,Europe,3989175,18,1.17818847255385,926,1,0.250678398415713,15
2020-06-29,Georgia,Europe,3989175,27,1.12805279287071,953,0,0.250678398415713,15
2020-07-06,Georgia,Europe,3989175,42,1.72968094906842,995,0,0,15
2020-07-13,Georgia,Europe,3989175,33,1.88008798811784,1028,0,0,15
2020-07-20,Georgia,Europe,3989175,109,3.55963325750312,1137,1,0.250678398415713,16
2020-07-27,Georgia,Europe,3989175,40,3.73510813639412,1177,1,0.501356796831425,17
2020-08-03,Georgia,Europe,3989175,73,2.83266590209755,1250,0,0.250678398415713,17
2020-08-10,Georgia,Europe,3989175,91,4.11112573401769,1341,0,0,17
2020-08-17,Georgia,Europe,3989175,70,4.03592221449297,1411,0,0,17
2020-08-24,Georgia,Europe,3989175,76,3.6599046168694,1487,2,0.501356796831425,19
2020-08-31,Georgia,Europe,3989175,153,5.74053532371982,1640,0,0.501356796831425,19
2020-09-07,Georgia,Europe,3989175,752,22.686395056622,2392,0,0,19
2020-09-14,Georgia,Europe,3989175,1303,51.5144108744289,3695,1,0.250678398415713,20
2020-09-21,Georgia,Europe,3989175,1857,79.2143738993652,5552,8,2.25610558574141,28
2020-09-28,Georgia,Europe,3989175,2566,110.87505561927,8118,22,7.52035195247138,50
2020-10-05,Georgia,Europe,3989175,3676,156.473456291088,11794,35,14.2886687096956,85
2020-10-12,Georgia,Europe,3989175,5683,234.609913077265,17477,51,21.5583422637513,136
2020-10-19,Georgia,Europe,3989175,12826,463.980647627642,30303,79,32.5881917940426,215
2020-10-26,Georgia,Europe,3989175,12276,629.252915703122,42579,127,51.6397500736368,342
2020-11-02,Georgia,Europe,3989175,18101,761.48577086741,60680,157,71.1926651500624,499
2020-11-09,Georgia,Europe,3989175,22155,1009.13096066229,82835,234,98.0152537805436,733
2020-11-16,Georgia,Europe,3989175,25855,1203.50699079384,108690,279,128.598018387261,1012
2020-11-23,Georgia,Europe,3989175,26894,1322.30348380304,135584,255,133.862264753991,1267
2020-11-30,Georgia,Europe,3989175,29392,1410.96843332268,164976,273,132.358194363496,1540
2020-12-07,Georgia,Europe,3989175,26087,1390.73868657053,191063,299,143.388043893788,1839
2020-12-14,Georgia,Europe,3989175,18399,1115.16792319214,209462,301,150.407039049428,2140
2020-12-21,Georgia,Europe,3989175,12681,779.108462276035,222143,278,145.142792682698,2418
2020-12-28,Georgia,Europe,3989175,7620,508.902216623738,229763,210,122.331058426868,2628
2021-01-04,Georgia,Europe,3989175,10017,442.121491285792,239780,168,94.7564346011393,2796
2021-01-11,Georgia,Europe,3989175,8135,455.031428804201,247915,162,82.7238714771851,2958
2021-01-18,Georgia,Europe,3989175,5901,351.852200016294,253816,113,68.936559564321,3071
2021-01-25,Georgia,Europe,3989175,4535,261.607976586638,258351,123,59.1601020261082,3194
2021-02-01,Georgia,Europe,3989175,3877,210.870668747297,262228,104,56.9039964403667,3298
2021-02-08,Georgia,Europe,3989175,3494,184.775047472222,265722,65,42.3646493322554,3363
2021-02-15,Georgia,Europe,3989175,2780,157.275627166018,268502,84,37.3510813639412,3447
2021-02-22,Georgia,Europe,3989175,2416,130.252495816804,270918,73,39.3565085512669,3520
2019-12-30,Germany,Europe,83166711,0,NA,0,0,NA,0
2020-01-06,Germany,Europe,83166711,0,0,0,0,0,0
2020-01-13,Germany,Europe,83166711,0,0,0,0,0,0
2020-01-20,Germany,Europe,83166711,0,0,0,0,0,0
2020-01-27,Germany,Europe,83166711,9,0.0108216375179247,9,0,0,0
2020-02-03,Germany,Europe,83166711,4,0.0156312541925579,13,0,0,0
2020-02-10,Germany,Europe,83166711,2,0.00721442501194979,15,0,0,0
2020-02-17,Germany,Europe,83166711,0,0.0024048083373166,15,0,0,0
2020-02-24,Germany,Europe,83166711,114,0.137074075227046,129,0,0,0
2020-03-02,Germany,Europe,83166711,773,1.06653249759991,902,0,0,0
2020-03-09,Germany,Europe,83166711,3936,5.66212123021193,4838,12,0.144288500238996,12
2020-03-16,Germany,Europe,83166711,19936,28.7037923142109,24774,82,1.1302599185388,94
2020-03-23,Germany,Europe,83166711,32524,63.0781226878144,57298,361,5.32665046715626,455
2020-03-30,Germany,Europe,83166711,38093,84.9101751781431,95391,979,16.1122158600212,1434
2020-04-06,Germany,Europe,83166711,27625,79.0195971558861,123016,1365,28.1843537133505,2799
2020-04-13,Germany,Europe,83166711,18656,55.6484673296747,141672,1605,35.7114038091515,4404
2020-04-20,Germany,Europe,83166711,13521,38.6897589349181,155193,1346,35.4829470171064,5750
2020-04-27,Germany,Europe,83166711,7982,25.8552968386594,163175,942,27.5110073789019,6692
2020-05-04,Germany,Europe,83166711,6400,17.2929767536437,169575,725,20.0440774915338,7417
2020-05-11,Germany,Europe,83166711,5122,13.8541008312809,174697,518,14.9458838164227,7935
2020-05-18,Germany,Europe,83166711,3873,10.8156254970814,178570,322,10.1001950167297,8257
2020-05-25,Germany,Europe,83166711,3245,8.55871287250977,181815,254,6.9258480114718,8511
2020-06-01,Germany,Europe,83166711,2378,6.76111864036561,184193,163,5.01402538330511,8674
2020-06-08,Germany,Europe,83166711,2268,5.58636976758646,186461,117,3.36673167224324,8791
2020-06-15,Germany,Europe,83166711,3898,7.41402410394707,190359,94,2.53707279586901,8885
2020-06-22,Germany,Europe,83166711,3402,8.77755043120558,193761,76,2.04408708671911,8961
2020-06-29,Germany,Europe,83166711,2793,7.44889382483816,196554,55,1.57514946094237,9016
2020-07-06,Germany,Europe,83166711,2409,6.25490648536047,198963,48,1.23847629371805,9064
2020-07-13,Germany,Europe,83166711,2860,6.33546756466058,201823,22,0.841682918060809,9086
2020-07-20,Germany,Europe,83166711,3786,7.99117810490305,205609,32,0.649298251075481,9118
2020-07-27,Germany,Europe,83166711,4793,10.3154253629196,210402,30,0.745490584568145,9148
2020-08-03,Germany,Europe,83166711,5925,12.8873678796797,216327,49,0.949899293240056,9197
2020-08-10,Germany,Europe,83166711,7687,16.3671255437768,224014,35,1.01001950167297,9232
2020-08-17,Germany,Europe,83166711,9561,20.7390671010183,233575,40,0.901803126493724,9272
2020-08-24,Germany,Europe,83166711,8806,22.084557365747,242381,26,0.793586751314477,9298
2020-08-31,Germany,Europe,83166711,8418,20.7102094009705,250799,27,0.637274209388899,9325
2020-09-07,Germany,Europe,83166711,9556,21.6120125274643,260355,25,0.625250167702316,9350
2020-09-14,Germany,Europe,83166711,11982,25.8973809845624,272337,36,0.733466542881562,9386
2020-09-21,Germany,Europe,83166711,12995,30.0324489205783,285332,74,1.32264458552413,9460
2020-09-28,Germany,Europe,83166711,15287,34.006394697994,300619,74,1.77955816961428,9534
2020-10-05,Germany,Europe,83166711,24712,48.0949643421633,325331,87,1.93587071153986,9621
2020-10-12,Germany,Europe,83166711,40968,78.9739057974771,366299,168,3.06613063007866,9789
2020-10-19,Germany,Europe,83166711,71567,135.312553119962,437866,267,5.2304581336636,10056
2020-10-26,Germany,Europe,83166711,107161,214.903292255961,545027,474,8.90981488975799,10530
2020-11-02,Germany,Europe,83166711,126841,281.364980274379,671868,822,15.5831580258116,11352
2020-11-09,Germany,Europe,83166711,129459,308.176188427122,801327,1195,24.2524920818379,12547
2020-11-16,Germany,Europe,83166711,127806,309.336508449877,929133,1565,33.1863550549691,14112
2020-11-23,Germany,Europe,83166711,124736,303.657553561304,1053869,2136,44.5009782820436,16248
2020-11-30,Germany,Europe,83166711,129785,306.037111411079,1183654,2671,57.7995683874044,18919
2020-12-07,Germany,Europe,83166711,153424,340.531682201548,1337078,3056,68.8616867390608,21975
2020-12-14,Germany,Europe,83166711,173574,393.183758342926,1510652,4300,88.4488506465045,26275
2020-12-21,Germany,Europe,83166711,141182,378.463926510212,1651834,3851,98.0079637873379,30126
2020-12-28,Germany,Europe,83166711,123679,318.469970515006,1775513,4448,99.7875219569522,34574
2021-01-04,Germany,Europe,83166711,145511,323.675178161128,1921024,6112,126.973880210316,40686
2021-01-11,Germany,Europe,83166711,119635,318.812655703073,2040659,5947,144.997918698504,46633
2021-01-18,Germany,Europe,83166711,101006,265.299658176936,2141665,5454,137.086099268733,52087
2021-01-25,Germany,Europe,83166711,80306,218.010304627774,2221971,5033,126.096125167196,57120
2021-02-01,Germany,Europe,83166711,66574,176.609124292531,2288545,4555,115.286511690958,61675
2021-02-08,Germany,Europe,83166711,50442,140.700526199719,2338987,3401,95.6632756584543,65076
2021-02-15,Germany,Europe,83166711,51941,123.105745999743,2390928,2827,74.8857316240389,67903
2021-02-22,Germany,Europe,83166711,56140,129.957044952758,2447068,2202,60.4689056418259,70105
2020-03-09,Ghana,Africa,31072945,2,NA,2,0,NA,0
2020-03-16,Ghana,Africa,31072945,22,0.0772376097598731,24,1,0.0321823373999471,1
2020-03-23,Ghana,Africa,31072945,128,0.482735060999207,152,4,0.160911686999736,5
2020-03-30,Ghana,Africa,31072945,62,0.611464410598995,214,0,0.128729349599788,5
2020-04-06,Ghana,Africa,31072945,352,1.33234876835781,566,3,0.0965470121998414,8
2020-04-13,Ghana,Africa,31072945,476,2.66469753671562,1042,1,0.128729349599788,9
2020-04-20,Ghana,Africa,31072945,508,3.1667420001548,1550,2,0.0965470121998414,11
2020-04-27,Ghana,Africa,31072945,619,3.62694942497404,2169,7,0.289641036599524,18
2020-05-04,Ghana,Africa,31072945,2094,8.73106813660566,4263,4,0.354005711399418,22
2020-05-11,Ghana,Africa,31072945,1472,11.4762215168211,5735,7,0.354005711399418,29
2020-05-18,Ghana,Africa,31072945,948,7.78812565078721,6683,3,0.321823373999471,32
2020-05-25,Ghana,Africa,31072945,1387,7.51457578288765,8070,4,0.22527636179963,36
2020-06-01,Ghana,Africa,31072945,1568,9.50988070168438,9638,8,0.386188048799366,44
2020-06-08,Ghana,Africa,31072945,2326,12.5318021835394,11964,10,0.579282073199048,54
2020-06-15,Ghana,Africa,31072945,2190,14.5335435698161,14154,31,1.31947583339783,85
2020-06-22,Ghana,Africa,31072945,3197,17.3366251573515,17351,27,1.86657556919693,112
2020-06-29,Ghana,Africa,31072945,2734,19.0873443119086,20085,10,1.19074648379804,122
2020-07-06,Ghana,Africa,31072945,4433,23.0650812145421,24518,17,0.868923109798572,139
2020-07-13,Ghana,Africa,31072945,3149,24.4006482166399,27667,9,0.836740772398625,148
2020-07-20,Ghana,Africa,31072945,5302,27.1972933366953,32969,20,0.933287784598467,168
2020-07-27,Ghana,Africa,31072945,4045,30.0808307677306,37014,14,1.0941994715982,182
2020-08-03,Ghana,Africa,31072945,3989,25.8552898671175,41003,33,1.51256985779752,215
2020-08-10,Ghana,Africa,31072945,1529,17.7582137772908,42532,16,1.57693453259741,231
2020-08-17,Ghana,Africa,31072945,973,8.05202081746677,43505,30,1.48038752039757,261
2020-08-24,Ghana,Africa,31072945,700,5.38410504701115,44205,15,1.44820518299762,276
2020-08-31,Ghana,Africa,31072945,572,4.09359331727327,44777,7,0.708011422798837,283
2020-09-07,Ghana,Africa,31072945,657,3.9552092664535,45434,3,0.321823373999471,286
2020-09-14,Ghana,Africa,31072945,570,3.94877279897351,46004,11,0.45055272359926,297
2020-09-21,Ghana,Africa,31072945,383,3.06697675421496,46387,2,0.418370386199313,299
2020-09-28,Ghana,Africa,31072945,442,2.65504283549564,46829,4,0.193094024399683,303
2020-10-05,Ghana,Africa,31072945,176,1.98886845131673,47005,3,0.22527636179963,306
2020-10-12,Ghana,Africa,31072945,305,1.54797042893746,47310,4,0.22527636179963,310
2020-10-19,Ghana,Africa,31072945,380,2.20449011189638,47690,6,0.321823373999471,316
2020-10-26,Ghana,Africa,31072945,434,2.6196422643557,48124,4,0.321823373999471,320
2020-11-02,Ghana,Africa,31072945,1078,4.86596941487201,49202,0,0.128729349599788,320
2020-11-09,Ghana,Africa,31072945,921,6.43324924624943,50123,2,0.0643646747998943,322
2020-11-16,Ghana,Africa,31072945,751,5.38088681327116,50874,1,0.0965470121998414,323
2020-11-23,Ghana,Africa,31072945,695,4.65356598803235,51569,0,0.0321823373999471,323
2020-11-30,Ghana,Africa,31072945,705,4.5055272359926,52274,2,0.0643646747998943,325
2020-12-07,Ghana,Africa,31072945,740,4.65034775429236,53014,2,0.128729349599788,327
2020-12-14,Ghana,Africa,31072945,639,4.43794432745271,53653,4,0.193094024399683,331
2020-12-21,Ghana,Africa,31072945,850,4.79195003885213,54503,2,0.193094024399683,333
2020-12-28,Ghana,Africa,31072945,665,4.87562411609199,55168,2,0.128729349599788,335
2021-01-04,Ghana,Africa,31072945,1062,5.55788966897087,56230,3,0.160911686999736,338
2021-01-11,Ghana,Africa,31072945,1484,8.19362310202654,57714,8,0.354005711399418,346
2021-01-18,Ghana,Africa,31072945,4421,19.0036702346688,62135,26,1.0941994715982,372
2021-01-25,Ghana,Africa,31072945,4875,29.9167008469909,67010,44,2.2527636179963,416
2021-02-01,Ghana,Africa,31072945,5318,32.8034565117661,72328,56,3.21823373999471,472
2021-02-08,Ghana,Africa,31072945,3508,28.4041309891933,75836,61,3.76533347579381,533
2021-02-15,Ghana,Africa,31072945,4417,25.5045023894581,80253,44,3.37914542699445,577
2021-02-22,Ghana,Africa,31072945,3770,26.3476796293367,84023,30,2.38149296759609,607
2020-03-16,Gibraltar,Europe,33691,15,NA,15,0,NA,0
2020-03-23,Gibraltar,Europe,33691,50,192.929862574575,65,0,0,0
2020-03-30,Gibraltar,Europe,33691,38,261.197352408655,103,0,0,0
2020-04-06,Gibraltar,Europe,33691,26,189.961710842658,129,0,0,0
2020-04-13,Gibraltar,Europe,33691,4,89.0445519574961,133,0,0,0
2020-04-20,Gibraltar,Europe,33691,8,35.6178207829984,141,0,0,0
2020-04-27,Gibraltar,Europe,33691,3,32.6496690510819,144,0,0,0
2020-05-04,Gibraltar,Europe,33691,2,14.8407586595827,146,0,0,0
2020-05-11,Gibraltar,Europe,33691,1,8.90445519574961,147,0,0,0
2020-05-18,Gibraltar,Europe,33691,4,14.8407586595827,151,0,0,0
2020-05-25,Gibraltar,Europe,33691,18,65.2993381021638,169,0,0,0
2020-06-01,Gibraltar,Europe,33691,6,71.2356415659969,175,0,0,0
2020-06-08,Gibraltar,Europe,33691,1,20.7770621234158,176,0,0,0
2020-06-15,Gibraltar,Europe,33691,0,2.96815173191654,176,0,0,0
2020-06-22,Gibraltar,Europe,33691,1,2.96815173191654,177,0,0,0
2020-06-29,Gibraltar,Europe,33691,1,5.93630346383307,178,0,0,0
2020-07-06,Gibraltar,Europe,33691,2,8.90445519574961,180,0,0,0
2020-07-13,Gibraltar,Europe,33691,0,5.93630346383307,180,0,0,0
2020-07-20,Gibraltar,Europe,33691,5,14.8407586595827,185,0,0,0
2020-07-27,Gibraltar,Europe,33691,3,23.7452138553323,188,0,0,0
2020-08-03,Gibraltar,Europe,33691,9,35.6178207829984,197,0,0,0
2020-08-10,Gibraltar,Europe,33691,18,80.1400967617465,215,0,0,0
2020-08-17,Gibraltar,Europe,33691,14,94.9808554213291,229,0,0,0
2020-08-24,Gibraltar,Europe,33691,56,207.770621234158,285,0,0,0
2020-08-31,Gibraltar,Europe,33691,30,255.261048944822,315,0,0,0
2020-09-07,Gibraltar,Europe,33691,15,133.566827936244,330,0,0,0
2020-09-14,Gibraltar,Europe,33691,20,103.885310617079,350,0,0,0
2020-09-21,Gibraltar,Europe,33691,29,145.43943486391,379,0,0,0
2020-09-28,Gibraltar,Europe,33691,53,243.388442017156,432,0,0,0
2020-10-05,Gibraltar,Europe,33691,53,314.624083583153,485,0,0,0
2020-10-12,Gibraltar,Europe,33691,86,412.573090736399,571,0,0,0
2020-10-19,Gibraltar,Europe,33691,96,540.203615208809,667,0,0,0
2020-10-26,Gibraltar,Europe,33691,36,391.796028612983,703,0,0,0
2020-11-02,Gibraltar,Europe,33691,90,373.987118221484,793,0,0,0
2020-11-09,Gibraltar,Europe,33691,109,590.662194651391,902,1,29.6815173191654,1
2020-11-16,Gibraltar,Europe,33691,56,489.745035766228,958,3,118.726069276661,4
2020-11-23,Gibraltar,Europe,33691,56,332.432993974652,1014,1,118.726069276661,5
2020-11-30,Gibraltar,Europe,33691,39,281.974414532071,1053,0,29.6815173191654,5
2020-12-07,Gibraltar,Europe,33691,22,181.057255646909,1075,0,0,5
2020-12-14,Gibraltar,Europe,33691,169,566.916980796058,1244,1,29.6815173191654,6
2020-12-21,Gibraltar,Europe,33691,462,1872.90374283933,1706,0,29.6815173191654,6
2020-12-28,Gibraltar,Europe,33691,700,3448.99231248701,2406,2,59.3630346383307,8
2021-01-04,Gibraltar,Europe,33691,764,4345.37413552581,3170,8,296.815173191654,16
2021-01-11,Gibraltar,Europe,33691,500,3751.7437891425,3670,27,1038.85310617079,43
2021-01-18,Gibraltar,Europe,33691,296,2362.64877860556,3966,20,1395.03131400077,63
2021-01-25,Gibraltar,Europe,33691,148,1317.85936897094,4114,14,1009.17158885162,77
2021-02-01,Gibraltar,Europe,33691,73,655.961532753554,4187,6,593.630346383307,83
2021-02-08,Gibraltar,Europe,33691,32,311.655931851236,4219,4,296.815173191654,87
2021-02-15,Gibraltar,Europe,33691,9,121.694221008578,4228,3,207.770621234158,90
2021-02-22,Gibraltar,Europe,33691,11,59.3630346383307,4239,3,178.089103914992,93
2019-12-30,Greece,Europe,10718565,0,NA,0,0,NA,0
2020-01-06,Greece,Europe,10718565,0,0,0,0,0,0
2020-01-13,Greece,Europe,10718565,0,0,0,0,0,0
2020-01-20,Greece,Europe,10718565,0,0,0,0,0,0
2020-01-27,Greece,Europe,10718565,0,0,0,0,0,0
2020-02-03,Greece,Europe,10718565,0,0,0,0,0,0
2020-02-10,Greece,Europe,10718565,0,0,0,0,0,0
2020-02-17,Greece,Europe,10718565,0,0,0,0,0,0
2020-02-24,Greece,Europe,10718565,7,0.065307249617836,7,0,0,0
2020-03-02,Greece,Europe,10718565,66,0.681061317443147,73,0,0,0
2020-03-09,Greece,Europe,10718565,258,3.02279269659698,331,4,0.373184283530491,4
2020-03-16,Greece,Europe,10718565,293,5.14061350563252,624,11,1.39944106323934,15
2020-03-23,Greece,Europe,10718565,532,7.69692584781638,1156,23,3.17206641000918,38
2020-03-30,Greece,Europe,10718565,579,10.3651934750594,1735,35,5.41117211119212,73
2020-04-06,Greece,Europe,10718565,379,8.93776359055527,2114,25,5.59776425295737,98
2020-04-13,Greece,Europe,10718565,121,4.66480354413114,2235,12,3.45195462265704,110
2020-04-20,Greece,Europe,10718565,271,3.65720597859881,2506,20,2.98547426824393,130
2020-04-27,Greece,Europe,10718565,120,3.64787637151055,2626,14,3.17206641000918,144
2020-05-04,Greece,Europe,10718565,90,1.95921748853508,2716,7,1.95921748853508,151
2020-05-11,Greece,Europe,10718565,118,1.94055827435856,2834,12,1.77262534676983,163
2020-05-18,Greece,Europe,10718565,44,1.51139634829849,2878,8,1.86592141765246,171
2020-05-25,Greece,Europe,10718565,39,0.774357388325769,2917,4,1.11955285059147,175
2020-06-01,Greece,Europe,10718565,80,1.11022324350321,2997,5,0.839664637943605,180
2020-06-08,Greece,Europe,10718565,124,1.90323984600551,3121,3,0.746368567060983,183
2020-06-15,Greece,Europe,10718565,145,2.50966430674255,3266,7,0.932960708826228,190
2020-06-22,Greece,Europe,10718565,110,2.37904980750688,3376,1,0.746368567060983,191
2020-06-29,Greece,Europe,10718565,143,2.36039059333036,3519,1,0.186592141765246,192
2020-07-06,Greece,Europe,10718565,284,3.98374222668799,3803,1,0.186592141765246,193
2020-07-13,Greece,Europe,10718565,204,4.55284825907199,4007,1,0.186592141765246,194
2020-07-20,Greece,Europe,10718565,186,3.63854676442229,4193,8,0.839664637943605,202
2020-07-27,Greece,Europe,10718565,469,6.1108926428118,4662,6,1.30614499235672,208
2020-08-03,Greece,Europe,10718565,961,13.3413381362151,5623,4,0.932960708826228,212
2020-08-10,Greece,Europe,10718565,1452,22.5123419039769,7075,16,1.86592141765246,228
2020-08-17,Greece,Europe,10718565,1589,28.3713351554056,8664,14,2.79888212647868,242
2020-08-24,Greece,Europe,10718565,1470,28.5392680829943,10134,20,3.17206641000918,262
2020-08-31,Greece,Europe,10718565,1390,26.6826762724301,11524,22,3.91843497707016,284
2020-09-07,Greece,Europe,10718565,1716,28.9777596161427,13240,21,4.01173104795278,305
2020-09-14,Greece,Europe,10718565,1902,33.7545184453329,15142,33,5.03798782766163,338
2020-09-21,Greece,Europe,10718565,2302,39.2216681990546,17444,41,6.90390924531409,379
2020-09-28,Greece,Europe,10718565,2398,43.8491533148327,19842,30,6.62402103266622,409
2020-10-05,Greece,Europe,10718565,2516,45.8456892317209,22358,40,6.5307249617836,449
2020-10-12,Greece,Europe,10718565,3012,51.5740679839139,25370,60,9.32960708826228,509
2020-10-19,Greece,Europe,10718565,5412,78.5926101115215,30782,65,11.6620088603279,574
2020-10-26,Greece,Europe,10718565,10147,145.159356686273,40929,61,11.7553049312105,635
2020-11-02,Greece,Europe,10718565,15769,241.786097299405,56698,149,19.5921748853508,784
2020-11-09,Greece,Europe,10718565,17507,310.452005469016,74205,322,43.9424493857153,1106
2020-11-16,Greece,Europe,10718565,17414,325.799209129207,91619,524,78.9284759666989,1630
2020-11-23,Greece,Europe,10718565,12608,280.09346400381,104227,691,113.354726122387,2321
2020-11-30,Greece,Europe,10718565,11244,222.529788269232,115471,682,128.095505321841,3003
2020-12-07,Greece,Europe,10718565,9063,189.456331141342,124534,622,121.65807643094,3625
2020-12-14,Greece,Europe,10718565,6538,145.55120018398,131072,547,109.063106861786,4172
2020-12-21,Greece,Europe,10718565,4859,106.329531984925,135931,500,97.6809862141061,4672
2020-12-28,Greece,Europe,10718565,4168,84.2183631857436,140099,285,73.2374156428589,4957
2021-01-04,Greece,Europe,10718565,4639,82.1658496263259,144738,306,55.1379778916301,5263
2021-01-11,Greece,Europe,10718565,3869,79.3762971069355,148607,206,47.7675882919029,5469
2021-01-18,Greece,Europe,10718565,3373,67.5650145331954,151980,177,35.7323951480445,5646
2021-01-25,Greece,Europe,10718565,4977,77.9022191869901,156957,150,30.5078151786177,5796
2021-02-01,Greece,Europe,10718565,6989,111.638078418147,163946,176,30.414519107735,5972
2021-02-08,Greece,Europe,10718565,8182,141.539469136027,172128,154,30.7877033912655,6126
2021-02-15,Greece,Europe,10718565,7674,147.930249991487,179802,171,30.3212230368524,6297
2021-02-22,Greece,Europe,10718565,11298,177.001305678512,191100,207,35.2659147936314,6504
2020-03-16,Greenland,America,56772,2,NA,2,0,NA,0
2020-03-23,Greenland,America,56772,8,17.61431691679,10,0,0,0
2020-03-30,Greenland,America,56772,1,15.852885225111,11,0,0,0
2020-04-06,Greenland,America,56772,0,1.761431691679,11,0,0,0
2020-04-13,Greenland,America,56772,0,0,11,0,0,0
2020-04-20,Greenland,America,56772,0,0,11,0,0,0
2020-04-27,Greenland,America,56772,0,0,11,0,0,0
2020-05-04,Greenland,America,56772,0,0,11,0,0,0
2020-05-11,Greenland,America,56772,0,0,11,0,0,0
2020-05-18,Greenland,America,56772,0,0,11,0,0,0
2020-05-25,Greenland,America,56772,2,3.52286338335799,13,0,0,0
2020-06-01,Greenland,America,56772,0,3.52286338335799,13,0,0,0
2020-06-08,Greenland,America,56772,0,0,13,0,0,0
2020-06-15,Greenland,America,56772,0,0,13,0,0,0
2020-06-22,Greenland,America,56772,0,0,13,0,0,0
2020-06-29,Greenland,America,56772,0,0,13,0,0,0
2020-07-06,Greenland,America,56772,0,0,13,0,0,0
2020-07-13,Greenland,America,56772,0,0,13,0,0,0
2020-07-20,Greenland,America,56772,0,0,13,0,0,0
2020-07-27,Greenland,America,56772,1,1.761431691679,14,0,0,0
2020-08-03,Greenland,America,56772,0,1.761431691679,14,0,0,0
2020-08-10,Greenland,America,56772,0,0,14,0,0,0
2020-08-17,Greenland,America,56772,0,0,14,0,0,0
2020-08-24,Greenland,America,56772,0,0,14,0,0,0
2020-08-31,Greenland,America,56772,0,0,14,0,0,0
2020-09-07,Greenland,America,56772,0,0,14,0,0,0
2020-09-14,Greenland,America,56772,0,0,14,0,0,0
2020-09-21,Greenland,America,56772,0,0,14,0,0,0
2020-09-28,Greenland,America,56772,0,0,14,0,0,0
2020-10-05,Greenland,America,56772,2,3.52286338335799,16,0,0,0
2020-10-12,Greenland,America,56772,0,3.52286338335799,16,0,0,0
2020-10-19,Greenland,America,56772,1,1.761431691679,17,0,0,0
2020-10-26,Greenland,America,56772,0,1.761431691679,17,0,0,0
2020-11-02,Greenland,America,56772,0,0,17,0,0,0
2020-11-09,Greenland,America,56772,0,0,17,0,0,0
2020-11-16,Greenland,America,56772,1,1.761431691679,18,0,0,0
2020-11-23,Greenland,America,56772,0,1.761431691679,18,0,0,0
2020-11-30,Greenland,America,56772,0,0,18,0,0,0
2020-12-07,Greenland,America,56772,1,1.761431691679,19,0,0,0
2020-12-14,Greenland,America,56772,0,1.761431691679,19,0,0,0
2020-12-21,Greenland,America,56772,7,12.330021841753,26,0,0,0
2020-12-28,Greenland,America,56772,1,14.091453533432,27,0,0,0
2021-01-04,Greenland,America,56772,0,1.761431691679,27,0,0,0
2021-01-11,Greenland,America,56772,3,5.28429507503699,30,0,0,0
2021-01-18,Greenland,America,56772,0,5.28429507503699,30,0,0,0
2021-01-25,Greenland,America,56772,0,0,30,0,0,0
2021-02-01,Greenland,America,56772,0,0,30,0,0,0
2021-02-08,Greenland,America,56772,0,0,30,0,0,0
2021-02-15,Greenland,America,56772,0,0,30,0,0,0
2021-02-22,Greenland,America,56772,0,0,30,0,0,0
2020-03-16,Grenada,America,112519,1,NA,1,0,NA,0
2020-03-23,Grenada,America,112519,8,7.99864911703801,9,0,0,0
2020-03-30,Grenada,America,112519,3,9.77612669860201,12,0,0,0
2020-04-06,Grenada,America,112519,2,4.44369395391001,14,0,0,0
2020-04-13,Grenada,America,112519,0,1.777477581564,14,0,0,0
2020-04-20,Grenada,America,112519,4,3.55495516312801,18,0,0,0
2020-04-27,Grenada,America,112519,3,6.22117153547401,21,0,0,0
2020-05-04,Grenada,America,112519,0,2.666216372346,21,0,0,0
2020-05-11,Grenada,America,112519,1,0.888738790782001,22,0,0,0
2020-05-18,Grenada,America,112519,0,0.888738790782001,22,0,0,0
2020-05-25,Grenada,America,112519,1,0.888738790782001,23,0,0,0
2020-06-01,Grenada,America,112519,0,0.888738790782001,23,0,0,0
2020-06-08,Grenada,America,112519,0,0,23,0,0,0
2020-06-15,Grenada,America,112519,0,0,23,0,0,0
2020-06-22,Grenada,America,112519,0,0,23,0,0,0
2020-06-29,Grenada,America,112519,0,0,23,0,0,0
2020-07-06,Grenada,America,112519,0,0,23,0,0,0
2020-07-13,Grenada,America,112519,0,0,23,0,0,0
2020-07-20,Grenada,America,112519,0,0,23,0,0,0
2020-07-27,Grenada,America,112519,1,0.888738790782001,24,0,0,0
2020-08-03,Grenada,America,112519,0,0.888738790782001,24,0,0,0
2020-08-10,Grenada,America,112519,0,0,24,0,0,0
2020-08-17,Grenada,America,112519,0,0,24,0,0,0
2020-08-24,Grenada,America,112519,0,0,24,0,0,0
2020-08-31,Grenada,America,112519,0,0,24,0,0,0
2020-09-07,Grenada,America,112519,0,0,24,0,0,0
2020-09-14,Grenada,America,112519,0,0,24,0,0,0
2020-09-21,Grenada,America,112519,0,0,24,0,0,0
2020-09-28,Grenada,America,112519,0,0,24,0,0,0
2020-10-05,Grenada,America,112519,0,0,24,0,0,0
2020-10-12,Grenada,America,112519,3,2.666216372346,27,0,0,0
2020-10-19,Grenada,America,112519,1,3.55495516312801,28,0,0,0
2020-10-26,Grenada,America,112519,0,0.888738790782001,28,0,0,0
2020-11-02,Grenada,America,112519,4,3.55495516312801,32,0,0,0
2020-11-09,Grenada,America,112519,0,3.55495516312801,32,0,0,0
2020-11-16,Grenada,America,112519,9,7.99864911703801,41,0,0,0
2020-11-23,Grenada,America,112519,0,7.99864911703801,41,0,0,0
2020-11-30,Grenada,America,112519,0,0,41,0,0,0
2020-12-07,Grenada,America,112519,28,24.884686141896,69,0,0,0
2020-12-14,Grenada,America,112519,38,58.6567601916121,107,0,0,0
2020-12-21,Grenada,America,112519,9,41.7707231667541,116,0,0,0
2020-12-28,Grenada,America,112519,18,23.995947351114,134,0,0,0
2021-01-04,Grenada,America,112519,1,16.886037024858,135,1,8.88738790782001,1
2021-01-11,Grenada,America,112519,4,4.44369395391001,139,0,8.88738790782001,1
2021-01-18,Grenada,America,112519,9,11.553604280166,148,0,0,1
2021-01-25,Grenada,America,112519,0,7.99864911703801,148,0,0,1
2021-02-01,Grenada,America,112519,0,0,148,0,0,1
2021-02-08,Grenada,America,112519,0,0,148,0,0,1
2021-02-15,Grenada,America,112519,0,0,148,0,0,1
2021-02-22,Grenada,America,112519,0,0,148,0,0,1
2020-03-16,Guam,Oceania,168783,27,NA,27,1,NA,1
2020-03-23,Guam,Oceania,168783,29,33.178696906679,56,0,5.92476730476411,1
2020-03-30,Guam,Oceania,168783,54,49.1755686295421,110,3,17.774301914292302,4
2020-04-06,Guam,Oceania,168783,23,45.6207082466836,133,1,23.6990692190564,5
2020-04-13,Guam,Oceania,168783,3,15.4043949923867,136,0,5.92476730476411,5
2020-04-20,Guam,Oceania,168783,6,5.3322905742877,142,0,0,5
2020-04-27,Guam,Oceania,168783,7,7.70219749619334,149,0,0,5
2020-05-04,Guam,Oceania,168783,2,5.3322905742877,151,0,0,5
2020-05-11,Guam,Oceania,168783,3,2.96238365238205,154,0,0,5
2020-05-18,Guam,Oceania,168783,12,8.88715095714616,166,0,0,5
2020-05-25,Guam,Oceania,168783,9,12.4420113400046,175,0,0,5
2020-06-01,Guam,Oceania,168783,4,7.70219749619334,179,0,0,5
2020-06-08,Guam,Oceania,168783,6,5.92476730476411,185,0,0,5
2020-06-15,Guam,Oceania,168783,37,25.4764994104857,222,0,0,5
2020-06-22,Guam,Oceania,168783,31,40.2884176723959,253,0,0,5
2020-06-29,Guam,Oceania,168783,48,46.8056617076364,301,0,0,5
2020-07-06,Guam,Oceania,168783,11,34.9561270981082,312,0,0,5
2020-07-13,Guam,Oceania,168783,7,10.6645811485754,319,0,0,5
2020-07-20,Guam,Oceania,168783,27,20.144208836198,346,0,0,5
2020-07-27,Guam,Oceania,168783,22,29.0313597933441,368,0,0,5
2020-08-03,Guam,Oceania,168783,50,42.6583245943016,418,0,0,5
2020-08-10,Guam,Oceania,168783,140,112.570578790518,558,0,0,5
2020-08-17,Guam,Oceania,168783,262,238.175645651517,820,2,11.8495346095282,7
2020-08-24,Guam,Oceania,168783,527,467.464140345888,1347,3,29.6238365238205,10
2020-08-31,Guam,Oceania,168783,272,473.388907650652,1619,4,41.4733711333487,14
2020-09-07,Guam,Oceania,168783,272,322.307341379167,1891,11,88.8715095714616,25
2020-09-14,Guam,Oceania,168783,226,295.053411777252,2117,9,118.495346095282,34
2020-09-21,Guam,Oceania,168783,237,274.316726210578,2354,8,100.72104418099,42
2020-09-28,Guam,Oceania,168783,345,344.821457137271,2699,10,106.645811485754,52
2020-10-05,Guam,Oceania,168783,379,428.953152864921,3078,8,106.645811485754,60
2020-10-12,Guam,Oceania,168783,597,578.257288944977,3675,6,82.9467422666975,66
2020-10-19,Guam,Oceania,168783,541,674.238519282155,4216,6,71.0972076571693,72
2020-10-26,Guam,Oceania,168783,477,603.141311624986,4693,7,77.0219749619334,79
2020-11-02,Guam,Oceania,168783,540,602.54883489451,5233,10,100.72104418099,89
2020-11-09,Guam,Oceania,168783,888,846.056771120314,6121,9,112.570578790518,98
2020-11-16,Guam,Oceania,168783,428,779.699377306956,6549,8,100.72104418099,106
2020-11-23,Guam,Oceania,168783,269,412.956281142058,6818,6,82.9467422666975,112
2020-11-30,Guam,Oceania,168783,186,269.576912366767,7004,1,41.4733711333487,113
2020-12-07,Guam,Oceania,168783,102,170.633298377206,7106,5,35.548603828584604,118
2020-12-14,Guam,Oceania,168783,105,122.642683208617,7211,2,41.4733711333487,120
2020-12-21,Guam,Oceania,168783,59,97.1661837981313,7270,1,17.774301914292302,121
2020-12-28,Guam,Oceania,168783,57,68.7273007352636,7327,2,17.774301914292302,123
2021-01-04,Guam,Oceania,168783,96,90.6489397628908,7423,1,17.774301914292302,124
2021-01-11,Guam,Oceania,168783,62,93.6113234152729,7485,4,29.6238365238205,128
2021-01-18,Guam,Oceania,168783,69,77.6144516924098,7554,1,29.6238365238205,129
2021-01-25,Guam,Oceania,168783,54,72.8746378485985,7608,0,5.92476730476411,129
2021-02-01,Guam,Oceania,168783,41,56.285289395259,7649,1,5.92476730476411,130
2021-02-08,Guam,Oceania,168783,50,53.9153824733534,7699,0,5.92476730476411,130
2021-02-15,Guam,Oceania,168783,28,46.21318497716,7727,0,0,130
2021-02-22,Guam,Oceania,168783,10,22.5141157581036,7737,1,5.92476730476411,131
2020-03-09,Guatemala,America,17915567,1,NA,1,1,NA,1
2020-03-16,Guatemala,America,17915567,18,0.106053020817036,19,0,0.0558173793773873,1
2020-03-23,Guatemala,America,17915567,17,0.195360827820856,36,0,0,1
2020-03-30,Guatemala,America,17915567,34,0.284668634824675,70,2,0.111634758754775,3
2020-04-06,Guatemala,America,17915567,86,0.669808552528647,156,2,0.223269517509549,5
2020-04-13,Guatemala,America,17915567,133,1.22240060836478,289,2,0.223269517509549,7
2020-04-20,Guatemala,America,17915567,211,1.92011785058212,500,8,0.558173793773873,15
2020-04-27,Guatemala,America,17915567,203,2.31083950622383,703,2,0.558173793773873,17
2020-05-04,Guatemala,America,17915567,349,3.08111934163178,1052,9,0.61399117315126,26
2020-05-11,Guatemala,America,17915567,860,6.74832116672612,1912,9,1.00471282879297,35
2020-05-18,Guatemala,America,17915567,1512,13.2398823883163,3424,23,1.78615614007639,58
2020-05-25,Guatemala,America,17915567,1663,17.7220179523205,5087,50,4.07466869454927,108
2020-06-01,Guatemala,America,17915567,1968,20.2672904519293,7055,144,10.8285715992131,252
2020-06-08,Guatemala,America,17915567,2790,26.5579091077609,9845,132,15.4055967081589,384
2020-06-15,Guatemala,America,17915567,3300,33.9927840408289,13145,147,15.5730488462911,531
2020-06-22,Guatemala,America,17915567,3785,39.5466132888789,16930,196,19.1453611264438,727
2020-06-29,Guatemala,America,17915567,6318,56.3922983849744,23248,220,23.2200298209931,947
2020-07-06,Guatemala,America,17915567,6107,69.3530938764037,29355,272,27.4621506536745,1219
2020-07-13,Guatemala,America,17915567,9322,86.1206346413708,38677,266,30.0297501050344,1485
2020-07-20,Guatemala,America,17915567,6376,87.6221221466226,45053,249,28.7459503793545,1734
2020-07-27,Guatemala,America,17915567,6253,70.4917684157024,51306,261,28.4668634824675,1995
2020-08-03,Guatemala,America,17915567,5299,64.4802366567578,56605,216,26.6248899630137,2211
2020-08-10,Guatemala,America,17915567,5957,62.8280422271871,62562,168,21.4338736809167,2379
2020-08-17,Guatemala,America,17915567,5626,64.6532705328277,68188,215,21.3780563015393,2594
2020-08-24,Guatemala,America,17915567,5724,63.3527255933346,73912,146,20.1500739552368,2740
2020-08-31,Guatemala,America,17915567,3771,52.9986017188292,77683,112,14.4008838793659,2852
2020-09-07,Guatemala,America,17915567,4226,44.6371582880966,81909,105,12.112371324893,2957
2020-09-14,Guatemala,America,17915567,3535,43.3198681347903,85444,162,14.9032402937624,3119
2020-09-21,Guatemala,America,17915567,4648,45.675361544516,90092,110,15.1823271906493,3229
2020-09-28,Guatemala,America,17915567,3871,47.5508254915962,93963,64,9.71222401166539,3293
2020-10-05,Guatemala,America,17915567,3752,42.5495882993823,97715,91,8.65169380349503,3384
2020-10-12,Guatemala,America,17915567,3645,41.2881155254534,101360,146,13.2287189124408,3530
2020-10-19,Guatemala,America,17915567,3427,39.4740506956883,104787,114,14.5125186381207,3644
2020-10-26,Guatemala,America,17915567,3317,37.64324065211,108104,94,11.6100149104966,3738
2020-11-02,Guatemala,America,17915567,3158,36.1417531468583,111262,83,9.87967614979755,3821
2020-11-09,Guatemala,America,17915567,3623,37.8497649558063,114885,111,10.8285715992131,3932
2020-11-16,Guatemala,America,17915567,3744,41.1206633873212,118629,144,14.2334317412338,4076
2020-11-23,Guatemala,America,17915567,3342,39.5521950268166,121971,90,13.0612667743086,4166
2020-11-30,Guatemala,America,17915567,3579,38.6312082670897,125550,84,9.71222401166539,4250
2020-12-07,Guatemala,America,17915567,3732,40.8080860628078,129282,173,14.3450664999885,4423
2020-12-14,Guatemala,America,17915567,4319,44.9385721367345,133601,295,26.1225335486172,4718
2020-12-21,Guatemala,America,17915567,1840,34.3779239585328,135441,55,19.5360827820856,4773
2020-12-28,Guatemala,America,17915567,3215,28.2156852752693,138656,62,6.53063338715431,4835
2021-01-04,Guatemala,America,17915567,4517,43.1579977345958,143173,215,15.4614140875363,5050
2021-01-11,Guatemala,America,17915567,5973,58.5524309668793,149146,228,24.7270990641826,5278
2021-01-18,Guatemala,America,17915567,5284,62.8336239651249,154430,191,23.3874819591253,5469
2021-01-25,Guatemala,America,17915567,5202,58.5301040151283,159632,204,22.047864854068,5673
2021-02-01,Guatemala,America,17915567,3615,49.2141833970424,163247,249,25.2852728579564,5922
2021-02-08,Guatemala,America,17915567,4136,43.2640507554129,167383,228,26.6248899630137,6150
2021-02-15,Guatemala,America,17915567,3906,44.8883364952948,171289,156,21.4338736809167,6306
2021-02-22,Guatemala,America,17915567,3364,40.5792348073606,174653,96,14.0659796031016,6402
2020-03-16,Guernsey,Europe,64468,17,NA,17,0,NA,0
2020-03-23,Guernsey,Europe,64468,28,69.8020723459701,45,0,0,0
2020-03-30,Guernsey,Europe,64468,109,212.508531364398,154,3,46.5347148973134,3
2020-04-06,Guernsey,Europe,64468,64,268.350189241174,218,3,93.0694297946268,6
2020-04-13,Guernsey,Europe,64468,21,131.848358875721,239,3,93.0694297946268,9
2020-04-20,Guernsey,Europe,64468,8,44.9835577340696,247,4,108.581001427065,13
2020-04-27,Guernsey,Europe,64468,5,20.1650431221691,252,0,62.0462865297512,13
2020-05-04,Guernsey,Europe,64468,0,7.7557858162189,252,0,0,13
2020-05-11,Guernsey,Europe,64468,0,0,252,0,0,13
2020-05-18,Guernsey,Europe,64468,0,0,252,0,0,13
2020-05-25,Guernsey,Europe,64468,0,0,252,0,0,13
2020-06-01,Guernsey,Europe,64468,0,0,252,0,0,13
2020-06-08,Guernsey,Europe,64468,0,0,252,0,0,13
2020-06-15,Guernsey,Europe,64468,0,0,252,0,0,13
2020-06-22,Guernsey,Europe,64468,0,0,252,0,0,13
2020-06-29,Guernsey,Europe,64468,0,0,252,0,0,13
2020-07-06,Guernsey,Europe,64468,0,0,252,0,0,13
2020-07-13,Guernsey,Europe,64468,0,0,252,0,0,13
2020-07-20,Guernsey,Europe,64468,0,0,252,0,0,13
2020-07-27,Guernsey,Europe,64468,0,0,252,0,0,13
2020-08-03,Guernsey,Europe,64468,0,0,252,0,0,13
2020-08-10,Guernsey,Europe,64468,0,0,252,0,0,13
2020-08-17,Guernsey,Europe,64468,0,0,252,0,0,13
2020-08-24,Guernsey,Europe,64468,0,0,252,0,0,13
2020-08-31,Guernsey,Europe,64468,0,0,252,0,0,13
2020-09-07,Guernsey,Europe,64468,1,1.55115716324378,253,0,0,13
2020-09-14,Guernsey,Europe,64468,2,4.65347148973134,255,0,0,13
2020-09-21,Guernsey,Europe,64468,1,4.65347148973134,256,0,0,13
2020-09-28,Guernsey,Europe,64468,1,3.10231432648756,257,0,0,13
2020-10-05,Guernsey,Europe,64468,1,3.10231432648756,258,0,0,13
2020-10-12,Guernsey,Europe,64468,0,1.55115716324378,258,0,0,13
2020-10-19,Guernsey,Europe,64468,7,10.8581001427065,265,0,0,13
2020-10-26,Guernsey,Europe,64468,5,18.6138859589254,270,0,0,13
2020-11-02,Guernsey,Europe,64468,9,21.7162002854129,279,0,0,13
2020-11-09,Guernsey,Europe,64468,3,18.6138859589254,282,0,0,13
2020-11-16,Guernsey,Europe,64468,1,6.20462865297512,283,0,0,13
2020-11-23,Guernsey,Europe,64468,3,6.20462865297512,286,0,0,13
2020-11-30,Guernsey,Europe,64468,2,7.7557858162189,288,0,0,13
2020-12-07,Guernsey,Europe,64468,1,4.65347148973134,289,0,0,13
2020-12-14,Guernsey,Europe,64468,4,7.7557858162189,293,0,0,13
2020-12-21,Guernsey,Europe,64468,4,12.4092573059502,297,0,0,13
2020-12-28,Guernsey,Europe,64468,3,10.8581001427065,300,0,0,13
2021-01-04,Guernsey,Europe,64468,5,12.4092573059502,305,0,0,13
2021-01-11,Guernsey,Europe,64468,4,13.960414469194,309,0,0,13
2021-01-18,Guernsey,Europe,64468,12,24.8185146119005,321,0,0,13
2021-01-25,Guernsey,Europe,64468,218,356.766147546069,539,0,0,13
2021-02-01,Guernsey,Europe,64468,202,651.486008562388,741,0,0,13
2021-02-08,Guernsey,Europe,64468,56,400.198548116895,797,0,0,13
2021-02-15,Guernsey,Europe,64468,16,111.683315753552,813,1,15.5115716324378,14
2021-02-22,Guernsey,Europe,64468,8,37.2277719178507,821,0,15.5115716324378,14
2020-03-16,Guinea,Africa,13132792,2,NA,2,0,NA,0
2020-03-23,Guinea,Africa,13132792,6,0.0609162164450636,8,0,0,0
2020-03-30,Guinea,Africa,13132792,113,0.906128719620321,121,0,0,0
2020-04-06,Guinea,Africa,13132792,129,1.84271554746318,250,0,0,0
2020-04-13,Guinea,Africa,13132792,329,3.48745339147989,579,5,0.380726352781648,5
2020-04-20,Guinea,Africa,13132792,515,6.42666083495421,1094,2,0.533016893894307,7
2020-04-27,Guinea,Africa,13132792,492,7.66782874502238,1586,0,0.152290541112659,7
2020-05-04,Guinea,Africa,13132792,560,8.01048246252587,2146,4,0.304581082225318,11
2020-05-11,Guinea,Africa,13132792,512,8.16277300363853,2658,5,0.685307435006966,16
2020-05-18,Guinea,Africa,13132792,617,8.5968010458096,3275,4,0.685307435006966,20
2020-05-25,Guinea,Africa,13132792,496,8.47496861291948,3771,3,0.533016893894307,23
2020-06-01,Guinea,Africa,13132792,394,6.77692907951333,4165,0,0.228435811668989,23
2020-06-08,Guinea,Africa,13132792,367,5.79465508933668,4532,2,0.152290541112659,25
2020-06-15,Guinea,Africa,13132792,456,6.26675576678592,4988,2,0.304581082225318,27
2020-06-22,Guinea,Africa,13132792,354,6.16776691506269,5342,4,0.456871623337977,31
2020-06-29,Guinea,Africa,13132792,268,4.7362358286037,5610,3,0.533016893894307,34
2020-07-06,Guinea,Africa,13132792,531,6.08400711745073,6141,3,0.456871623337977,37
2020-07-13,Guinea,Africa,13132792,403,7.11196826996118,6544,2,0.380726352781648,39
2020-07-20,Guinea,Africa,13132792,464,6.60179495723377,7008,4,0.456871623337977,43
2020-07-27,Guinea,Africa,13132792,356,6.24391218561902,7364,3,0.533016893894307,46
2020-08-03,Guinea,Africa,13132792,566,7.02059394529358,7930,4,0.533016893894307,50
2020-08-10,Guinea,Africa,13132792,552,8.51304124819764,8482,1,0.380726352781648,51
2020-08-17,Guinea,Africa,13132792,485,7.89626455669137,8967,2,0.228435811668989,53
2020-08-24,Guinea,Africa,13132792,404,6.7693145524577,9371,6,0.609162164450636,59
2020-08-31,Guinea,Africa,13132792,351,5.74896792700288,9722,2,0.609162164450636,61
2020-09-07,Guinea,Africa,13132792,298,4.94182805910579,10020,2,0.304581082225318,63
2020-09-14,Guinea,Africa,13132792,305,4.59155981454667,10325,1,0.228435811668989,64
2020-09-21,Guinea,Africa,13132792,255,4.26413515115445,10580,2,0.228435811668989,66
2020-09-28,Guinea,Africa,13132792,174,3.26663210686654,10754,0,0.152290541112659,66
2020-10-05,Guinea,Africa,13132792,268,3.36562095858977,11022,3,0.228435811668989,69
2020-10-12,Guinea,Africa,13132792,496,5.81749867050358,11518,1,0.304581082225318,70
2020-10-19,Guinea,Africa,13132792,151,4.92659900499452,11669,1,0.152290541112659,71
2020-10-26,Guinea,Africa,13132792,526,5.15503481666351,12195,2,0.228435811668989,73
2020-11-02,Guinea,Africa,13132792,231,5.76419698111415,12426,1,0.228435811668989,74
2020-11-09,Guinea,Africa,13132792,185,3.16764325514331,12611,1,0.152290541112659,75
2020-11-16,Guinea,Africa,13132792,215,3.04581082225318,12826,0,0.0761452705563295,75
2020-11-23,Guinea,Africa,13132792,213,3.2590175798109,13039,1,0.0761452705563295,76
2020-11-30,Guinea,Africa,13132792,194,3.09911251164261,13233,0,0.0761452705563295,76
2020-12-07,Guinea,Africa,13132792,224,3.18287230925458,13457,4,0.304581082225318,80
2020-12-14,Guinea,Africa,13132792,93,2.41380507663565,13550,0,0.304581082225318,80
2020-12-21,Guinea,Africa,13132792,138,1.75895574985121,13688,0,0,80
2020-12-28,Guinea,Africa,13132792,111,1.89601723685261,13799,1,0.0761452705563295,81
2021-01-04,Guinea,Africa,13132792,190,2.29197264374552,13989,0,0.0761452705563295,81
2021-01-11,Guinea,Africa,13132792,183,2.84021859175109,14172,0,0,81
2021-01-18,Guinea,Africa,13132792,207,2.96966555169685,14379,1,0.0761452705563295,82
2021-01-25,Guinea,Africa,13132792,176,2.91636386230742,14555,1,0.152290541112659,83
2021-02-01,Guinea,Africa,13132792,209,2.93159291641869,14764,1,0.152290541112659,84
2021-02-08,Guinea,Africa,13132792,203,3.13718514692078,14967,1,0.152290541112659,85
2021-02-15,Guinea,Africa,13132792,460,5.04843143788465,15427,1,0.152290541112659,86
2021-02-22,Guinea,Africa,13132792,565,7.80489023202378,15992,3,0.304581082225318,89
2020-03-23,Guinea-Bissau,Africa,1967998,2,NA,2,0,NA,0
2020-03-30,Guinea-Bissau,Africa,1967998,16,0.914635075848654,18,0,0,0
2020-04-06,Guinea-Bissau,Africa,1967998,21,1.88008321146668,39,0,0,0
2020-04-13,Guinea-Bissau,Africa,1967998,11,1.62601791261983,50,0,0,0
2020-04-20,Guinea-Bissau,Africa,1967998,3,0.711382836771176,53,1,0.508130597693697,1
2020-04-27,Guinea-Bissau,Africa,1967998,239,12.2967604641875,292,1,1.01626119538739,2
2020-05-04,Guinea-Bissau,Africa,1967998,434,34.1971892247858,726,1,1.01626119538739,3
2020-05-11,Guinea-Bissau,Africa,1967998,264,35.46751571902,990,1,1.01626119538739,4
2020-05-18,Guinea-Bissau,Africa,1967998,183,22.7134377169083,1173,2,1.52439179308109,6
2020-05-25,Guinea-Bissau,Africa,1967998,149,16.8699358434307,1322,2,2.03252239077479,8
2020-06-01,Guinea-Bissau,Africa,1967998,46,9.90854665502709,1368,4,3.04878358616218,12
2020-06-08,Guinea-Bissau,Africa,1967998,92,7.01220224817302,1460,3,3.55691418385588,15
2020-06-15,Guinea-Bissau,Africa,1967998,81,8.79065934010096,1541,2,2.54065298846848,17
2020-06-22,Guinea-Bissau,Africa,1967998,73,7.82521120448293,1614,4,3.04878358616218,21
2020-06-29,Guinea-Bissau,Africa,1967998,151,11.3821253883388,1765,4,4.06504478154958,25
2020-07-06,Guinea-Bissau,Africa,1967998,77,11.5853776274163,1842,0,2.03252239077479,25
2020-07-13,Guinea-Bissau,Africa,1967998,85,8.23171568263789,1927,1,0.508130597693697,26
2020-07-20,Guinea-Bissau,Africa,1967998,27,5.6910626941694,1954,0,0.508130597693697,26
2020-07-27,Guinea-Bissau,Africa,1967998,27,2.74390522754596,1981,0,0,26
2020-08-03,Guinea-Bissau,Africa,1967998,71,4.97967985739823,2052,3,1.52439179308109,29
2020-08-10,Guinea-Bissau,Africa,1967998,65,6.91057612863428,2117,4,3.55691418385588,33
2020-08-17,Guinea-Bissau,Africa,1967998,32,4.92886679762886,2149,0,2.03252239077479,33
2020-08-24,Guinea-Bissau,Africa,1967998,56,4.47154925970453,2205,1,0.508130597693697,34
2020-08-31,Guinea-Bissau,Africa,1967998,40,4.87805373785949,2245,4,2.54065298846848,38
2020-09-07,Guinea-Bissau,Africa,1967998,30,3.55691418385588,2275,1,2.54065298846848,39
2020-09-14,Guinea-Bissau,Africa,1967998,28,2.94715746662344,2303,0,0.508130597693697,39
2020-09-21,Guinea-Bissau,Africa,1967998,21,2.48983992869911,2324,0,0,39
2020-09-28,Guinea-Bissau,Africa,1967998,38,2.99797052639281,2362,0,0,39
2020-10-05,Guinea-Bissau,Africa,1967998,23,3.09959664593155,2385,1,0.508130597693697,40
2020-10-12,Guinea-Bissau,Africa,1967998,4,1.37195261377298,2389,1,1.01626119538739,41
2020-10-19,Guinea-Bissau,Africa,1967998,14,0.914635075848654,2403,0,0.508130597693697,41
2020-10-26,Guinea-Bissau,Africa,1967998,10,1.21951343446487,2413,0,0,41
2020-11-02,Guinea-Bissau,Africa,1967998,0,0.508130597693697,2413,0,0,41
2020-11-09,Guinea-Bissau,Africa,1967998,6,0.304878358616218,2419,2,1.01626119538739,43
2020-11-16,Guinea-Bissau,Africa,1967998,2,0.406504478154958,2421,0,1.01626119538739,43
2020-11-23,Guinea-Bissau,Africa,1967998,1,0.152439179308109,2422,0,0,43
2020-11-30,Guinea-Bissau,Africa,1967998,20,1.06707425515676,2442,1,0.508130597693697,44
2020-12-07,Guinea-Bissau,Africa,1967998,5,1.27032649423424,2447,0,0.508130597693697,44
2020-12-14,Guinea-Bissau,Africa,1967998,0,0.254065298846848,2447,0,0,44
2020-12-21,Guinea-Bissau,Africa,1967998,0,0,2447,0,0,44
2020-12-28,Guinea-Bissau,Africa,1967998,0,0,2447,0,0,44
2021-01-04,Guinea-Bissau,Africa,1967998,31,1.57520485285046,2478,1,0.508130597693697,45
2021-01-11,Guinea-Bissau,Africa,1967998,31,3.15040970570092,2509,0,0.508130597693697,45
2021-01-18,Guinea-Bissau,Africa,1967998,23,2.74390522754596,2532,0,0,45
2021-01-25,Guinea-Bissau,Africa,1967998,103,6.40244553094058,2635,0,0,45
2021-02-01,Guinea-Bissau,Africa,1967998,137,12.1951343446487,2772,1,0.508130597693697,46
2021-02-08,Guinea-Bissau,Africa,1967998,152,14.6849742733478,2924,0,0.508130597693697,46
2021-02-15,Guinea-Bissau,Africa,1967998,191,17.4288795008938,3115,1,0.508130597693697,47
2021-02-22,Guinea-Bissau,Africa,1967998,132,16.4126183055064,3247,1,1.01626119538739,48
2020-03-09,Guyana,America,786559,4,NA,4,1,NA,1
2020-03-16,Guyana,America,786559,1,0.635680222335515,5,0,1.27136044467103,1
2020-03-23,Guyana,America,786559,3,0.508544177868412,8,0,0,1
2020-03-30,Guyana,America,786559,21,3.05126506721047,29,3,3.81408133401309,4
2020-04-06,Guyana,America,786559,16,4.70403364528281,45,2,6.35680222335515,6
2020-04-13,Guyana,America,786559,20,4.57689760081571,65,1,3.81408133401309,7
2020-04-20,Guyana,America,786559,9,3.68694528954599,74,1,2.54272088934206,8
2020-04-27,Guyana,America,786559,8,2.16131275594075,82,1,2.54272088934206,9
2020-05-04,Guyana,America,786559,22,3.81408133401309,104,1,2.54272088934206,10
2020-05-11,Guyana,America,786559,13,4.4497615563486,117,0,1.27136044467103,10
2020-05-18,Guyana,America,786559,18,3.94121737848019,135,0,0,10
2020-05-25,Guyana,America,786559,18,4.57689760081571,153,2,2.54272088934206,12
2020-06-01,Guyana,America,786559,1,2.41558484487495,154,0,2.54272088934206,12
2020-06-08,Guyana,America,786559,5,0.762816266802618,159,0,0,12
2020-06-15,Guyana,America,786559,25,3.81408133401309,184,0,0,12
2020-06-22,Guyana,America,786559,46,9.02665915716431,230,0,0,12
2020-06-29,Guyana,America,786559,43,11.3151079575722,273,3,3.81408133401309,15
2020-07-06,Guyana,America,786559,24,8.5181149792959,297,2,6.35680222335515,17
2020-07-13,Guyana,America,786559,39,8.00957080142748,336,2,5.08544177868412,19
2020-07-20,Guyana,America,786559,34,9.28093124609851,370,1,3.81408133401309,20
2020-07-27,Guyana,America,786559,104,17.5447741364602,474,1,2.54272088934206,21
2020-08-03,Guyana,America,786559,94,25.1729368044864,568,1,2.54272088934206,22
2020-08-10,Guyana,America,786559,141,29.8769704497692,709,1,2.54272088934206,23
2020-08-17,Guyana,America,786559,246,49.2016492087688,955,8,11.4422440020393,31
2020-08-24,Guyana,America,786559,279,66.746423345229,1234,6,17.7990462253944,37
2020-08-31,Guyana,America,786559,234,65.2207908116238,1468,9,19.0704066700654,46
2020-09-07,Guyana,America,786559,385,78.6972115251367,1853,10,24.1558484487495,56
2020-09-14,Guyana,America,786559,416,101.835971618149,2269,8,22.8844880040785,64
2020-09-21,Guyana,America,786559,503,116.838024865268,2772,12,25.4272088934206,76
2020-09-28,Guyana,America,786559,321,104.760100640893,3093,11,29.2412902274337,87
2020-10-05,Guyana,America,786559,376,88.6138229935707,3469,16,34.3267320061178,103
2020-10-12,Guyana,America,786559,265,81.494204503413,3734,6,27.9699297827626,109
2020-10-19,Guyana,America,786559,289,70.433368634775,4023,10,20.3417671147365,119
2020-10-26,Guyana,America,786559,185,60.2624850774068,4208,7,21.6131275594075,126
2020-11-02,Guyana,America,786559,306,62.4237978333475,4514,8,19.0704066700654,134
2020-11-09,Guyana,America,786559,309,78.1886673472683,4823,5,16.5276857807234,139
2020-11-16,Guyana,America,786559,310,78.6972115251367,5133,4,11.4422440020393,143
2020-11-23,Guyana,America,786559,243,70.3062325903079,5376,7,13.9849648913813,150
2020-11-30,Guyana,America,786559,289,67.6363756564987,5665,3,12.7136044467103,153
2020-12-07,Guyana,America,786559,255,69.162008190104,5920,2,6.35680222335515,155
2020-12-14,Guyana,America,786559,251,64.3308385003541,6171,4,7.62816266802617,159
2020-12-21,Guyana,America,786559,122,47.4217445862294,6293,5,11.4422440020393,164
2020-12-28,Guyana,America,786559,65,23.7744403153482,6358,0,6.35680222335515,164
2021-01-04,Guyana,America,786559,396,58.6097164993344,6754,5,6.35680222335515,169
2021-01-11,Guyana,America,786559,154,69.9248244569066,6908,1,7.62816266802617,170
2021-01-18,Guyana,America,786559,409,71.577593034979,7317,2,3.81408133401309,172
2021-01-25,Guyana,America,786559,324,93.1907205943864,7641,4,7.62816266802617,176
2021-02-01,Guyana,America,786559,341,84.5454695706234,7982,4,10.1708835573682,180
2021-02-08,Guyana,America,786559,250,75.1374022800578,8232,6,12.7136044467103,186
2021-02-15,Guyana,America,786559,188,55.6855874765911,8420,3,11.4422440020393,189
2021-02-22,Guyana,America,786559,165,44.8790236968873,8585,6,11.4422440020393,195
2020-03-16,Haiti,America,11402533,2,NA,2,0,NA,0
2020-03-23,Haiti,America,11402533,13,0.13154971794425,15,0,0,0
2020-03-30,Haiti,America,11402533,6,0.166629642729383,21,0,0,0
2020-04-06,Haiti,America,11402533,12,0.1578596615331,33,3,0.2630994358885,3
2020-04-13,Haiti,America,11402533,14,0.228019511103366,47,0,0.2630994358885,3
2020-04-20,Haiti,America,11402533,25,0.342029266655049,72,3,0.2630994358885,6
2020-04-27,Haiti,America,11402533,13,0.333259285458766,85,2,0.438499059814166,8
2020-05-04,Haiti,America,11402533,97,0.964697931591165,182,7,0.789298307665499,15
2020-05-11,Haiti,America,11402533,274,3.25366302382111,456,5,1.052397743554,20
2020-05-18,Haiti,America,11402533,502,6.80550540831585,958,7,1.052397743554,27
2020-05-25,Haiti,America,11402533,1166,14.6283286354006,2124,17,2.104795487108,44
2020-06-01,Haiti,America,11402533,1210,20.8374753223692,3334,7,2.104795487108,51
2020-06-08,Haiti,America,11402533,975,19.1624089138791,4309,22,2.54329454692216,73
2020-06-15,Haiti,America,11402533,902,16.4612547054238,5211,15,3.24489304262483,88
2020-06-22,Haiti,America,11402533,636,13.4882310798837,5847,16,2.71869417084783,104
2020-06-29,Haiti,America,11402533,486,9.83991890222988,6333,9,2.19249529907083,113
2020-07-06,Haiti,America,11402533,394,7.71758345272932,6727,26,3.06949341869916,139
2020-07-13,Haiti,America,11402533,326,6.31438646132399,7053,7,2.8940937947735,146
2020-07-20,Haiti,America,11402533,262,5.15674894341459,7315,11,1.578596615331,157
2020-07-27,Haiti,America,11402533,161,3.70970204602784,7476,8,1.66629642729383,165
2020-08-03,Haiti,America,11402533,158,2.79762400161438,7634,18,2.28019511103366,183
2020-08-10,Haiti,America,11402533,245,3.53430242210218,7879,13,2.71869417084783,196
2020-08-17,Haiti,America,11402533,203,3.92895157593493,8082,0,1.14009755551683,196
2020-08-24,Haiti,America,11402533,127,2.8940937947735,8209,5,0.438499059814166,201
2020-08-31,Haiti,America,11402533,151,2.43805477256676,8360,13,1.578596615331,214
2020-09-07,Haiti,America,11402533,133,2.49067465974446,8493,5,1.578596615331,219
2020-09-14,Haiti,America,11402533,126,2.27142512983738,8619,2,0.613898683739832,221
2020-09-21,Haiti,America,11402533,104,2.01709567514516,8723,6,0.701598495702665,227
2020-09-28,Haiti,America,11402533,96,1.75399623925666,8819,2,0.701598495702665,229
2020-10-05,Haiti,America,11402533,63,1.39442701020905,8882,1,0.2630994358885,230
2020-10-12,Haiti,America,11402533,43,0.929618006806032,8925,1,0.175399623925666,231
2020-10-19,Haiti,America,11402533,101,1.2628772922648,9026,1,0.175399623925666,232
2020-10-26,Haiti,America,11402533,28,1.13132757432055,9054,0,0.0876998119628332,232
2020-11-02,Haiti,America,11402533,73,0.885768100824615,9127,0,0,232
2020-11-09,Haiti,America,11402533,52,1.09624764953542,9179,0,0,232
2020-11-16,Haiti,America,11402533,35,0.762988364076649,9214,0,0,232
2020-11-23,Haiti,America,11402533,50,0.745448401684082,9264,0,0,232
2020-11-30,Haiti,America,11402533,106,1.3681170666202,9370,1,0.0876998119628332,233
2020-12-07,Haiti,America,11402533,195,2.63976434008128,9565,1,0.175399623925666,234
2020-12-14,Haiti,America,11402533,206,3.51676245970961,9771,1,0.175399623925666,235
2020-12-21,Haiti,America,11402533,228,3.80617183918696,9999,1,0.175399623925666,236
2020-12-28,Haiti,America,11402533,128,3.12211330587686,10127,0,0.0876998119628332,236
2021-01-04,Haiti,America,11402533,145,2.39420486658535,10272,2,0.175399623925666,238
2021-01-11,Haiti,America,11402533,635,6.84058533310099,10907,2,0.350799247851333,240
2021-01-18,Haiti,America,11402533,379,8.89276093303128,11286,3,0.438499059814166,243
2021-01-25,Haiti,America,11402533,304,5.98989715706151,11590,2,0.438499059814166,245
2021-02-01,Haiti,America,11402533,379,5.98989715706151,11969,1,0.2630994358885,246
2021-02-08,Haiti,America,11402533,237,5.40230841691052,12206,1,0.175399623925666,247
2021-02-15,Haiti,America,11402533,103,2.98179360673633,12309,0,0.0876998119628332,247
2021-02-22,Haiti,America,11402533,184,2.51698460333331,12493,3,0.2630994358885,250
2020-03-09,Honduras,America,9904608,6,NA,6,0,NA,0
2020-03-16,Honduras,America,9904608,21,0.272600389636824,27,0,0,0
2020-03-23,Honduras,America,9904608,112,1.34280932672954,139,3,0.302889321818693,3
2020-03-30,Honduras,America,9904608,159,2.73610020709553,298,19,2.22118836000375,22
2020-04-06,Honduras,America,9904608,99,2.60484816764076,397,3,2.22118836000375,25
2020-04-13,Honduras,America,9904608,80,1.80723962018487,477,21,2.42311457454954,46
2020-04-20,Honduras,America,9904608,184,2.6654260320045,661,15,3.63467186182432,61
2020-04-27,Honduras,America,9904608,394,5.83566760037348,1055,21,3.63467186182432,82
2020-05-04,Honduras,America,9904608,917,13.2362633634769,1972,26,4.74526604182619,108
2020-05-11,Honduras,America,9904608,674,16.063230367118,2646,34,6.05778643637386,142
2020-05-18,Honduras,America,9904608,1304,19.9705026185792,3950,38,7.26934372364863,180
2020-05-25,Honduras,America,9904608,1252,25.8061702189526,5202,32,7.06741750910284,212
2020-06-01,Honduras,America,9904608,1125,23.9989305987678,6327,46,7.87512236728602,258
2020-06-08,Honduras,America,9904608,2531,36.9121120189714,8858,54,10.0963107272898,312
2020-06-15,Honduras,America,9904608,3911,65.0404337052007,12769,51,10.601126263654301,363
2020-06-22,Honduras,America,9904608,5313,93.1283701485208,18082,116,16.8608389145739,479
2020-06-29,Honduras,America,9904608,5861,112.816176066736,23943,160,27.8658176073197,639
2020-07-06,Honduras,America,9904608,4147,101.043877758716,28090,135,29.7841166455048,774
2020-07-13,Honduras,America,9904608,5745,99.8727057143503,33835,126,26.3513709982263,900
2020-07-20,Honduras,America,9904608,5441,112.937331795463,39276,216,34.529382687331,1116
2020-07-27,Honduras,America,9904608,3921,94.5216610288868,43197,261,48.1594021691722,1377
2020-08-03,Honduras,America,9904608,4257,82.5676291277757,47454,118,38.2650176564282,1495
2020-08-10,Honduras,America,9904608,3048,73.7535498628517,50502,80,19.9906952400337,1575
2020-08-17,Honduras,America,9904608,4009,71.2496648024839,54511,79,16.0531340563907,1654
2020-08-24,Honduras,America,9904608,5663,97.6515173543466,60174,204,28.57255935823,1858
2020-08-31,Honduras,America,9904608,4590,103.517473886902,64764,149,35.6399768673329,2007
2020-09-07,Honduras,America,9904608,3025,76.8834061883115,67789,72,22.3128467073104,2079
2020-09-14,Honduras,America,9904608,3827,69.1799211033895,71616,105,17.8704699873029,2184
2020-09-21,Honduras,America,9904608,3493,73.9049945237611,75109,105,21.2022525273085,2289
2020-09-28,Honduras,America,9904608,4520,80.9017378577729,79629,133,24.0292195309496,2422
2020-10-05,Honduras,America,9904608,4452,90.5840998452438,84081,90,22.5147729218562,2512
2020-10-12,Honduras,America,9904608,4344,88.8071491572408,88425,56,14.7406136618431,2568
2020-10-19,Honduras,America,9904608,4789,92.2096058723374,93214,55,11.2069049072916,2623
2020-10-26,Honduras,America,9904608,4998,98.8125930879849,98212,52,10.8030524782001,2675
2020-11-02,Honduras,America,9904608,2296,73.6424904448515,100508,76,12.9232777309309,2751
2020-11-09,Honduras,America,9904608,2594,49.3709594564469,103102,72,14.9425398763889,2823
2020-11-16,Honduras,America,9904608,1333,39.6482122260669,104435,34,10.7020893709272,2857
2020-11-23,Honduras,America,9904608,3453,48.3209431408088,107888,52,8.6828272254692,2909
2020-11-30,Honduras,America,9904608,3135,66.514495071385,111023,37,8.98571654728789,2946
2020-12-07,Honduras,America,9904608,3336,65.3332267162921,114359,29,6.66356508001124,2975
2020-12-14,Honduras,America,9904608,2663,60.5677680530113,117022,52,8.17801168910471,3027
2020-12-21,Honduras,America,9904608,3081,57.9932088175524,120103,61,11.4088311218374,3088
2020-12-28,Honduras,America,9904608,3266,64.0812841861081,123369,92,15.4473554127533,3180
2021-01-04,Honduras,America,9904608,4576,79.1752687234063,127945,93,18.6781748454861,3273
2021-01-11,Honduras,America,9904608,6166,108.454569832547,134111,81,17.5675806654842,3354
2021-01-18,Honduras,America,9904608,7873,141.742106300421,141984,108,19.0820272745777,3462
2021-01-25,Honduras,America,9904608,5859,138.642538907143,147843,148,25.8465554618618,3610
2021-02-01,Honduras,America,9904608,6725,127.051974192214,154568,111,26.1494447836805,3721
2021-02-08,Honduras,America,9904608,6415,132.665522956588,160983,172,28.57255935823,3893
2021-02-15,Honduras,America,9904608,4112,106.283863026179,165095,103,27.7648545000469,3996
2021-02-22,Honduras,America,9904608,5209,94.1077122890679,170304,155,26.0484816764076,4151
2020-03-02,Hungary,Europe,9769526,8,NA,8,0,NA,0
2020-03-09,Hungary,Europe,9769526,31,0.399200534396449,39,1,0.102359111383705,1
2020-03-16,Hungary,Europe,9769526,128,1.62750987100091,167,6,0.716513779685934,7
2020-03-23,Hungary,Europe,9769526,280,4.17625174445516,447,8,1.43302755937187,15
2020-03-30,Hungary,Europe,9769526,297,5.90612072683977,744,23,3.17313245289485,38
2020-04-06,Hungary,Europe,9769526,714,10.3485061608926,1458,71,9.62175647006825,109
2020-04-13,Hungary,Europe,9769526,526,12.6925298115794,1984,90,16.4798169327765,199
2020-04-20,Hungary,Europe,9769526,599,11.5154000306668,2583,81,17.5034080466135,280
2020-04-27,Hungary,Europe,9769526,452,10.7579426064274,3035,71,15.5585849303231,351
2020-05-04,Hungary,Europe,9769526,249,7.17537370799771,3284,70,14.4326347051024,421
2020-05-11,Hungary,Europe,9769526,251,5.11795556918524,3535,41,11.3618613635912,462
2020-05-18,Hungary,Europe,9769526,221,4.83135005731087,3756,29,7.16513779685934,491
2020-05-25,Hungary,Europe,9769526,120,3.49044569818433,3876,35,6.55098312855711,526
2020-06-01,Hungary,Europe,9769526,94,2.19048498361128,3970,16,5.22031468056894,542
2020-06-08,Hungary,Europe,9769526,106,2.0471822276741,4076,21,3.78728712119708,563
2020-06-15,Hungary,Europe,9769526,26,1.3511402702649,4102,9,3.07077334151114,572
2020-06-22,Hungary,Europe,9769526,40,0.675570135132452,4142,9,1.84246400490669,581
2020-06-29,Hungary,Europe,9769526,41,0.829108802208009,4183,8,1.74010489352298,589
2020-07-06,Hungary,Europe,9769526,51,0.941703824730084,4234,6,1.43302755937187,595
2020-07-13,Hungary,Europe,9769526,99,1.53538667075557,4333,1,0.716513779685934,596
2020-07-20,Hungary,Europe,9769526,115,2.19048498361128,4448,0,0.102359111383705,596
2020-07-27,Hungary,Europe,9769526,87,2.06765404995084,4535,1,0.102359111383705,597
2020-08-03,Hungary,Europe,9769526,161,2.53850596231588,4696,5,0.614154668302229,602
2020-08-10,Hungary,Europe,9769526,220,3.89988214371915,4916,6,1.12595022522075,608
2020-08-17,Hungary,Europe,9769526,239,4.69828321251205,5155,5,1.12595022522075,613
2020-08-24,Hungary,Europe,9769526,806,10.6965271395972,5961,1,0.614154668302229,614
2020-08-31,Hungary,Europe,9769526,2426,33.0824647992134,8387,10,1.12595022522075,624
2020-09-07,Hungary,Europe,9769526,3922,64.9775639063758,12309,13,2.35425956182521,637
2020-09-14,Hungary,Europe,9769526,6557,107.262112818984,18866,49,6.3462649057897,686
2020-09-21,Hungary,Europe,9769526,5850,126.996949493763,24716,63,11.4642204749749,749
2020-09-28,Hungary,Europe,9769526,6764,129.115783099405,31480,84,15.0467893734046,833
2020-10-05,Hungary,Europe,9769526,7097,141.879964288953,38577,135,22.4166453930314,968
2020-10-12,Hungary,Europe,9769526,9191,166.722520621778,47768,205,34.8020978704596,1173
2020-10-19,Hungary,Europe,9769526,13795,235.282653426584,61563,299,51.5889921373872,1472
2020-10-26,Hungary,Europe,9769526,21217,358.379720776627,82780,417,73.2891237507326,1889
2020-11-02,Hungary,Europe,9769526,31998,544.704011228385,114778,604,104.508652722763,2493
2020-11-09,Hungary,Europe,9769526,32678,662.017788785249,147456,697,133.1692039102,3190
2020-11-16,Hungary,Europe,9769526,30496,646.643450255417,177952,701,143.098037714419,3891
2020-11-23,Hungary,Europe,9769526,39170,713.094985365718,217122,932,167.15242888959,4823
2020-11-30,Hungary,Europe,9769526,37026,779.935485099277,254148,1161,214.237620126094,5984
2020-12-07,Hungary,Europe,9769526,29722,683.226596663953,283870,1146,236.142469962207,7130
2020-12-14,Hungary,Europe,9769526,21260,521.847221656404,305130,1152,235.221237959754,8282
2020-12-21,Hungary,Europe,9769526,11539,335.727649427413,316669,879,207.891355220304,9161
2020-12-28,Hungary,Europe,9769526,12182,242.806048113286,328851,816,173.49869379538,9977
2021-01-04,Hungary,Europe,9769526,14805,276.236533891204,343656,748,160.089650204114,10725
2021-01-11,Hungary,Europe,9769526,9047,244.146952472413,352703,684,146.578247501465,11409
2021-01-18,Hungary,Europe,9769526,7715,171.574342501366,360418,615,132.964485687433,12024
2021-01-25,Hungary,Europe,9769526,8292,163.846229591896,368710,554,119.657801207551,12578
2021-02-01,Hungary,Europe,9769526,8945,176.436400292092,377655,577,115.76815497497,13155
2021-02-08,Hungary,Europe,9769526,11144,205.629218858725,388799,597,120.169596764469,13752
2021-02-15,Hungary,Europe,9769526,16847,286.513388674128,405646,595,122.012060769376,14347
2021-02-22,Hungary,Europe,9769526,27279,451.669814891736,432925,711,133.680999467119,15058
2019-12-30,Iceland,Europe,364134,0,NA,0,0,NA,0
2020-01-06,Iceland,Europe,364134,0,0,0,0,0,0
2020-01-13,Iceland,Europe,364134,0,0,0,0,0,0
2020-01-20,Iceland,Europe,364134,0,0,0,0,0,0
2020-01-27,Iceland,Europe,364134,0,0,0,0,0,0
2020-02-03,Iceland,Europe,364134,0,0,0,0,0,0
2020-02-10,Iceland,Europe,364134,0,0,0,0,0,0
2020-02-17,Iceland,Europe,364134,0,0,0,0,0,0
2020-02-24,Iceland,Europe,364134,3,0.82387253044209,3,0,0,0
2020-03-02,Iceland,Europe,364134,52,15.1043297247717,55,0,0,0
2020-03-09,Iceland,Europe,364134,123,48.0592309424553,178,0,0,0
2020-03-16,Iceland,Europe,364134,390,140.882202705597,568,1,2.7462417681403,1
2020-03-23,Iceland,Europe,364134,452,231.233556877413,1020,1,5.4924835362806,2
2020-03-30,Iceland,Europe,364134,466,252.10499431528,1486,2,8.2387253044209,4
2020-04-06,Iceland,Europe,364134,215,187.019064410354,1701,4,16.4774506088418,8
2020-04-13,Iceland,Europe,364134,70,78.2678903919986,1771,1,13.7312088407015,9
2020-04-20,Iceland,Europe,364134,21,24.9908000900767,1792,1,5.4924835362806,10
2020-04-27,Iceland,Europe,364134,7,7.68947695079284,1799,0,2.7462417681403,10
2020-05-04,Iceland,Europe,364134,2,2.47161759132627,1801,0,0,10
2020-05-11,Iceland,Europe,364134,1,0.82387253044209,1802,0,0,10
2020-05-18,Iceland,Europe,364134,2,0.82387253044209,1804,0,0,10
2020-05-25,Iceland,Europe,364134,2,1.09849670725612,1806,0,0,10
2020-06-01,Iceland,Europe,364134,1,0.82387253044209,1807,0,0,10
2020-06-08,Iceland,Europe,364134,3,1.09849670725612,1810,0,0,10
2020-06-15,Iceland,Europe,364134,5,2.19699341451224,1815,0,0,10
2020-06-22,Iceland,Europe,364134,6,3.02086594495433,1821,0,0,10
2020-06-29,Iceland,Europe,364134,9,4.11936265221045,1830,0,0,10
2020-07-06,Iceland,Europe,364134,3,3.29549012176836,1833,0,0,10
2020-07-13,Iceland,Europe,364134,6,2.47161759132627,1839,0,0,10
2020-07-20,Iceland,Europe,364134,8,3.84473847539642,1847,0,0,10
2020-07-27,Iceland,Europe,364134,60,18.674444023354,1907,0,0,10
2020-08-03,Iceland,Europe,364134,51,30.4832836263573,1958,0,0,10
2020-08-10,Iceland,Europe,364134,53,28.5609143886591,2011,0,0,10
2020-08-17,Iceland,Europe,364134,53,29.1101627422872,2064,0,0,10
2020-08-24,Iceland,Europe,364134,41,25.8146726205188,2105,0,0,10
2020-08-31,Iceland,Europe,364134,36,21.1460616146803,2141,0,0,10
2020-09-07,Iceland,Europe,364134,24,16.4774506088418,2165,0,0,10
2020-09-14,Iceland,Europe,364134,181,56.2979562468762,2346,0,0,10
2020-09-21,Iceland,Europe,364134,277,125.777872980826,2623,0,0,10
2020-09-28,Iceland,Europe,364134,298,157.908901668067,2921,0,0,10
2020-10-05,Iceland,Europe,364134,605,247.985631663069,3526,0,0,10
2020-10-12,Iceland,Europe,364134,529,311.42381650711,4055,1,2.7462417681403,11
2020-10-19,Iceland,Europe,364134,393,253.203491022536,4448,0,2.7462417681403,11
2020-10-26,Iceland,Europe,364134,442,229.311187639715,4890,1,2.7462417681403,12
2020-11-02,Iceland,Europe,364134,188,173.013231392839,5078,8,24.7161759132627,20
2020-11-09,Iceland,Europe,364134,111,82.112628867395,5189,5,35.7011429858239,25
2020-11-16,Iceland,Europe,364134,88,54.650211185992,5277,1,16.4774506088418,26
2020-11-23,Iceland,Europe,364134,104,52.7278419482938,5381,0,2.7462417681403,26
2020-11-30,Iceland,Europe,364134,101,56.2979562468762,5482,1,2.7462417681403,27
2020-12-07,Iceland,Europe,364134,75,48.3338551192693,5557,1,5.4924835362806,28
2020-12-14,Iceland,Europe,364134,85,43.9398682902448,5642,0,2.7462417681403,28
2020-12-21,Iceland,Europe,364134,84,46.4114858815711,5726,0,0,28
2020-12-28,Iceland,Europe,364134,28,30.7579078031714,5754,1,2.7462417681403,29
2021-01-04,Iceland,Europe,364134,144,47.2353584120132,5898,0,2.7462417681403,29
2021-01-11,Iceland,Europe,364134,72,59.3188221918305,5970,0,0,29
2021-01-18,Iceland,Europe,364134,20,25.2654242668908,5990,0,0,29
2021-01-25,Iceland,Europe,364134,19,10.7103428957472,6009,0,0,29
2021-02-01,Iceland,Europe,364134,11,8.2387253044209,6020,0,0,29
2021-02-08,Iceland,Europe,364134,13,6.59098024353672,6033,0,0,29
2021-02-15,Iceland,Europe,364134,16,7.96410112760687,6049,0,0,29
2021-02-22,Iceland,Europe,364134,5,5.76710771309463,6054,0,0,29
2019-12-30,India,Asia,1380004385,0,NA,0,0,NA,0
2020-01-06,India,Asia,1380004385,0,0,0,0,0,0
2020-01-13,India,Asia,1380004385,0,0,0,0,0,0
2020-01-20,India,Asia,1380004385,0,0,0,0,0,0
2020-01-27,India,Asia,1380004385,2,1.4492707572085e-4,2,0,0,0
2020-02-03,India,Asia,1380004385,1,2.17390613581275e-4,3,0,0,0
2020-02-10,India,Asia,1380004385,0,7.2463537860425e-5,3,0,0,0
2020-02-17,India,Asia,1380004385,0,0,3,0,0,0
2020-02-24,India,Asia,1380004385,0,0,3,0,0,0
2020-03-02,India,Asia,1380004385,31,0.00224636967367318,34,0,0,0
2020-03-09,India,Asia,1380004385,59,0.00652171840743825,93,2,0.0014492707572085,2
2020-03-16,India,Asia,1380004385,346,0.0293477328334721,439,5,0.00507244765022975,7
2020-03-23,India,Asia,1380004385,632,0.0708693400274956,1071,22,0.0195651552223148,29
2020-03-30,India,Asia,1380004385,2996,0.262897715357622,4067,80,0.0739128086176335,109
2020-04-06,India,Asia,1380004385,5085,0.585577849450094,9152,199,0.202173270630586,308
2020-04-13,India,Asia,1380004385,8113,0.956373772681889,17265,235,0.314491754314244,543
2020-04-20,India,Asia,1380004385,10627,1.35796669950436,27892,329,0.408694353532797,872
2020-04-27,India,Asia,1380004385,14641,1.83100867465722,42533,501,0.601447364241527,1373
2020-05-04,India,Asia,1380004385,24619,2.84491849640029,67152,833,0.966663595058069,2206
2020-05-11,India,Asia,1380004385,29017,3.88665431668176,96169,823,1.19999618696864,3029
2020-05-18,India,Asia,1380004385,42676,5.19512841982745,138845,992,1.31521321216671,4021
2020-05-25,India,Asia,1380004385,51690,6.83809421373687,190535,1373,1.71376267039905,5394
2020-06-01,India,Asia,1380004385,66076,8.53374099967081,256611,1741,2.25651456897363,7135
2020-06-08,India,Asia,1380004385,75813,10.2817789234778,332424,2385,2.98984557212114,9520
2020-06-15,India,Asia,1380004385,92858,12.2224973944557,425282,4179,4.7565066251583,13699
2020-06-22,India,Asia,1380004385,123036,15.6444430428386,548318,2776,5.03983905819256,16475
2020-06-29,India,Asia,1380004385,149095,19.7195750214953,697413,3218,4.34346445935387,19693
2020-07-06,India,Asia,1380004385,180841,23.9083298275172,878254,3481,4.85433240126987,23174
2020-07-13,India,Asia,1380004385,239789,30.4803379302306,1118043,4323,5.65505449462757,27497
2020-07-20,India,Asia,1380004385,317410,40.3766108322909,1435453,5274,6.95432572846499,32771
2020-07-27,India,Asia,1380004385,368242,49.6847696610761,1803695,5364,7.70867115759201,38135
2020-08-03,India,Asia,1380004385,411379,56.4940958502824,2215074,6251,8.41663992248836,44386
2020-08-10,India,Asia,1380004385,432589,61.1569071209872,2647663,6535,9.26518795083394,50921
2020-08-17,India,Asia,1380004385,458685,64.5848672430124,3106348,6621,9.53330304091751,57542
2020-08-24,India,Asia,1380004385,514897,70.5491961172283,3621245,6927,9.81736010933038,64469
2020-08-31,India,Asia,1380004385,583368,79.5841674082797,4204613,7173,10.2173588383199,71642
2020-09-07,India,Asia,1380004385,641814,88.7810222429112,4846427,8080,11.0528634298506,79722
2020-09-14,India,Asia,1380004385,641153,92.9683277781759,5487580,8160,11.768078548533,87882
2020-09-21,India,Asia,1380004385,587122,89.0051519655135,6074702,7660,11.4637316895192,95542
2020-09-28,India,Asia,1380004385,549113,82.33560794084,6623815,7143,10.7267775094787,102685
2020-10-05,India,Asia,1380004385,496723,75.7849765817954,7120538,6465,9.86083823204663,109150
2020-10-12,India,Asia,1380004385,429735,67.1344243590936,7550273,5460,8.64127688985568,114610
2020-10-19,India,Asia,1380004385,359686,57.2042385213146,7909959,4404,7.14780337455232,119014
2020-10-26,India,Asia,1380004385,319354,49.205640748743,8229313,3593,5.79490912269819,122607
2020-11-02,India,Asia,1380004385,324344,46.6446343936798,8553657,4004,5.50505497125649,126611
2020-11-09,India,Asia,1380004385,291470,44.6240611039798,8845127,3459,5.40795383052352,130070
2020-11-16,India,Asia,1380004385,294738,42.478705602084,9139865,3668,5.16447634331249,133738
2020-11-23,India,Asia,1380004385,291826,42.5045026215623,9431691,3401,5.12244749135344,137139
2020-11-30,India,Asia,1380004385,245512,38.937412506845,9677203,3434,4.95288281276005,140573
2020-12-07,India,Asia,1380004385,206897,32.783156699897,9884100,2782,4.50433351340402,143355
2020-12-14,India,Asia,1380004385,171460,27.4170867942568,10055560,2455,3.79491547775046,145810
2020-12-21,India,Asia,1380004385,152311,23.4615921166077,10207871,2091,3.29419243113492,147901
2020-12-28,India,Asia,1380004385,132598,20.6455141082758,10340469,1748,2.78187521846171,149649
2021-01-04,India,Asia,1380004385,126126,18.7480563694006,10466595,1511,2.36158669887125,151160
2021-01-11,India,Asia,1380004385,105178,16.7611061612677,10571773,1259,2.00723999873377,152419
2021-01-18,India,Asia,1380004385,95963,14.5753884687837,10667736,1051,1.67390772457582,153470
2021-01-25,India,Asia,1380004385,89874,13.4664064853678,10757610,922,1.42970560198619,154392
2021-02-01,India,Asia,1380004385,80584,12.3519897366123,10838194,688,1.16666295955284,155080
2021-02-08,India,Asia,1380004385,78395,11.5201807855125,10916589,652,0.971011407329695,155732
2021-02-15,India,Asia,1380004385,89261,12.1489469035274,11005850,653,0.945649169078546,156385
2021-02-22,India,Asia,1380004385,106391,14.1776361094679,11112241,772,1.03260541451106,157157
2019-12-30,Indonesia,Asia,273523621,0,NA,0,0,NA,0
2020-01-06,Indonesia,Asia,273523621,0,0,0,0,0,0
2020-01-13,Indonesia,Asia,273523621,0,0,0,0,0,0
2020-01-20,Indonesia,Asia,273523621,0,0,0,0,0,0
2020-01-27,Indonesia,Asia,273523621,0,0,0,0,0,0
2020-02-03,Indonesia,Asia,273523621,0,0,0,0,0,0
2020-02-10,Indonesia,Asia,273523621,0,0,0,0,0,0
2020-02-17,Indonesia,Asia,273523621,0,0,0,0,0,0
2020-02-24,Indonesia,Asia,273523621,2,7.31198275559536e-4,2,0,0,0
2020-03-02,Indonesia,Asia,273523621,4,0.00219359482667861,6,0,0,0
2020-03-09,Indonesia,Asia,273523621,111,0.0420439008446733,117,5,0.0182799568889884,5
2020-03-16,Indonesia,Asia,273523621,397,0.185724361992122,514,43,0.175487586134289,48
2020-03-23,Indonesia,Asia,273523621,771,0.427019792926769,1285,66,0.398503060179947,114
2020-03-30,Indonesia,Asia,273523621,988,0.643088883354612,2273,84,0.548398706669652,198
2020-04-06,Indonesia,Asia,273523621,1968,1.08071105127699,4241,175,0.946901766849599,373
2020-04-13,Indonesia,Asia,273523621,2334,1.57280749072856,6575,209,1.40390068907431,582
2020-04-20,Indonesia,Asia,273523621,2307,1.6967455984359,8882,161,1.35271680978514,743
2020-04-27,Indonesia,Asia,273523621,2310,1.68797121912919,11192,102,0.961525732360789,845
2020-05-04,Indonesia,Asia,273523621,2840,1.8828355595658,14032,128,0.840878016893466,973
2020-05-11,Indonesia,Asia,273523621,3482,2.31131774904369,17514,175,1.1077653874727,1148
2020-05-18,Indonesia,Asia,273523621,4757,3.01217129616751,22271,224,1.45874055974127,1372
2020-05-25,Indonesia,Asia,273523621,4202,3.27540267536894,26473,241,1.70003599067592,1613
2020-06-01,Indonesia,Asia,273523621,4713,3.25931631330663,31186,238,1.75121986996509,1851
2020-06-08,Indonesia,Asia,273523621,7091,4.31553222235238,38277,283,1.90477150783259,2134
2020-06-15,Indonesia,Asia,273523621,7614,5.37613532105149,45891,331,2.24477870596778,2465
2020-06-22,Indonesia,Asia,273523621,8119,5.75197123468909,54010,289,2.26671465423456,2754
2020-06-29,Indonesia,Asia,273523621,9739,6.52886940247109,63749,417,2.58112991272516,3171
2020-07-06,Indonesia,Asia,273523621,11950,7.92947969930539,75699,435,3.11490465388362,3606
2020-07-13,Indonesia,Asia,273523621,10822,8.32542356552087,86521,537,3.55362361921934,4143
2020-07-20,Indonesia,Asia,273523621,12257,8.43766250081926,98778,638,4.29578986891227,4781
2020-07-27,Indonesia,Asia,273523621,12677,9.11584890140073,111455,455,3.99599857593286,5236
2020-08-03,Indonesia,Asia,273523621,13941,9.73151784942186,125396,487,3.44394387788541,5723
2020-08-10,Indonesia,Asia,273523621,14153,10.2711421767848,139549,427,3.34157611930708,6150
2020-08-17,Indonesia,Asia,273523621,13986,10.2875941379849,153535,530,3.49878374855238,6680
2020-08-24,Indonesia,Asia,273523621,18518,11.8834343743936,172053,663,4.36159771371263,7343
2020-08-31,Indonesia,Asia,273523621,22056,14.8338194162763,194109,682,4.91730840313788,8025
2020-09-07,Indonesia,Asia,273523621,24273,16.9378424541989,218382,698,5.0452681013608,8723
2020-09-14,Indonesia,Asia,273523621,26294,18.4872516001095,244676,830,5.58635482527485,9553
2020-09-21,Indonesia,Asia,273523621,30537,20.777364599162,275213,833,6.07991366127754,10386
2020-09-28,Indonesia,Asia,273523621,28285,21.5052724824815,303498,765,5.84227422172069,11151
2020-10-05,Indonesia,Asia,273523621,29951,21.2910313877426,333449,693,5.33043542882902,11844
2020-10-12,Indonesia,Asia,273523621,28418,21.3396560730673,361867,667,4.97214827380484,12511
2020-10-19,Indonesia,Asia,273523621,27845,20.5697042889031,389712,788,5.31946745469562,13299
2020-10-26,Indonesia,Asia,273523621,23072,18.6152112983324,412784,644,5.23537965300628,13943
2020-11-02,Indonesia,Asia,273523621,24932,17.55022100998,437716,671,4.80762866180395,14614
2020-11-09,Indonesia,Asia,273523621,29397,19.862635556437,467113,597,4.63579706704746,15211
2020-11-16,Indonesia,Asia,273523621,30555,21.9183995081726,497668,673,4.64310904980305,15884
2020-11-23,Indonesia,Asia,273523621,36598,24.5510788993248,534266,931,5.86421016998748,16815
2020-11-30,Indonesia,Asia,273523621,41530,28.5635294364577,575796,925,6.78551999719249,17740
2020-12-07,Indonesia,Asia,273523621,42024,30.5472703580507,617820,1079,7.32660672110655,18819
2020-12-14,Indonesia,Asia,273523621,47110,32.5873135468618,664930,1061,7.82382154848703,19880
2020-12-21,Indonesia,Asia,273523621,48435,34.9311696191679,713365,1357,8.84018715151479,21237
2020-12-28,Indonesia,Asia,273523621,45108,34.1992401453328,758473,1318,9.77977693560879,22555
2021-01-04,Indonesia,Asia,273523621,69553,41.919962736966,828026,1574,10.5731270645909,24129
2021-01-11,Indonesia,Asia,273523621,79903,54.640984736013,907929,1858,12.5473624086016,25987
2021-01-18,Indonesia,Asia,273523621,81333,58.9477425790587,989262,1848,13.5491040461182,27835
2021-01-25,Indonesia,Asia,273523621,89052,62.2926090906057,1078314,2163,14.6641814163465,29998
2021-02-01,Indonesia,Asia,273523621,79523,61.6308746512244,1157837,1558,13.6039439167852,31556
2021-02-08,Indonesia,Asia,273523621,59631,50.8745824186058,1217468,1627,11.6443325382856,33183
2021-02-15,Indonesia,Asia,273523621,53885,41.5013517242081,1271353,1133,10.0905362027216,34316
2021-02-22,Indonesia,Asia,273523621,63281,42.8357885771043,1334634,1850,10.9058222799705,36166
2019-12-30,Iran,Asia,83992953,0,NA,0,0,NA,0
2020-01-06,Iran,Asia,83992953,0,0,0,0,0,0
2020-01-13,Iran,Asia,83992953,0,0,0,0,0,0
2020-01-20,Iran,Asia,83992953,0,0,0,0,0,0
2020-01-27,Iran,Asia,83992953,0,0,0,0,0,0
2020-02-03,Iran,Asia,83992953,0,0,0,0,0,0
2020-02-10,Iran,Asia,83992953,0,0,0,0,0,0
2020-02-17,Iran,Asia,83992953,43,0.0511947710660917,43,8,0.0952460857043567,8
2020-02-24,Iran,Asia,83992953,935,1.16438339773576,978,46,0.642911078504407,54
2020-03-02,Iran,Asia,83992953,5588,7.76612771311898,6566,140,2.21447149262629,194
2020-03-09,Iran,Asia,83992953,7372,15.4298658841058,13938,530,7.97685967773987,724
2020-03-16,Iran,Asia,83992953,7700,17.9443625467008,21638,961,17.7514892231495,1685
2020-03-23,Iran,Asia,83992953,16671,29.015529433761,38309,955,22.8114375261934,2640
2020-03-30,Iran,Asia,83992953,19917,43.5607972968875,58226,963,22.8352490476195,3603
2020-04-06,Iran,Asia,83992953,13460,39.7378575319289,71686,871,21.8351651477238,4474
2020-04-13,Iran,Asia,83992953,10525,28.5559670702374,82211,644,18.0372274802625,5118
2020-04-20,Iran,Asia,83992953,8270,22.3768772601673,90481,592,14.7155202413231,5710
2020-04-27,Iran,Asia,83992953,6943,18.1122337727547,97424,493,12.9177503736534,6203
2020-05-04,Iran,Asia,83992953,10179,20.3850434928749,107603,437,11.0723574631315,6640
2020-05-11,Iran,Asia,83992953,12595,27.1141794478877,120198,348,9.34602215974,6988
2020-05-18,Iran,Asia,83992953,15503,33.4528064515127,135701,429,9.25077607403564,7417
2020-05-25,Iran,Asia,83992953,15765,37.2269325975478,151466,380,9.63176041685307,7797
2020-06-01,Iran,Asia,83992953,20323,42.9655092612353,171789,484,10.2865772560705,8281
2020-06-08,Iran,Asia,83992953,15638,42.8143061001796,187427,556,12.3819911415664,8837
2020-06-15,Iran,Asia,83992953,17525,39.4830742526697,204952,786,15.9775308769058,9623
2020-06-22,Iran,Asia,83992953,17717,41.9582819049117,222669,885,19.8945261514975,10508
2020-06-29,Iran,Asia,83992953,17769,42.24878246631,240438,1063,23.1924218690108,11571
2020-07-06,Iran,Asia,83992953,16865,41.2344116535586,257303,1258,27.6332706149765,12829
2020-07-13,Iran,Asia,83992953,16485,39.7057119780037,273788,1359,31.1573757860377,14188
2020-07-20,Iran,Asia,83992953,17384,40.3236209590107,291172,1512,34.181439007151,15700
2020-07-27,Iran,Asia,83992953,18265,42.4428463659326,309437,1490,35.7410936605598,17190
2020-08-03,Iran,Asia,83992953,17275,42.3130735741604,326712,1237,32.4670094644726,18427
2020-08-10,Iran,Asia,83992953,16491,40.2009916236663,343203,1212,29.1572079862462,19639
2020-08-17,Iran,Asia,83992953,15702,38.3282154635044,358905,1004,26.3831657401068,20643
2020-08-24,Iran,Asia,83992953,14665,36.1542235573025,373570,819,21.7042017798803,21462
2020-08-31,Iran,Asia,83992953,13088,33.0420577069126,386658,831,19.6445051765236,22293
2020-09-07,Iran,Asia,83992953,15371,33.8826044132536,402029,864,20.1802644086106,23157
2020-09-14,Iran,Asia,83992953,20111,42.2440201620248,422140,1144,23.9067675117935,24301
2020-09-21,Iran,Asia,83992953,24308,52.8841985112727,446448,1288,28.9548100541244,25589
2020-09-28,Iran,Asia,83992953,25324,59.0906715709829,471772,1368,31.6217004538464,26957
2020-10-05,Iran,Asia,83992953,28303,63.8470229758442,500075,1587,35.1815229070467,28544
2020-10-12,Iran,Asia,83992953,30305,69.7772823870117,530380,1831,40.6938901171864,30375
2020-10-19,Iran,Asia,83992953,38516,81.9366358032441,568896,2241,48.4802576235175,32616
2020-10-26,Iran,Asia,83992953,51595,107.284000361316,620491,2682,58.6120599903185,35298
2020-11-02,Iran,Asia,83992953,61995,135.237535939473,682486,2993,67.565192046528,38291
2020-11-09,Iran,Asia,83992953,79582,168.558188447071,762068,3202,73.7561876173112,41493
2020-11-16,Iran,Asia,83992953,92293,204.630262255454,854361,3309,77.5184080026333,44802
2020-11-23,Iran,Asia,83992953,94388,222.257931567188,948749,3073,75.9825648706505,47875
2020-11-30,Iran,Asia,83992953,91798,221.668596411892,1040547,2435,65.5769300074496,50310
2020-12-07,Iran,Asia,83992953,67722,189.920694894487,1108269,1886,51.4447920410656,52196
2020-12-14,Iran,Asia,83992953,43803,132.77899635223,1152072,1252,37.3602771175339,53448
2020-12-21,Iran,Asia,83992953,48393,109.766351469986,1200465,1245,29.7286845004723,54693
2020-12-28,Iran,Asia,83992953,42969,108.773411026518,1243434,847,24.9068514116893,55540
2021-01-04,Iran,Asia,83992953,42972,102.319298143976,1286406,631,17.5967143338799,56171
2021-01-11,Iran,Asia,83992953,44005,103.552734953848,1330411,632,15.0369757805753,56803
2021-01-18,Iran,Asia,83992953,42566,103.069361068898,1372977,580,14.42978198421,57383
2021-01-25,Iran,Asia,83992953,45022,104.280176933415,1417999,576,13.7630593842795,57959
2021-02-01,Iran,Asia,83992953,48436,111.268858471972,1466435,510,12.9296561343664,58469
2021-02-08,Iran,Asia,83992953,51828,119.37191921327,1518263,476,11.739080063062,58945
2021-02-15,Iran,Asia,83992953,55749,128.07860202272,1574012,538,12.0724413630272,59483
2021-02-22,Iran,Asia,83992953,57157,134.423181906701,1631169,590,13.4296980843143,60073
2019-12-30,Iraq,Asia,40222503,0,NA,0,0,NA,0
2020-01-06,Iraq,Asia,40222503,0,0,0,0,0,0
2020-01-13,Iraq,Asia,40222503,0,0,0,0,0,0
2020-01-20,Iraq,Asia,40222503,0,0,0,0,0,0
2020-01-27,Iraq,Asia,40222503,0,0,0,0,0,0
2020-02-03,Iraq,Asia,40222503,0,0,0,0,0,0
2020-02-10,Iraq,Asia,40222503,0,0,0,0,0,0
2020-02-17,Iraq,Asia,40222503,0,0,0,0,0,0
2020-02-24,Iraq,Asia,40222503,19,0.0472372393135256,19,0,0,0
2020-03-02,Iraq,Asia,40222503,42,0.151656399901319,61,6,0.149170229411133,6
2020-03-09,Iraq,Asia,40222503,63,0.261047901469483,124,3,0.2237553441167,9
2020-03-16,Iraq,Asia,40222503,109,0.427621324311916,233,11,0.348063868625978,20
2020-03-23,Iraq,Asia,40222503,314,1.05165011734849,547,22,0.820436261761234,42
2020-03-30,Iraq,Asia,40222503,414,1.80993211685509,961,19,1.01932990097608,61
2020-04-06,Iraq,Asia,40222503,391,2.00136724459937,1352,15,0.845297966663089,76
2020-04-13,Iraq,Asia,40222503,187,1.43700654332725,1539,6,0.522095802938967,82
2020-04-20,Iraq,Asia,40222503,281,1.16352778940684,1820,5,0.273478753920411,87
2020-04-27,Iraq,Asia,40222503,476,1.88203106107047,2296,10,0.372925573527833,97
2020-05-04,Iraq,Asia,40222503,471,2.35440345420572,2767,12,0.546957507840822,109
2020-05-11,Iraq,Asia,40222503,637,2.7546769031256,3404,14,0.646404327448245,123
2020-05-18,Iraq,Asia,40222503,1065,4.23146217429582,4469,37,1.26794694999463,160
2020-05-25,Iraq,Asia,40222503,1970,7.54552743771316,6439,45,2.03865980195216,205
2020-06-01,Iraq,Asia,40222503,5927,19.6332883609953,12366,141,4.62427711174513,346
2020-06-08,Iraq,Asia,40222503,7843,34.2345676498551,20209,261,9.99440537054594,607
2020-06-15,Iraq,Asia,40222503,10659,45.9991264094132,30868,493,18.7457254959991,1100
2020-06-22,Iraq,Asia,40222503,14534,62.6340931592447,45402,656,28.566098932232,1756
2020-06-29,Iraq,Asia,40222503,15077,73.6179943848845,60479,717,34.1351208302477,2473
2020-07-06,Iraq,Asia,40222503,17027,79.8160174169171,77506,677,34.6572166331867,3150
2020-07-13,Iraq,Asia,40222503,15024,79.6842503809373,92530,631,32.5191100116271,3781
2020-07-20,Iraq,Asia,40222503,17502,80.8651813637754,110032,581,30.1323863410489,4362
2020-07-27,Iraq,Asia,40222503,19119,91.0460495210853,129151,506,27.024673228317,4868
2020-08-03,Iraq,Asia,40222503,20964,99.6531717581077,150115,524,25.6075560489112,5392
2020-08-10,Iraq,Asia,40222503,26816,118.789226021066,176931,468,24.6628112626407,5860
2020-08-17,Iraq,Asia,40222503,27410,134.815081000802,204341,568,25.7567262783224,6428
2020-08-24,Iraq,Asia,40222503,26836,134.864804410606,231177,531,27.3230136871393,6959
2020-08-31,Iraq,Asia,40222503,29193,139.297646394606,260370,553,26.9500881136114,7512
2020-09-07,Iraq,Asia,40222503,29939,147.012233425652,290309,502,26.2290986714576,8014
2020-09-14,Iraq,Asia,40222503,28726,145.851191806736,319035,541,25.9307582126354,8555
2020-09-21,Iraq,Asia,40222503,30415,147.034608960064,349450,435,24.265023984211,8990
2020-09-28,Iraq,Asia,40222503,29691,149.433763483093,379141,409,20.9832789371661,9399
2020-10-05,Iraq,Asia,40222503,23189,131.468695521012,402330,453,21.4307896253995,9852
2020-10-12,Iraq,Asia,40222503,24304,118.075695090383,426634,402,21.2567576910865,10254
2020-10-19,Iraq,Asia,40222503,25073,122.759640293892,451707,369,19.1683744793306,10623
2020-10-26,Iraq,Asia,40222503,23581,120.962139029488,475288,343,17.7015338901212,10966
2020-11-02,Iraq,Asia,40222503,23261,116.457198101272,498549,361,17.5026402509063,11327
2020-11-09,Iraq,Asia,40222503,20603,109.053382381499,519152,343,17.5026402509063,11670
2020-11-16,Iraq,Asia,40222503,16169,91.4214612651033,535321,288,15.6877357930709,11958
2020-11-23,Iraq,Asia,40222503,15114,77.7748714444748,550435,266,13.773384515628,12224
2020-11-30,Iraq,Asia,40222503,13765,71.7981175860687,564200,208,11.7844481234795,12432
2020-12-07,Iraq,Asia,40222503,10434,60.1628396920003,574634,147,8.82590524015872,12579
2020-12-14,Iraq,Asia,40222503,9511,49.5866704267509,584145,118,6.58835179899172,12697
2020-12-21,Iraq,Asia,40222503,7452,42.1729100250176,591597,83,4.99720268527297,12780
2020-12-28,Iraq,Asia,40222503,6772,35.3632890523994,598369,64,3.65467062057277,12844
2021-01-04,Iraq,Asia,40222503,0,16.8363465595366,598369,0,1.5911491137187601,12844
2021-01-11,Iraq,Asia,40222503,9863,24.5210995447001,608232,100,2.48617049018556,12944
2021-01-18,Iraq,Asia,40222503,5531,38.2721085259165,613763,49,3.70439403037648,12993
2021-01-25,Iraq,Asia,40222503,5873,28.3522882700761,619636,54,2.56075560489112,13047
2021-02-01,Iraq,Asia,40222503,8914,36.7630030383738,628550,73,3.15743652253566,13120
2021-02-08,Iraq,Asia,40222503,15302,60.2051045903334,643852,59,3.28174504704493,13179
2021-02-15,Iraq,Asia,40222503,24085,97.9227970969385,667937,93,3.77897914508205,13272
2021-02-22,Iraq,Asia,40222503,27552,128.378385601712,695489,134,5.64360701272121,13406
2019-12-30,Ireland,Europe,4964440,0,NA,0,0,NA,0
2020-01-06,Ireland,Europe,4964440,0,0,0,0,0,0
2020-01-13,Ireland,Europe,4964440,0,0,0,0,0,0
2020-01-20,Ireland,Europe,4964440,0,0,0,0,0,0
2020-01-27,Ireland,Europe,4964440,0,0,0,0,0,0
2020-02-03,Ireland,Europe,4964440,0,0,0,0,0,0
2020-02-10,Ireland,Europe,4964440,0,0,0,0,0,0
2020-02-17,Ireland,Europe,4964440,0,0,0,0,0,0
2020-02-24,Ireland,Europe,4964440,1,0.0201432588569909,1,0,0,0
2020-03-02,Ireland,Europe,4964440,20,0.423008435996809,21,0,0,0
2020-03-09,Ireland,Europe,4964440,148,3.38406748797448,169,2,0.402865177139818,2
2020-03-16,Ireland,Europe,4964440,737,17.826784088437,906,2,0.805730354279637,4
2020-03-23,Ireland,Europe,4964440,1709,49.2704111641998,2615,42,8.863033897076,46
2020-03-30,Ireland,Europe,4964440,2496,84.7024034936468,5111,112,31.020618639766,158
2020-04-06,Ireland,Europe,4964440,4544,141.808542353216,9655,176,58.0125855081339,334
2020-04-13,Ireland,Europe,4964440,5596,204.252644809888,15251,276,91.047530033599,610
2020-04-20,Ireland,Europe,4964440,4011,193.516287839112,19262,477,151.678739193142,1087
2020-04-27,Ireland,Europe,4964440,2244,125.996084150478,21506,216,139.592783878947,1303
2020-05-04,Ireland,Europe,4964440,1490,75.2149285720041,22996,155,74.7314903594363,1458
2020-05-11,Ireland,Europe,4964440,1116,52.4933325813183,24112,85,48.3438212567782,1543
2020-05-18,Ireland,Europe,4964440,527,33.0953743020361,24639,63,29.8120231083466,1606
2020-05-25,Ireland,Europe,4964440,351,17.685781276438,24990,44,21.5532869769803,1650
2020-06-01,Ireland,Europe,4964440,211,11.3205114776289,25201,29,14.7045789656034,1679
2020-06-08,Ireland,Europe,4964440,102,6.30484002223816,25303,27,11.2802249599149,1706
2020-06-15,Ireland,Europe,4964440,76,3.58550007654438,25379,9,7.25157318851673,1715
2020-06-22,Ireland,Europe,4964440,60,2.73948320455077,25439,20,5.84154506852737,1735
2020-06-29,Ireland,Europe,4964440,88,2.98120231083466,25527,6,5.23724730281764,1741
2020-07-06,Ireland,Europe,4964440,101,3.80707592397128,25628,5,2.215758474269,1746
2020-07-13,Ireland,Europe,4964440,132,4.69337931367888,25760,7,2.41719106283891,1753
2020-07-20,Ireland,Europe,4964440,121,5.0962444908187,25881,10,3.42435400568846,1763
2020-07-27,Ireland,Europe,4964440,281,8.09759006051035,26162,0,2.01432588569909,1763
2020-08-03,Ireland,Europe,4964440,550,16.7390481101595,26712,9,1.81289329712918,1772
2020-08-10,Ireland,Europe,4964440,545,22.0568684484051,27257,2,2.215758474269,1774
2020-08-17,Ireland,Europe,4964440,712,25.3200763832376,27969,3,1.00716294284955,1777
2020-08-24,Ireland,Europe,4964440,791,30.2753180620574,28760,0,0.604297765709728,1777
2020-08-31,Ireland,Europe,4964440,912,34.3039698334555,29672,0,0,1777
2020-09-07,Ireland,Europe,4964440,1313,44.8187509568048,30985,7,1.41002811998936,1784
2020-09-14,Ireland,Europe,4964440,1948,65.6871671326474,32933,8,3.02148882854864,1792
2020-09-21,Ireland,Europe,4964440,2057,80.6737517222486,34990,10,3.62578659425837,1802
2020-09-28,Ireland,Europe,4964440,3042,102.710476911797,38032,8,3.62578659425837,1810
2020-10-05,Ireland,Europe,4964440,4496,151.839885263998,42528,16,4.83438212567782,1826
2020-10-12,Ireland,Europe,4964440,7434,240.309078163902,49962,26,8.46016871993619,1852
2020-10-19,Ireland,Europe,4964440,7166,294.091579312067,57128,30,11.2802249599149,1882
2020-10-26,Ireland,Europe,4964440,4874,242.524836638171,62002,33,12.6902530799043,1915
2020-11-02,Ireland,Europe,4964440,3392,166.504177711887,65394,32,13.0931182570441,1947
2020-11-09,Ireland,Europe,4964440,2509,118.865370515103,67903,32,12.8916856684742,1979
2020-11-16,Ireland,Europe,4964440,2558,102.065892628373,70461,43,15.1074441427432,2022
2020-11-23,Ireland,Europe,4964440,1780,87.3814569216266,72241,30,14.7045789656034,2052
2020-11-30,Ireland,Europe,4964440,2005,76.2422347737106,74246,45,15.1074441427432,2097
2020-12-07,Ireland,Europe,4964440,1939,79.4450129319722,76185,27,14.5031463770335,2124
2020-12-14,Ireland,Europe,4964440,3357,106.678698906624,79542,34,12.2873879027645,2158
2020-12-21,Ireland,Europe,4964440,6587,200.304566073918,86129,46,16.1146070855927,2204
2020-12-28,Ireland,Europe,4964440,15758,450.101119159462,101887,55,20.3446914455608,2259
2021-01-04,Ireland,Europe,4964440,45726,1238.48812756323,147613,85,28.2005623997873,2344
2021-01-11,Ireland,Europe,4964440,25113,1426.92831417038,172726,264,70.2999734108983,2608
2021-01-18,Ireland,Europe,4964440,14828,804.541902007074,187554,362,126.096800444763,2970
2021-01-25,Ireland,Europe,4964440,8993,479.832569232381,196547,337,140.801379410367,3307
2021-02-01,Ireland,Europe,4964440,7021,322.574147335853,203568,379,144.225733416055,3686
2021-02-08,Ireland,Europe,4964440,6014,262.567379200877,209582,262,129.118289273312,3948
2021-02-15,Ireland,Europe,4964440,5475,231.425901007969,215057,188,90.6446648564592,4136
2021-02-22,Ireland,Europe,4964440,4535,201.634021158479,219592,183,74.7314903594363,4319
2020-03-16,Isle of Man,Europe,85032,2,NA,2,0,NA,0
2020-03-23,Isle of Man,Europe,85032,40,49.3931696302568,42,0,0,0
2020-03-30,Isle of Man,Europe,85032,85,147.003481042431,127,1,11.7602784833945,1
2020-04-06,Isle of Man,Europe,85032,101,218.741179791138,228,1,23.520556966789,2
2020-04-13,Isle of Man,Europe,85032,70,201.100762066046,298,4,58.8013924169724,6
2020-04-20,Isle of Man,Europe,85032,10,94.0822278671559,308,12,188.164455734312,18
2020-04-27,Isle of Man,Europe,85032,13,27.0486405118073,321,4,188.164455734312,22
2020-05-04,Isle of Man,Europe,85032,9,25.8726126634679,330,1,58.8013924169724,23
2020-05-11,Isle of Man,Europe,85032,5,16.4643898767523,335,1,23.520556966789,24
2020-05-18,Isle of Man,Europe,85032,1,7.05616709003669,336,0,11.7602784833945,24
2020-05-25,Isle of Man,Europe,85032,0,1.17602784833945,336,0,0,24
2020-06-01,Isle of Man,Europe,85032,0,0,336,0,0,24
2020-06-08,Isle of Man,Europe,85032,0,0,336,0,0,24
2020-06-15,Isle of Man,Europe,85032,0,0,336,0,0,24
2020-06-22,Isle of Man,Europe,85032,0,0,336,0,0,24
2020-06-29,Isle of Man,Europe,85032,0,0,336,0,0,24
2020-07-06,Isle of Man,Europe,85032,0,0,336,0,0,24
2020-07-13,Isle of Man,Europe,85032,0,0,336,0,0,24
2020-07-20,Isle of Man,Europe,85032,0,0,336,0,0,24
2020-07-27,Isle of Man,Europe,85032,0,0,336,0,0,24
2020-08-03,Isle of Man,Europe,85032,0,0,336,0,0,24
2020-08-10,Isle of Man,Europe,85032,0,0,336,0,0,24
2020-08-17,Isle of Man,Europe,85032,0,0,336,0,0,24
2020-08-24,Isle of Man,Europe,85032,0,0,336,0,0,24
2020-08-31,Isle of Man,Europe,85032,1,1.17602784833945,337,0,0,24
2020-09-07,Isle of Man,Europe,85032,0,1.17602784833945,337,0,0,24
2020-09-14,Isle of Man,Europe,85032,2,2.3520556966789,339,0,0,24
2020-09-21,Isle of Man,Europe,85032,1,3.52808354501835,340,0,0,24
2020-09-28,Isle of Man,Europe,85032,2,3.52808354501835,342,0,0,24
2020-10-05,Isle of Man,Europe,85032,4,7.05616709003669,346,0,0,24
2020-10-12,Isle of Man,Europe,85032,2,7.05616709003669,348,0,0,24
2020-10-19,Isle of Man,Europe,85032,0,2.3520556966789,348,0,0,24
2020-10-26,Isle of Man,Europe,85032,5,5.88013924169724,353,0,0,24
2020-11-02,Isle of Man,Europe,85032,4,10.584250635055,357,1,11.7602784833945,25
2020-11-09,Isle of Man,Europe,85032,6,11.7602784833945,363,0,11.7602784833945,25
2020-11-16,Isle of Man,Europe,85032,5,12.9363063317339,368,0,0,25
2020-11-23,Isle of Man,Europe,85032,1,7.05616709003669,369,0,0,25
2020-11-30,Isle of Man,Europe,85032,1,2.3520556966789,370,0,0,25
2020-12-07,Isle of Man,Europe,85032,3,4.70411139335779,373,0,0,25
2020-12-14,Isle of Man,Europe,85032,0,3.52808354501835,373,0,0,25
2020-12-21,Isle of Man,Europe,85032,1,1.17602784833945,374,0,0,25
2020-12-28,Isle of Man,Europe,85032,6,8.23219493837614,380,0,0,25
2021-01-04,Isle of Man,Europe,85032,16,25.8726126634679,396,0,0,25
2021-01-11,Isle of Man,Europe,85032,32,56.4493367202935,428,0,0,25
2021-01-18,Isle of Man,Europe,85032,4,42.3370025402202,432,0,0,25
2021-01-25,Isle of Man,Europe,85032,2,7.05616709003669,434,0,0,25
2021-02-01,Isle of Man,Europe,85032,0,2.3520556966789,434,0,0,25
2021-02-08,Isle of Man,Europe,85032,2,2.3520556966789,436,0,0,25
2021-02-15,Isle of Man,Europe,85032,14,18.8164455734312,450,0,0,25
2021-02-22,Isle of Man,Europe,85032,34,56.4493367202935,484,0,0,25
2019-12-30,Israel,Asia,8655541,0,NA,0,0,NA,0
2020-01-06,Israel,Asia,8655541,0,0,0,0,0,0
2020-01-13,Israel,Asia,8655541,0,0,0,0,0,0
2020-01-20,Israel,Asia,8655541,0,0,0,0,0,0
2020-01-27,Israel,Asia,8655541,0,0,0,0,0,0
2020-02-03,Israel,Asia,8655541,0,0,0,0,0,0
2020-02-10,Israel,Asia,8655541,0,0,0,0,0,0
2020-02-17,Israel,Asia,8655541,2,0.0231065857119734,2,0,0,0
2020-02-24,Israel,Asia,8655541,8,0.11553292855986701,10,0,0,0
2020-03-02,Israel,Asia,8655541,29,0.427471835671508,39,0,0,0
2020-03-09,Israel,Asia,8655541,211,2.77279028543681,250,0,0,0
2020-03-16,Israel,Asia,8655541,821,11.9229982273783,1071,1,0.11553292855986701,1
2020-03-23,Israel,Asia,8655541,3176,46.1785115453789,4247,14,1.73299392839801,15
2020-03-30,Israel,Asia,8655541,4183,85.0206821272061,8430,34,5.54558057087362,49
2020-04-06,Israel,Asia,8655541,2715,79.6946141205963,11145,54,10.1668977132683,103
2020-04-13,Israel,Asia,8655541,2346,58.4712151441487,13491,69,14.2105502128636,172
2020-04-20,Israel,Asia,8655541,1907,49.1361545165115,15398,27,11.0911611417472,199
2020-04-27,Israel,Asia,8655541,810,31.3902966897159,16208,33,6.93197571359202,232
2020-05-04,Israel,Asia,8655541,269,12.4660029916097,16477,20,6.12324521367295,252
2020-05-11,Israel,Asia,8655541,140,4.72529677809856,16617,20,4.62131714239468,272
2020-05-18,Israel,Asia,8655541,103,2.80745016400477,16720,8,3.23492199967628,280
2020-05-25,Israel,Asia,8655541,351,5.24519495661796,17071,5,1.50192807127827,285
2020-06-01,Israel,Asia,8655541,844,13.8061849629041,17915,13,2.07959271407761,298
2020-06-08,Israel,Asia,8655541,1206,23.6842503547727,19121,4,1.96405978551774,302
2020-06-15,Israel,Asia,8655541,1657,33.0770774466899,20778,4,0.92426342847893606,306
2020-06-22,Israel,Asia,8655541,2977,53.5379590946424,23755,12,1.84852685695787,318
2020-06-29,Israel,Asia,8655541,6203,106.059228417958,29958,13,2.88832321399668,331
2020-07-06,Israel,Asia,8655541,8712,172.317362947042,38670,31,5.08344885663415,362
2020-07-13,Israel,Asia,8655541,11619,234.889997055066,50289,47,9.01156842766963,409
2020-07-20,Israel,Asia,8655541,11667,269.029977444506,61956,61,12.4775562844656,470
2020-07-27,Israel,Asia,8655541,11069,262.675666373714,73025,66,14.6726819271031,536
2020-08-03,Israel,Asia,8655541,9977,243.150601447096,83002,64,15.0192807127827,600
2020-08-10,Israel,Asia,8655541,9678,227.079971084419,92680,85,17.2144063554202,685
2020-08-17,Israel,Asia,8655541,10471,232.787297755276,103151,149,27.0347052830089,834
2020-08-24,Israel,Asia,8655541,10869,246.547269546756,114020,85,27.0347052830089,919
2020-08-31,Israel,Asia,8655541,16624,317.634680489642,130644,100,21.3735917835754,1019
2020-09-07,Israel,Asia,8655541,25952,491.89299663649,156596,100,23.1065857119734,1119
2020-09-14,Israel,Asia,8655541,31831,667.58392109748,188427,137,27.3813040686885,1256
2020-09-21,Israel,Asia,8655541,42599,859.91158727109,231026,210,40.0899262102739,1466
2020-09-28,Israel,Asia,8655541,37149,921.351998679228,268175,253,53.4917459232184,1719
2020-10-05,Israel,Asia,8655541,23653,702.463312229704,291828,264,59.7305240654513,1983
2020-10-12,Israel,Asia,8655541,12018,412.117509465902,303846,226,56.6111349943348,2209
2020-10-19,Israel,Asia,8655541,6302,211.656325121676,310148,188,47.830632423785,2397
2020-10-26,Israel,Asia,8655541,4983,130.37890987981,315131,157,39.8588603531541,2554
2020-11-02,Israel,Asia,8655541,4431,108.762698946259,319562,120,32.0026212110832,2674
2020-11-09,Israel,Asia,8655541,4573,104.025848875304,324135,58,20.5648612836563,2732
2020-11-16,Israel,Asia,8655541,5268,113.695954995765,329403,74,15.2503465699025,2806
2020-11-23,Israel,Asia,8655541,6577,136.848753879163,335980,58,15.2503465699025,2864
2020-11-30,Israel,Asia,8655541,9221,182.518920538878,345201,53,12.8241550701452,2917
2020-12-07,Israel,Asia,8655541,12658,252.774494396133,357859,82,15.5969453555821,2999
2020-12-14,Israel,Asia,8655541,18500,359.977498806834,376359,102,21.2580588550155,3101
2020-12-21,Israel,Asia,8655541,27627,532.918739568099,403986,139,27.843435782928,3240
2020-12-28,Israel,Asia,8655541,38201,760.530162123893,442187,193,38.3569322818759,3433
2021-01-04,Israel,Asia,8655541,52876,1052.2392534447,495063,256,51.8742849233803,3689
2021-01-11,Israel,Asia,8655541,56626,1265.10867431626,551689,316,66.0848351362439,4005
2021-01-18,Israel,Asia,8655541,49380,1224.71836249173,601069,432,86.4186305627805,4437
2021-01-25,Israel,Asia,8655541,45208,1092.80286466207,646277,359,91.3865464908548,4796
2021-02-01,Israel,Asia,8655541,54202,1148.51284281364,700479,333,79.948786563428,5129
2021-02-08,Israel,Asia,8655541,27006,938.219806248968,727485,274,70.1284876358393,5403
2021-02-15,Israel,Asia,8655541,24913,599.835411789974,752398,182,52.6830154232994,5585
2021-02-22,Israel,Asia,8655541,25774,585.601754991398,778172,173,41.014189638752804,5758
2019-12-30,Italy,Europe,59641488,0,NA,0,0,NA,0
2020-01-06,Italy,Europe,59641488,0,0,0,0,0,0
2020-01-13,Italy,Europe,59641488,0,0,0,0,0,0
2020-01-20,Italy,Europe,59641488,0,0,0,0,0,0
2020-01-27,Italy,Europe,59641488,3,0.00503005558815032,3,0,0,0
2020-02-03,Italy,Europe,59641488,0,0.00503005558815032,3,0,0,0
2020-02-10,Italy,Europe,59641488,0,0,3,0,0,0
2020-02-17,Italy,Europe,59641488,129,0.216292390290464,132,2,0.0335337039210021,2
2020-02-24,Italy,Europe,59641488,1557,2.82689124054048,1689,33,0.586839818617537,35
2020-03-02,Italy,Europe,59641488,5686,12.1442308749909,7375,331,6.10313411362238,366
2020-03-09,Italy,Europe,59641488,16605,37.3749897051529,23980,1445,29.7779290818499,1811
2020-03-16,Italy,Europe,59641488,35158,86.7902558031416,59138,3665,85.6786135181604,5476
2020-03-23,Italy,Europe,59641488,38551,123.586789115657,97689,5305,150.398662085694,10781
2020-03-30,Italy,Europe,59641488,31259,117.049393536258,128948,5108,174.593229464698,15889
2020-04-06,Italy,Europe,59641488,27415,98.3778271930439,156363,4012,152.91368987977,19901
2020-04-13,Italy,Europe,59641488,22609,83.8745002472105,178972,3759,130.295206585054,23660
2020-04-20,Italy,Europe,59641488,18703,69.267218819222,197675,2984,113.058882769659,26644
2020-04-27,Italy,Europe,59641488,13042,53.2263715486106,210717,2240,87.5900346416575,28884
2020-05-04,Italy,Europe,59641488,8353,35.872679769492,219070,1676,65.6589922773221,30560
2020-05-11,Italy,Europe,59641488,6365,24.6774527154655,225435,1348,50.7029603285552,31908
2020-05-18,Italy,Europe,59641488,4423,18.0880798949885,229858,877,37.3062456121148,32785
2020-05-25,Italy,Europe,59641488,3161,12.715980526844,233019,630,25.2676459044751,33415
2020-06-01,Italy,Europe,59641488,1979,8.61816190769754,234998,484,18.6782730839982,33899
2020-06-08,Italy,Europe,59641488,1991,6.65644022831892,236989,446,15.593172323266,34345
2020-06-15,Italy,Europe,59641488,1510,5.87007487137142,238499,289,12.3236361909683,34634
2020-06-22,Italy,Europe,59641488,1811,5.5682715360824,240310,104,6.58937282047691,34738
2020-06-29,Italy,Europe,59641488,1301,5.21784433010793,241611,123,3.80607539503374,34861
2020-07-06,Italy,Europe,59641488,1450,4.61256097433384,243061,93,3.62164002346823,34954
2020-07-13,Italy,Europe,59641488,1373,4.73328230844945,244434,91,3.08510076073219,35045
2020-07-20,Italy,Europe,59641488,1684,5.12562664432517,246118,62,2.56532834995666,35107
2020-07-27,Italy,Europe,59641488,1952,6.09642737283818,248070,47,1.82758686369462,35154
2020-08-03,Italy,Europe,59641488,2496,7.45789575203087,250566,51,1.6431514921291,35205
2020-08-10,Italy,Europe,59641488,3349,9.80022497091287,253915,191,4.05757817444125,35396
2020-08-17,Italy,Europe,59641488,5430,14.7196193361239,259345,41,3.88990965483624,35437
2020-08-24,Italy,Europe,59641488,8873,23.9816283591047,268218,40,1.35811500880059,35477
2020-08-31,Italy,Europe,59641488,9416,30.6648955505604,277634,64,1.74375260389211,35541
2020-09-07,Italy,Europe,59641488,10119,32.7540453048388,287753,69,2.22999131074664,35610
2020-09-14,Italy,Europe,59641488,10403,34.4089335933403,298156,97,2.78329742544318,35707
2020-09-21,Italy,Europe,59641488,11714,37.0832464810402,309870,128,3.77254169111274,35835
2020-09-28,Italy,Europe,59641488,15459,45.5605668322695,325329,151,4.67795169697979,35986
2020-10-05,Italy,Europe,59641488,29621,75.5849686379387,354950,180,5.54982799892585,36166
2020-10-12,Italy,Europe,59641488,59291,149.077434151207,414241,377,9.33913654199909,36543
2020-10-19,Italy,Europe,59641488,111541,286.431485411632,525782,795,19.6507504977072,37338
2020-10-26,Italy,Europe,59641488,183553,494.77974124321,709335,1488,38.2787230258239,38826
2020-11-02,Italy,Europe,59641488,225769,686.304137817621,935104,2568,68.0063515517923,41394
2020-11-09,Italy,Europe,59641488,243425,786.690633875533,1178529,3835,107.358153103088,45229
2020-11-16,Italy,Europe,59641488,230339,794.353085221482,1408868,4594,141.327795175063,49823
2020-11-23,Italy,Europe,59641488,176310,681.822358288579,1585178,5081,162.219292717848,54904
2020-11-30,Italy,Europe,59641488,143700,536.556029587994,1728878,5174,171.944066854938,60078
2020-12-07,Italy,Europe,59641488,114834,433.480130475618,1843712,4442,161.230048452178,64520
2020-12-14,Italy,Europe,59641488,109473,376.092226270411,1953185,4279,146.22371594753,68799
2020-12-21,Italy,Europe,59641488,94511,342.016953031085,2047696,3126,124.15853876751,71925
2020-12-28,Italy,Europe,59641488,107750,339.12802443829,2155446,3407,109.537843857953,75332
2021-01-04,Italy,Europe,59641488,121045,383.617189430284,2276491,3423,114.517598890222,78755
2021-01-11,Italy,Europe,59641488,104786,378.647494509191,2381277,3422,114.76910166963,82177
2021-01-18,Italy,Europe,59641488,85536,319.110079882648,2466813,3284,112.43850924712,85461
2021-01-25,Italy,Europe,59641488,86219,287.979065847586,2553032,3055,106.285074577616,88516
2021-02-01,Italy,Europe,59641488,83706,284.910731938814,2636738,2757,97.4489435944321,91273
2021-02-08,Italy,Europe,59641488,85141,283.103265297472,2721879,2304,84.8570377720958,93577
2021-02-15,Italy,Europe,59641488,87367,289.241609800212,2809246,2141,74.5286569644272,95718
2021-02-22,Italy,Europe,59641488,116019,341.014295283847,2925265,1981,69.1129637811853,97699
2020-03-09,Jamaica,America,2961161,10,NA,10,0,NA,0
2020-03-16,Jamaica,America,2961161,9,0.641640221521221,19,0,0,0
2020-03-23,Jamaica,America,2961161,15,0.810492911395226,34,1,0.337705379748011,1
2020-03-30,Jamaica,America,2961161,24,1.31705098101724,58,2,1.01311613924403,3
2020-04-06,Jamaica,America,2961161,14,1.28328044304244,72,1,1.01311613924403,4
2020-04-13,Jamaica,America,2961161,124,4.66033424052255,196,1,0.675410759496022,5
2020-04-20,Jamaica,America,2961161,154,9.38820955699471,350,2,1.01311613924403,7
2020-04-27,Jamaica,America,2961161,119,9.2193568671207,469,2,1.35082151899204,9
2020-05-04,Jamaica,America,2961161,33,5.13312177216977,502,0,0.675410759496022,9
2020-05-11,Jamaica,America,2961161,18,1.72229743671486,520,0,0,9
2020-05-18,Jamaica,America,2961161,32,1.68852689874006,552,0,0,9
2020-05-25,Jamaica,America,2961161,34,2.22885550633687,586,0,0,9
2020-06-01,Jamaica,America,2961161,12,1.55344474684085,598,1,0.337705379748011,10
2020-06-08,Jamaica,America,2961161,19,1.04688667721883,617,0,0.337705379748011,10
2020-06-15,Jamaica,America,2961161,42,2.06000281646287,659,0,0,10
2020-06-22,Jamaica,America,2961161,37,2.66787250000929,696,0,0,10
2020-06-29,Jamaica,America,2961161,36,2.46524927216048,732,0,0,10
2020-07-06,Jamaica,America,2961161,26,2.09377335443767,758,0,0,10
2020-07-13,Jamaica,America,2961161,32,1.95869120253846,790,0,0,10
2020-07-20,Jamaica,America,2961161,52,2.83672518988329,842,0,0,10
2020-07-27,Jamaica,America,2961161,52,3.51213594937932,894,2,0.675410759496022,12
2020-08-03,Jamaica,America,2961161,129,6.112467373439,1023,2,1.35082151899204,14
2020-08-10,Jamaica,America,2961161,90,7.39574781648144,1113,0,0.675410759496022,14
2020-08-17,Jamaica,America,2961161,416,17.0878922152494,1529,2,0.675410759496022,16
2020-08-24,Jamaica,America,2961161,828,42.0105492406526,2357,5,2.36393765823608,21
2020-08-31,Jamaica,America,2961161,746,53.1548267723369,3103,12,5.74099145571619,33
2020-09-07,Jamaica,America,2961161,668,47.7515406963688,3771,9,7.09181297470823,42
2020-09-14,Jamaica,America,2961161,1217,63.6574640825001,4988,25,11.4819829114324,67
2020-09-21,Jamaica,America,2961161,1005,75.038135380008,5993,22,15.8721528481565,89
2020-09-28,Jamaica,America,2961161,902,64.4004159179457,6895,31,17.8983851266446,120
2020-10-05,Jamaica,America,2961161,823,58.2541780065319,7718,19,16.8852689874006,139
2020-10-12,Jamaica,America,2961161,556,46.5695718672507,8274,32,17.2229743671486,171
2020-10-19,Jamaica,America,2961161,440,33.6354558229019,8714,17,16.5475636076525,188
2020-10-26,Jamaica,America,2961161,417,28.9413510444045,9131,21,12.8328044304244,209
2020-11-02,Jamaica,America,2961161,375,26.7462660760425,9506,12,11.1442775316844,221
2020-11-09,Jamaica,America,2961161,378,25.4292150950252,9884,10,7.42951835445624,231
2020-11-16,Jamaica,America,2961161,400,26.2734785443953,10284,7,5.74099145571619,238
2020-11-23,Jamaica,America,2961161,425,27.8606938292109,10709,18,8.44263449370028,256
2020-11-30,Jamaica,America,2961161,411,28.2321697469337,11120,9,9.1180452531963,265
2020-12-07,Jamaica,America,2961161,590,33.8043085127759,11710,8,5.74099145571619,273
2020-12-14,Jamaica,America,2961161,579,39.4777588925425,12289,13,7.09181297470823,286
2020-12-21,Jamaica,America,2961161,443,34.5134898102467,12732,12,8.44263449370028,298
2020-12-28,Jamaica,America,2961161,317,25.6656088608488,13049,6,6.0786968354642,304
2021-01-04,Jamaica,America,2961161,588,30.562336867195,13637,9,5.06558069622017,313
2021-01-11,Jamaica,America,2961161,637,41.3689090191313,14274,13,7.42951835445624,326
2021-01-18,Jamaica,America,2961161,738,46.4344897153515,15012,12,8.44263449370028,338
2021-01-25,Jamaica,America,2961161,766,50.7908891141009,15778,14,8.78033987344829,352
2021-02-01,Jamaica,America,2961161,1520,77.1994498103953,17298,6,6.75410759496022,358
2021-02-08,Jamaica,America,2961161,2007,119.108687437124,19305,20,8.78033987344829,378
2021-02-15,Jamaica,America,2961161,2374,147.948726867604,21679,21,13.8459205696685,399
2021-02-22,Jamaica,America,2961161,1920,145.010690063796,23599,26,15.8721528481565,425
2019-12-30,Japan,Asia,126476458,0,NA,0,0,NA,0
2020-01-06,Japan,Asia,126476458,0,0,0,0,0,0
2020-01-13,Japan,Asia,126476458,1,7.90660978187735e-4,1,0,0,0
2020-01-20,Japan,Asia,126476458,2,0.00237198293456321,3,0,0,0
2020-01-27,Japan,Asia,126476458,17,0.015022558585567,20,0,0,0
2020-02-03,Japan,Asia,126476458,5,0.0173945415201302,25,0,0,0
2020-02-10,Japan,Asia,126476458,34,0.0308357781493217,59,1,0.00790660978187735,1
2020-02-17,Japan,Asia,126476458,85,0.0940886564043405,144,0,0.00790660978187735,1
2020-02-24,Japan,Asia,126476458,110,0.154178890746608,254,5,0.0395330489093868,6
2020-03-02,Japan,Asia,126476458,234,0.271987376496581,488,1,0.0474396586912641,7
2020-03-09,Japan,Asia,126476458,326,0.442770147785132,814,17,0.142318976073792,24
2020-03-16,Japan,Asia,126476458,275,0.475187247890829,1089,17,0.26882473258383,41
2020-03-23,Japan,Asia,126476458,777,0.831775349053497,1866,13,0.237198293456321,54
2020-03-30,Japan,Asia,126476458,1788,2.02804540905154,3654,19,0.253011513020075,73
2020-04-06,Japan,Asia,126476458,3601,4.2608720114537,7255,29,0.379517269530113,102
2020-04-13,Japan,Asia,126476458,3496,5.61132096219836,10751,69,0.774847758623981,171
2020-04-20,Japan,Asia,126476458,2634,4.84675179629082,13385,180,1.96874583568746,351
2020-04-27,Japan,Asia,126476458,1672,3.40458617207639,15057,159,2.68034071605642,510
2020-05-04,Japan,Asia,126476458,741,1.90786494036701,15798,111,2.13478464110689,621
2020-05-11,Japan,Asia,126476458,507,0.986744900778294,16305,128,1.88967973786869,749
2020-05-18,Japan,Asia,126476458,276,0.619087545920997,16581,81,1.65248144441237,830
2020-05-25,Japan,Asia,126476458,303,0.457792706370699,16884,62,1.13064519880846,892
2020-06-01,Japan,Asia,126476458,290,0.468861960065327,17174,24,0.679968441241452,916
2020-06-08,Japan,Asia,126476458,328,0.48862848452002,17502,9,0.260918122801953,925
2020-06-15,Japan,Asia,126476458,414,0.5866704458153,17916,28,0.292544561929462,953
2020-06-22,Japan,Asia,126476458,560,0.770103792754854,18476,19,0.371610659748236,972
2020-06-29,Japan,Asia,126476458,1299,1.469838758451,19775,5,0.189758634765056,977
2020-07-06,Japan,Asia,126476458,2093,2.6819220380128,21868,5,0.0790660978187735,982
2020-07-13,Japan,Asia,126476458,3228,4.20710706493694,25096,3,0.0632528782550188,985
2020-07-20,Japan,Asia,126476458,4893,6.4209578038626,29989,11,0.110692536946283,996
2020-07-27,Japan,Asia,126476458,8083,10.2596168529641,38072,15,0.205571854328811,1011
2020-08-03,Japan,Asia,126476458,9918,14.2326882683574,47990,36,0.403237098875745,1047
2020-08-10,Japan,Asia,126476458,6962,13.346357311809,54952,51,0.68787505102333,1098
2020-08-17,Japan,Asia,126476458,6802,10.882657703776,61754,82,1.05157910098969,1180
2020-08-24,Japan,Asia,126476458,6111,10.2098052113382,67865,99,1.4310963705198,1279
2020-08-31,Japan,Asia,126476458,3991,7.9872572016525,71856,84,1.44690959008356,1363
2020-09-07,Japan,Asia,126476458,3801,6.16083034203883,75657,79,1.28877739444601,1442
2020-09-14,Japan,Asia,126476458,3000,5.37728531265479,78657,58,1.0832055401172,1500
2020-09-21,Japan,Asia,126476458,3474,5.1187391727874,82131,48,0.838100636878999,1548
2020-09-28,Japan,Asia,126476458,3608,5.59946104752554,85739,51,0.782754368405858,1599
2020-10-05,Japan,Asia,126476458,3608,5.7054096186027,89347,30,0.640435392332066,1629
2020-10-12,Japan,Asia,126476458,3780,5.84140330685099,93127,45,0.592995733640801,1674
2020-10-19,Japan,Asia,126476458,3947,6.10943737845663,97074,44,0.703688270587084,1718
2020-10-26,Japan,Asia,126476458,4739,6.86768125653867,101813,56,0.790660978187735,1774
2020-11-02,Japan,Asia,126476458,6271,8.70517736984697,108084,44,0.790660978187735,1818
2020-11-09,Japan,Asia,126476458,8593,11.7523847797825,116677,65,0.861820466224631,1883
2020-11-16,Japan,Asia,126476458,14240,18.0531621149606,130917,97,1.28087078466413,1980
2020-11-23,Japan,Asia,126476458,15843,23.7854542068216,146760,139,1.86595990852306,2119
2020-11-30,Japan,Asia,126476458,15307,24.629089470548,162067,216,2.80684647256646,2335
2020-12-07,Japan,Asia,126476458,17586,26.0072115555292,179653,250,3.68448015835485,2585
2020-12-14,Japan,Asia,126476458,18870,28.8243366208121,198523,315,4.4672345267607,2900
2020-12-21,Japan,Asia,126476458,21713,32.0873944777929,220236,352,5.27370872451219,3252
2020-12-28,Japan,Asia,126476458,23611,35.8359181753809,243847,347,5.52672023753227,3599
2021-01-04,Japan,Asia,126476458,42905,52.5916056251354,286752,445,6.26203494724686,4044
2021-01-11,Japan,Asia,126476458,41542,66.7689476250197,328294,457,7.13176202325337,4501
2021-01-18,Japan,Asia,126476458,32367,58.4369622368773,360661,518,7.70894453733042,5019
2021-01-25,Japan,Asia,126476458,28857,48.4074277285659,389518,703,9.65397054367225,5722
2021-02-01,Japan,Asia,126476458,15472,35.0492105020841,404990,673,10.8794950598632,6395
2021-02-08,Japan,Asia,126476458,10792,20.7659199311227,415782,557,9.72513003170914,6952
2021-02-15,Japan,Asia,126476458,8457,15.2194331691357,424239,575,8.95028227308516,7527
2021-02-22,Japan,Asia,126476458,8534,13.4341206803878,432773,360,7.39268014605532,7887
2020-03-16,Jersey,Europe,107796,15,NA,15,0,NA,0
2020-03-23,Jersey,Europe,107796,48,58.4437270399644,63,2,18.5535641396712,2
2020-03-30,Jersey,Europe,107796,92,129.874948977699,155,1,27.8303462095069,3
2020-04-06,Jersey,Europe,107796,58,139.151731047534,213,1,18.5535641396712,4
2020-04-13,Jersey,Europe,107796,36,87.2017514564548,249,8,83.4910386285205,12
2020-04-20,Jersey,Europe,107796,32,63.0821180748822,281,7,139.151731047534,19
2020-04-27,Jersey,Europe,107796,11,39.8901629002932,292,5,111.321384838027,24
2020-05-04,Jersey,Europe,107796,2,12.0598166907863,294,1,55.6606924190137,25
2020-05-11,Jersey,Europe,107796,8,9.27678206983562,302,2,27.8303462095069,27
2020-05-18,Jersey,Europe,107796,4,11.1321384838027,306,2,37.1071282793425,29
2020-05-25,Jersey,Europe,107796,2,5.56606924190137,308,0,18.5535641396712,29
2020-06-01,Jersey,Europe,107796,3,4.63839103491781,311,1,9.27678206983562,30
2020-06-08,Jersey,Europe,107796,2,4.63839103491781,313,0,9.27678206983562,30
2020-06-15,Jersey,Europe,107796,5,6.49374744888493,318,1,9.27678206983562,31
2020-06-22,Jersey,Europe,107796,1,5.56606924190137,319,0,9.27678206983562,31
2020-06-29,Jersey,Europe,107796,1,1.85535641396712,320,0,0,31
2020-07-06,Jersey,Europe,107796,5,5.56606924190137,325,0,0,31
2020-07-13,Jersey,Europe,107796,6,10.2044602768192,331,0,0,31
2020-07-20,Jersey,Europe,107796,1,6.49374744888493,332,0,0,31
2020-07-27,Jersey,Europe,107796,3,3.71071282793425,335,0,0,31
2020-08-03,Jersey,Europe,107796,10,12.0598166907863,345,0,0,31
2020-08-10,Jersey,Europe,107796,10,18.5535641396712,355,0,0,31
2020-08-17,Jersey,Europe,107796,8,16.6982077257041,363,1,9.27678206983562,32
2020-08-24,Jersey,Europe,107796,11,17.6258859326877,374,0,9.27678206983562,32
2020-08-31,Jersey,Europe,107796,10,19.4812423466548,384,0,0,32
2020-09-07,Jersey,Europe,107796,-4,5.56606924190137,380,0,0,32
2020-09-14,Jersey,Europe,107796,13,8.34910386285205,393,0,0,32
2020-09-21,Jersey,Europe,107796,7,18.5535641396712,400,0,0,32
2020-09-28,Jersey,Europe,107796,21,25.9749897955397,421,0,0,32
2020-10-05,Jersey,Europe,107796,28,45.4562321421945,449,0,0,32
2020-10-12,Jersey,Europe,107796,41,64.0097962818658,490,0,0,32
2020-10-19,Jersey,Europe,107796,40,75.1419347656685,530,0,0,32
2020-10-26,Jersey,Europe,107796,44,77.9249693866192,574,0,0,32
2020-11-02,Jersey,Europe,107796,69,104.827637389143,643,0,0,32
2020-11-09,Jersey,Europe,107796,89,146.573156703403,732,0,0,32
2020-11-16,Jersey,Europe,107796,79,155.849938773238,811,0,0,32
2020-11-23,Jersey,Europe,107796,117,181.824928568778,928,0,0,32
2020-11-30,Jersey,Europe,107796,429,506.512301013025,1357,0,0,32
2020-12-07,Jersey,Europe,107796,422,789.454154143011,1779,0,0,32
2020-12-14,Jersey,Europe,107796,557,908.196964636907,2336,4,37.1071282793425,36
2020-12-21,Jersey,Europe,107796,327,820.067534973468,2663,5,83.4910386285205,41
2020-12-28,Jersey,Europe,107796,158,449.923930387027,2821,3,74.2142565586849,44
2021-01-04,Jersey,Europe,107796,151,286.652565957921,2972,13,148.42851311737,57
2021-01-11,Jersey,Europe,107796,82,216.14902222717,3054,5,166.982077257041,62
2021-01-18,Jersey,Europe,107796,68,139.151731047534,3122,1,55.6606924190137,63
2021-01-25,Jersey,Europe,107796,30,90.912464284389,3152,3,37.1071282793425,66
2021-02-01,Jersey,Europe,107796,24,50.0946231771123,3176,1,37.1071282793425,67
2021-02-08,Jersey,Europe,107796,26,46.3839103491781,3202,0,9.27678206983562,67
2021-02-15,Jersey,Europe,107796,11,34.3240936583918,3213,1,9.27678206983562,68
2021-02-22,Jersey,Europe,107796,4,13.9151731047534,3217,1,18.5535641396712,69
2020-03-09,Jordan,Asia,10203140,15,NA,15,0,NA,0
2020-03-16,Jordan,Asia,10203140,84,0.970289538318596,99,0,0,0
2020-03-23,Jordan,Asia,10203140,160,2.39142068030038,259,1,0.0980090442746057,1
2020-03-30,Jordan,Asia,10203140,86,2.4110224891553,345,4,0.490045221373028,5
2020-04-06,Jordan,Asia,10203140,44,1.27411757556987,389,2,0.588054265647634,7
2020-04-13,Jordan,Asia,10203140,28,0.705665118777161,417,0,0.196018088549211,7
2020-04-20,Jordan,Asia,10203140,30,0.568452456792713,447,0,0,7
2020-04-27,Jordan,Asia,10203140,14,0.431239794808265,461,2,0.196018088549211,9
2020-05-04,Jordan,Asia,10203140,79,0.911484111753833,540,0,0.196018088549211,9
2020-05-11,Jordan,Asia,10203140,73,1.48973747297401,613,0,0,9
2020-05-18,Jordan,Asia,10203140,95,1.64655194381338,708,0,0,9
2020-05-25,Jordan,Asia,10203140,31,1.23491395786003,739,0,0,9
2020-06-01,Jordan,Asia,10203140,69,0.980090442746057,808,0,0,9
2020-06-08,Jordan,Asia,10203140,153,2.17580078289625,961,0,0,9
2020-06-15,Jordan,Asia,10203140,72,2.20520349617863,1033,0,0,9
2020-06-22,Jordan,Asia,10203140,88,1.56814470839369,1121,0,0,9
2020-06-29,Jordan,Asia,10203140,43,1.28391847999733,1164,1,0.0980090442746057,10
2020-07-06,Jordan,Asia,10203140,15,0.568452456792713,1179,0,0.0980090442746057,10
2020-07-13,Jordan,Asia,10203140,39,0.529248839082871,1218,1,0.0980090442746057,11
2020-07-20,Jordan,Asia,10203140,-50,-0.107809948702066,1168,0,0.0980090442746057,11
2020-07-27,Jordan,Asia,10203140,45,-0.0490045221373028,1213,0,0,11
2020-08-03,Jordan,Asia,10203140,39,0.823275971906688,1252,0,0,11
2020-08-10,Jordan,Asia,10203140,126,1.61714923053099,1378,0,0,11
2020-08-17,Jordan,Asia,10203140,231,3.49892288060342,1609,1,0.0980090442746057,12
2020-08-24,Jordan,Asia,10203140,357,5.76293180334681,1966,3,0.392036177098423,15
2020-08-31,Jordan,Asia,10203140,445,7.86032535082337,2411,1,0.392036177098423,16
2020-09-07,Jordan,Asia,10203140,903,13.2116191682168,3314,8,0.882081398471451,24
2020-09-14,Jordan,Asia,10203140,1465,23.2085416842266,4779,6,1.37212661984448,30
2020-09-21,Jordan,Asia,10203140,3713,50.7490831253908,8492,15,2.05818992976672,45
2020-09-28,Jordan,Asia,10203140,7148,106.447622986649,15640,56,6.958642143497,101
2020-10-05,Jordan,Asia,10203140,9286,161.068063360887,24926,90,14.3093204640924,191
2020-10-12,Jordan,Asia,10203140,12647,214.963236807493,37573,154,23.9142068030038,345
2020-10-19,Jordan,Asia,10203140,15514,276.003269581717,53087,234,38.027509178547,579
2020-10-26,Jordan,Asia,10203140,22779,375.306033240748,75866,287,51.0627120670696,866
2020-11-02,Jordan,Asia,10203140,33455,551.144059573817,109321,367,64.0979149555921,1233
2020-11-09,Jordan,Asia,10203140,34357,664.618931034956,143678,539,88.7961941127927,1772
2020-11-16,Jordan,Asia,10203140,39751,726.325425310248,183429,464,98.3030714074295,2236
2020-11-23,Jordan,Asia,10203140,30878,692.228078807112,214307,458,90.3643388211864,2694
2020-11-30,Jordan,Asia,10203140,25782,555.319244859916,240089,362,80.3674163051767,3056
2020-12-07,Jordan,Asia,10203140,19525,444.049576894956,259614,309,65.7640687082604,3365
2020-12-14,Jordan,Asia,10203140,17834,366.151988505499,277448,239,53.7089562624839,3604
2020-12-21,Jordan,Asia,10203140,10498,277.679224238813,287946,154,38.51755439992,3758
2020-12-28,Jordan,Asia,10203140,10262,203.466775914081,298208,145,29.3047042381071,3903
2021-01-04,Jordan,Asia,10203140,10462,203.113943354693,308670,140,27.9325776182626,4043
2021-01-11,Jordan,Asia,10203140,6874,169.908479154456,315544,110,24.5022610686514,4153
2021-01-18,Jordan,Asia,10203140,4909,115.484056868768,320453,71,17.7396370137036,4224
2021-01-25,Jordan,Asia,10203140,7609,122.687721622951,328062,102,16.9555646595068,4326
2021-02-01,Jordan,Asia,10203140,7092,144.083095988098,335154,53,15.1914018625639,4379
2021-02-08,Jordan,Asia,10203140,12096,188.059754154113,347250,76,12.6431667114241,4455
2021-02-15,Jordan,Asia,10203140,21028,324.645158255204,368278,115,18.7197274564497,4570
2021-02-22,Jordan,Asia,10203140,28880,489.143538165702,397158,157,26.6584600426927,4727
2020-03-09,Kazakhstan,Asia,18776707,9,NA,9,0,NA,0
2020-03-16,Kazakhstan,Asia,18776707,51,0.31954484883851,60,0,0,0
2020-03-23,Kazakhstan,Asia,18776707,224,1.46458055717651,284,1,0.0532574748064184,1
2020-03-30,Kazakhstan,Asia,18776707,247,2.50842706338231,531,4,0.266287374032092,5
2020-04-06,Kazakhstan,Asia,18776707,430,3.60553104439453,961,5,0.479317273257766,10
2020-04-13,Kazakhstan,Asia,18776707,774,6.41219996669278,1735,9,0.745604647289858,19
2020-04-20,Kazakhstan,Asia,18776707,982,9.35201257600707,2717,6,0.798862122096276,25
2020-04-27,Kazakhstan,Asia,18776707,1247,11.8710911343507,3964,2,0.426059798451347,27
2020-05-04,Kazakhstan,Asia,18776707,1162,12.8297256808662,5126,4,0.31954484883851,31
2020-05-11,Kazakhstan,Asia,18776707,1314,13.1865507620692,6440,3,0.372802323644929,34
2020-05-18,Kazakhstan,Asia,18776707,2091,18.1341701715855,8531,1,0.213029899225674,35
2020-05-25,Kazakhstan,Asia,18776707,2777,25.9257387357645,11308,6,0.372802323644929,41
2020-06-01,Kazakhstan,Asia,18776707,1551,23.0498350962179,12859,15,1.11840697093479,56
2020-06-08,Kazakhstan,Asia,18776707,1950,18.6454419297271,14809,21,1.91726909303106,77
2020-06-15,Kazakhstan,Asia,18776707,2923,25.9523674731677,17732,43,3.40847838761078,120
2020-06-22,Kazakhstan,Asia,18776707,3595,34.7132220788235,21327,63,5.64529232948035,183
2020-06-29,Kazakhstan,Asia,18776707,27247,164.256703797956,48574,5,3.62150828683645,188
2020-07-06,Kazakhstan,Asia,18776707,11315,205.371474348511,59889,187,10.2254351628323,375
2020-07-13,Kazakhstan,Asia,18776707,11949,123.898189389652,71838,0,9.95914778880024,375
2020-07-20,Kazakhstan,Asia,18776707,11284,123.733091217752,83122,210,11.1840697093479,585
2020-07-27,Kazakhstan,Asia,18776707,15519,142.746009723643,98641,524,39.0909865079111,1109
2020-08-03,Kazakhstan,Asia,18776707,14081,157.642125426999,112722,324,45.1623386358428,1433
2020-08-10,Kazakhstan,Asia,18776707,8917,122.481540559801,121639,54,20.1313254768262,1487
2020-08-17,Kazakhstan,Asia,18776707,5823,78.5015178646607,127462,186,12.7817939535404,1673
2020-08-24,Kazakhstan,Asia,18776707,3211,48.1128027401184,130673,108,15.657697593087,1781
2020-08-31,Kazakhstan,Asia,18776707,3450,35.4748039685553,134123,121,12.1959617306698,1902
2020-09-07,Kazakhstan,Asia,18776707,2390,31.1023652869483,136513,60,9.63960293996173,1962
2020-09-14,Kazakhstan,Asia,18776707,1942,23.0711380861405,138455,53,6.01809465312528,2015
2020-09-21,Kazakhstan,Asia,18776707,1810,19.9822045473682,140265,34,4.6334003081584,2049
2020-09-28,Kazakhstan,Asia,18776707,1579,18.0489582118952,141844,36,3.72802323644929,2085
2020-10-05,Kazakhstan,Asia,18776707,1896,18.5069724952304,143740,29,3.4617358624172,2114
2020-10-12,Kazakhstan,Asia,18776707,1733,19.3271376072492,145473,36,3.4617358624172,2150
2020-10-19,Kazakhstan,Asia,18776707,1990,19.8277578704296,147463,40,4.0475680852878,2190
2020-10-26,Kazakhstan,Asia,18776707,3400,28.7057789206595,150863,37,4.10082556009422,2227
2020-11-02,Kazakhstan,Asia,18776707,5013,44.8055135546398,155876,39,4.0475680852878,2266
2020-11-09,Kazakhstan,Asia,18776707,5372,55.3078875864655,161248,53,4.89968768219049,2319
2020-11-16,Kazakhstan,Asia,18776707,6137,61.2940277547069,167385,53,5.64529232948035,2372
2020-11-23,Kazakhstan,Asia,18776707,6421,66.8807368619002,173806,61,6.0713521279317,2433
2020-11-30,Kazakhstan,Asia,18776707,6283,67.6582959940739,180089,55,6.17786707754453,2488
2020-12-07,Kazakhstan,Asia,18776707,6188,66.4173968310844,186277,64,6.33763950196379,2552
2020-12-14,Kazakhstan,Asia,18776707,5373,61.5709666237003,191650,70,7.13650162406007,2622
2020-12-21,Kazakhstan,Asia,18776707,7009,65.9434053053073,198659,67,7.29627404847932,2689
2020-12-28,Kazakhstan,Asia,18776707,8409,82.1123746565359,207068,86,8.14839364538202,2775
2021-01-04,Kazakhstan,Asia,18776707,3018,60.8573164612943,210086,100,9.90589031399382,2875
2021-01-11,Kazakhstan,Asia,18776707,6878,52.7035970684317,216964,16,6.17786707754453,2891
2021-01-18,Kazakhstan,Asia,18776707,8927,84.1734389315443,225891,67,4.42037040893273,2958
2021-01-25,Kazakhstan,Asia,18776707,9953,100.550112434518,235844,88,8.25490859499485,3046
2021-02-01,Kazakhstan,Asia,18776707,8584,98.7233810486578,244428,78,8.84074081786545,3124
2021-02-08,Kazakhstan,Asia,18776707,6839,82.1390033939391,251267,16,5.00620263180333,3140
2021-02-15,Kazakhstan,Asia,18776707,5833,67.4878720746934,257100,12,1.49120929457972,3152
2021-02-22,Kazakhstan,Asia,18776707,5615,60.9691571583878,262715,10,1.17166444574121,3162
2020-03-09,Kenya,Africa,53771300,3,NA,3,0,NA,0
2020-03-16,Kenya,Africa,53771300,12,0.0278959221740966,15,0,0,0
2020-03-23,Kenya,Africa,53771300,27,0.0725293976526511,42,1,0.0185972814493977,1
2020-03-30,Kenya,Africa,53771300,100,0.236185474407351,142,3,0.0743891257975909,4
2020-04-06,Kenya,Africa,53771300,55,0.288257862465665,197,4,0.130180970145784,8
2020-04-13,Kenya,Africa,53771300,73,0.238045202552291,270,6,0.185972814493977,14
2020-04-20,Kenya,Africa,53771300,85,0.293837046900484,355,0,0.111583688696386,14
2020-04-27,Kenya,Africa,53771300,110,0.362646988263256,465,10,0.185972814493977,24
2020-05-04,Kenya,Africa,53771300,207,0.589533821945908,672,8,0.334751066089159,32
2020-05-11,Kenya,Africa,53771300,215,0.784805277164584,887,18,0.483529317684341,50
2020-05-18,Kenya,Africa,53771300,327,1.00797265455736,1214,1,0.353348347538557,51
2020-05-25,Kenya,Africa,53771300,748,1.99920775581026,1962,13,0.260361940291568,64
2020-06-01,Kenya,Africa,53771300,805,2.88815780909147,2767,20,0.613710287830125,84
2020-06-08,Kenya,Africa,53771300,827,3.03507633254171,3594,19,0.725293976526511,103
2020-06-15,Kenya,Africa,53771300,1144,3.66552417367629,4738,20,0.725293976526511,123
2020-06-22,Kenya,Africa,53771300,1332,4.60468688687088,6070,20,0.743891257975909,143
2020-06-29,Kenya,Africa,53771300,1816,5.85442420027041,7886,17,0.688099413627716,160
2020-07-06,Kenya,Africa,53771300,2219,7.50400306483198,10105,25,0.781085820874705,185
2020-07-13,Kenya,Africa,53771300,3248,10.1671337683857,13353,49,1.37619882725543,234
2020-07-20,Kenya,Africa,53771300,4250,13.9442416307584,17603,46,1.76674173769278,280
2020-07-27,Kenya,Africa,53771300,4450,16.179634860976,22053,89,2.51063299566869,369
2020-08-03,Kenya,Africa,53771300,4383,16.426978704253,26436,51,2.60361940291568,420
2020-08-10,Kenya,Africa,53771300,3684,15.0024269452292,30120,54,1.95271455218676,474
2020-08-17,Kenya,Africa,53771300,2244,11.024468443203,32364,74,2.38045202552291,548
2020-08-24,Kenya,Africa,53771300,1693,7.32174970662789,34057,26,1.85972814493977,574
2020-08-31,Kenya,Africa,53771300,1046,5.09379538899004,35103,23,0.911266791020489,597
2020-09-07,Kenya,Africa,53771300,1054,3.90542910437352,36157,25,0.892669509571091,622
2020-09-14,Kenya,Africa,53771300,824,3.49256945619689,36981,26,0.948461353919284,648
2020-09-21,Kenya,Africa,53771300,1134,3.64134770779208,38115,43,1.28321242000844,691
2020-09-28,Kenya,Africa,53771300,1312,4.54889504252268,39427,40,1.54357436030001,731
2020-10-05,Kenya,Africa,53771300,2119,6.38072726528836,41546,35,1.39479610870483,766
2020-10-12,Kenya,Africa,53771300,3335,10.1429573025015,44881,66,1.87832542638917,832
2020-10-19,Kenya,Africa,53771300,4840,15.2032775848826,49721,70,2.52923027711809,902
2020-10-26,Kenya,Africa,53771300,6156,20.4495706817577,55877,111,3.36610794234099,1013
2020-11-02,Kenya,Africa,53771300,6611,23.7431492264461,62488,98,3.88683182292413,1111
2020-11-09,Kenya,Africa,53771300,7757,26.7205739864947,70245,158,4.76090405104582,1269
2020-11-16,Kenya,Africa,53771300,7127,27.6801937092836,77372,111,5.00266870988799,1380
2020-11-23,Kenya,Africa,53771300,5944,24.3085065825078,83316,72,3.40330250523978,1452
2020-11-30,Kenya,Africa,53771300,5064,20.471887419497,88380,74,2.71520309161207,1526
2020-12-07,Kenya,Africa,53771300,3512,15.9490285710035,91892,61,2.51063299566869,1587
2020-12-14,Kenya,Africa,53771300,2608,11.3815362470314,94500,52,2.10149280378194,1639
2020-12-21,Kenya,Africa,53771300,1492,7.62488539425307,95992,25,1.43199067160363,1664
2020-12-28,Kenya,Africa,53771300,810,4.28109418965136,96802,21,0.855474946672295,1685
2021-01-04,Kenya,Africa,53771300,1469,4.23832044231774,98271,28,0.911266791020489,1713
2021-01-11,Kenya,Africa,53771300,891,4.38895842205786,99162,18,0.855474946672295,1731
2021-01-18,Kenya,Africa,53771300,890,3.31217582613774,100052,13,0.57651572493133,1744
2021-01-25,Kenya,Africa,53771300,804,3.15037947752798,100856,22,0.650904850728921,1766
2021-02-01,Kenya,Africa,53771300,1088,3.51860565022605,101944,20,0.781085820874705,1786
2021-02-08,Kenya,Africa,53771300,923,3.73991329947388,102867,9,0.539321162032534,1795
2021-02-15,Kenya,Africa,53771300,1439,4.39267787834774,104306,32,0.762488539425307,1827
2021-02-22,Kenya,Africa,53771300,1667,5.77631561818293,105973,29,1.13443416841326,1856
2020-03-09,Kosovo,Europe,1795666,13,NA,13,0,NA,0
2020-03-16,Kosovo,Europe,1795666,20,1.83775824680091,33,1,0.556896438424518,1
2020-03-23,Kosovo,Europe,1795666,65,4.7336197266084,98,0,0.556896438424518,1
2020-03-30,Kosovo,Europe,1795666,67,7.35103298720364,165,0,0,1
2020-04-06,Kosovo,Europe,1795666,197,14.7020659744073,362,6,3.34137863054711,7
2020-04-13,Kosovo,Europe,1795666,199,22.0530989616109,561,7,7.23965369951873,14
2020-04-20,Kosovo,Europe,1795666,203,22.3872368246656,764,6,7.23965369951873,20
2020-04-27,Kosovo,Europe,1795666,87,16.149996714311,851,5,6.12586082266969,25
2020-05-04,Kosovo,Europe,1795666,33,6.68275726109421,884,3,4.45517150739614,28
2020-05-11,Kosovo,Europe,1795666,101,7.46241227488854,985,1,2.22758575369807,29
2020-05-18,Kosovo,Europe,1795666,47,8.24206728868286,1032,0,0.556896438424518,29
2020-05-25,Kosovo,Europe,1795666,51,5.45758509656027,1083,1,0.556896438424518,30
2020-06-01,Kosovo,Europe,1795666,151,11.2493080561753,1234,1,1.11379287684904,31
2020-06-08,Kosovo,Europe,1795666,252,22.4429264685081,1486,2,1.67068931527355,33
2020-06-15,Kosovo,Europe,1795666,683,52.0698169926924,2169,3,2.78448219212259,36
2020-06-22,Kosovo,Europe,1795666,508,66.3263658163601,2677,13,8.91034301479228,49
2020-06-29,Kosovo,Europe,1795666,679,66.1036072409903,3356,17,16.7068931527355,66
2020-07-06,Kosovo,Europe,1795666,1575,125.524457220886,4931,36,29.5155112364994,102
2020-07-13,Kosovo,Europe,1795666,804,132.485662701193,5735,33,38.4258542512917,135
2020-07-20,Kosovo,Europe,1795666,1182,110.599632671109,6917,34,37.3120613744427,169
2020-07-27,Kosovo,Europe,1795666,1882,170.633068733272,8799,80,63.486193980395,249
2020-08-03,Kosovo,Europe,1795666,1448,185.446513995364,10247,78,87.9896372710738,327
2020-08-10,Kosovo,Europe,1795666,1169,145.739797935696,11416,74,84.6482586405267,401
2020-08-17,Kosovo,Europe,1795666,1032,122.572906097236,12448,66,77.9655013794325,467
2020-08-24,Kosovo,Europe,1795666,886,106.812736889823,13334,49,64.0430904188195,516
2020-08-31,Kosovo,Europe,1795666,785,93.0573948607369,14119,47,53.4620580887537,563
2020-09-07,Kosovo,Europe,1795666,518,72.5636059267147,14637,33,44.5517150739614,596
2020-09-14,Kosovo,Europe,1795666,426,52.5710237872745,15063,17,27.8448219212259,613
2020-09-21,Kosovo,Europe,1795666,409,46.5008526084472,15472,9,14.4793073990375,622
2020-09-28,Kosovo,Europe,1795666,342,41.8229225256813,15814,8,9.4672394532168,630
2020-10-05,Kosovo,Europe,1795666,365,39.3725781966134,16179,17,13.9224109606129,647
2020-10-12,Kosovo,Europe,1795666,712,59.9777464183206,16891,6,12.8086180837639,653
2020-10-19,Kosovo,Europe,1795666,1052,98.2365317380849,17943,10,8.91034301479228,663
2020-10-26,Kosovo,Europe,1795666,2236,183.107548953981,20179,25,19.4913753448581,688
2020-11-02,Kosovo,Europe,1795666,3976,345.94406754931,24155,67,51.2344723350556,755
2020-11-09,Kosovo,Europe,1795666,4962,497.754036663834,29117,67,74.6241227488854,822
2020-11-16,Kosovo,Europe,1795666,5178,564.692988562461,34295,92,88.5465337094983,914
2020-11-23,Kosovo,Europe,1795666,4762,553.555059793971,39057,91,101.912048231687,1005
2020-11-30,Kosovo,Europe,1795666,3748,473.918869099265,42805,101,106.924116177507,1106
2020-12-07,Kosovo,Europe,1795666,3775,418.953190626765,46580,92,107.481012615932,1198
2020-12-14,Kosovo,Europe,1795666,2589,354.408893413363,49169,64,86.8758443942248,1262
2020-12-21,Kosovo,Europe,1795666,1632,235.065986658989,50801,55,66.2706761725176,1317
2020-12-28,Kosovo,Europe,1795666,1164,155.708244183495,51965,27,45.6655079508105,1344
2021-01-04,Kosovo,Europe,1795666,1811,165.676690431294,53776,33,33.4137863054711,1377
2021-01-11,Kosovo,Europe,1795666,2075,216.409955971768,55851,33,36.7551649360182,1410
2021-01-18,Kosovo,Europe,1795666,2237,240.133744248652,58088,46,43.9948186355369,1456
2021-01-25,Kosovo,Europe,1795666,2130,243.196674659987,60218,42,49.0068865813576,1498
2021-02-01,Kosovo,Europe,1795666,2040,232.225814823024,62258,25,37.3120613744427,1523
2021-02-08,Kosovo,Europe,1795666,2083,229.608401562429,64341,21,25.6172361675278,1544
2021-02-15,Kosovo,Europe,1795666,2039,229.552711918586,66380,28,27.2879254828014,1572
2021-02-22,Kosovo,Europe,1795666,2850,272.266668745747,69230,27,30.6293041133485,1599
2019-12-30,Kuwait,Asia,4270563,0,NA,0,0,NA,0
2020-01-06,Kuwait,Asia,4270563,0,0,0,0,0,0
2020-01-13,Kuwait,Asia,4270563,0,0,0,0,0,0
2020-01-20,Kuwait,Asia,4270563,0,0,0,0,0,0
2020-01-27,Kuwait,Asia,4270563,0,0,0,0,0,0
2020-02-03,Kuwait,Asia,4270563,0,0,0,0,0,0
2020-02-10,Kuwait,Asia,4270563,0,0,0,0,0,0
2020-02-17,Kuwait,Asia,4270563,3,0.0702483489881779,3,0,0,0
2020-02-24,Kuwait,Asia,4270563,43,1.07714135115206,46,0,0,0
2020-03-02,Kuwait,Asia,4270563,18,1.42838309609295,64,0,0,0
2020-03-09,Kuwait,Asia,4270563,48,1.54546367773991,112,0,0,0
2020-03-16,Kuwait,Asia,4270563,76,2.90359842484469,188,0,0,0
2020-03-23,Kuwait,Asia,4270563,67,3.34850463510315,255,0,0,0
2020-03-30,Kuwait,Asia,4270563,301,8.61713080921649,556,1,0.234161163293926,1
2020-04-06,Kuwait,Asia,4270563,678,22.9243778864754,1234,0,0.234161163293926,1
2020-04-13,Kuwait,Asia,4270563,681,31.8225020916446,1915,6,1.40496697976356,7
2020-04-20,Kuwait,Asia,4270563,1160,43.1090701624118,3075,13,4.4490621025846,20
2020-04-27,Kuwait,Asia,4270563,1908,71.8406448985766,4983,18,7.25899606211172,38
2020-05-04,Kuwait,Asia,4270563,3705,131.434660956881,8688,20,8.8981242051692,58
2020-05-11,Kuwait,Asia,4270563,6162,231.046819822117,14850,54,17.3279260837506,112
2020-05-18,Kuwait,Asia,4270563,6452,295.370891378959,21302,44,22.9477940028048,156
2020-05-25,Kuwait,Asia,4270563,5741,285.512706404284,27043,56,23.4161163293926,212
2020-06-01,Kuwait,Asia,4270563,4805,246.946362809775,31848,52,25.2894056357441,264
2020-06-08,Kuwait,Asia,4270563,4072,207.864864656018,35920,32,19.6695377166898,296
2020-06-15,Kuwait,Asia,4270563,3730,182.692539601921,39650,30,14.5179921242234,326
2020-06-22,Kuwait,Asia,4270563,5292,211.26020152378,44942,22,12.1763804912842,348
2020-06-29,Kuwait,Asia,4270563,4999,240.97525314578,49941,20,9.83476885834491,368
2020-07-06,Kuwait,Asia,4270563,4953,233.037189710116,54894,22,9.83476885834491,390
2020-07-13,Kuwait,Asia,4270563,4310,216.903485559164,59204,18,9.36644653175705,408
2020-07-20,Kuwait,Asia,4270563,4569,207.911696888677,63773,25,10.0689300216388,433
2020-07-27,Kuwait,Asia,4270563,4138,203.884124880022,67911,24,11.4738970014024,457
2020-08-03,Kuwait,Asia,4270563,3802,185.923963655378,71713,21,10.5372523482267,478
2020-08-10,Kuwait,Asia,4270563,4492,194.213268835983,76205,23,10.3030911849328,501
2020-08-17,Kuwait,Asia,4270563,4323,206.413065443596,80528,14,8.66396304187528,515
2020-08-24,Kuwait,Asia,4270563,4108,197.421276773109,84636,15,6.7906737355238604,530
2020-08-31,Kuwait,Asia,4270563,4946,212.009517246321,89582,14,6.7906737355238604,544
2020-09-07,Kuwait,Asia,4270563,5182,237.158426184089,94764,16,7.02483489881779,560
2020-09-14,Kuwait,Asia,4270563,4670,230.695578077176,99434,24,9.36644653175705,584
2020-09-21,Kuwait,Asia,4270563,4110,205.593501372067,103544,17,9.60060769505098,601
2020-09-28,Kuwait,Asia,4270563,3481,177.75173905642,107025,23,9.36644653175705,624
2020-10-05,Kuwait,Asia,4270563,4091,177.306832846161,111116,34,13.3471863077538,658
2020-10-12,Kuwait,Asia,4270563,5030,213.57839704039,116146,43,18.0304095736323,701
2020-10-19,Kuwait,Asia,4270563,5489,246.314127668881,121635,45,20.6061823698655,746
2020-10-26,Kuwait,Asia,4270563,4899,243.246616429731,126534,36,18.967054226808,782
2020-11-02,Kuwait,Asia,4270563,5209,236.690103857501,131743,29,15.2204756141052,811
2020-11-09,Kuwait,Asia,4270563,5097,241.326494890721,136840,27,13.1130251444599,838
2020-11-16,Kuwait,Asia,4270563,3216,194.658175046241,140056,28,12.878863981166,866
2020-11-23,Kuwait,Asia,4270563,2370,130.802425815987,142426,12,9.36644653175705,878
2020-11-30,Kuwait,Asia,4270563,1943,100.99370972867,144369,13,5.85402908234816,891
2020-12-07,Kuwait,Asia,4270563,1849,88.7939131210569,146218,20,7.72731838869957,911
2020-12-14,Kuwait,Asia,4270563,1761,84.5321799491074,147979,10,7.02483489881779,921
2020-12-21,Kuwait,Asia,4270563,1674,80.4343595914637,149653,10,4.68322326587853,931
2020-12-28,Kuwait,Asia,4270563,1690,78.7718153320768,151343,6,3.74657861270282,937
2021-01-04,Kuwait,Asia,4270563,2971,109.142518211299,154314,6,2.80993395952712,943
2021-01-11,Kuwait,Asia,4270563,3463,150.659292463312,157777,4,2.34161163293926,947
2021-01-18,Kuwait,Asia,4270563,3508,163.233746932196,161285,5,2.10745046964534,952
2021-01-25,Kuwait,Asia,4270563,3972,175.152550143857,165257,7,2.80993395952712,959
2021-02-01,Kuwait,Asia,4270563,5741,227.440737907391,170998,7,3.27825628611497,966
2021-02-08,Kuwait,Asia,4270563,6703,291.390151602962,177701,37,10.3030911849328,1003
2021-02-15,Kuwait,Asia,4270563,6389,306.563794984408,184090,41,18.2645707369263,1044
2021-02-22,Kuwait,Asia,4270563,6762,307.945345847843,190852,39,18.7328930635141,1083
2020-03-16,Kyrgyzstan,Asia,6524191,14,NA,14,0,NA,0
2020-03-23,Kyrgyzstan,Asia,6524191,70,1.28751595408534,84,0,0,0
2020-03-30,Kyrgyzstan,Asia,6524191,132,3.09616931815761,216,4,0.613102835278734,4
2020-04-06,Kyrgyzstan,Asia,6524191,203,5.1347362454594,419,1,0.766378544098418,5
2020-04-13,Kyrgyzstan,Asia,6524191,149,5.39530495045286,568,2,0.459827126459051,7
2020-04-20,Kyrgyzstan,Asia,6524191,127,4.23040956342327,695,1,0.459827126459051,8
2020-04-27,Kyrgyzstan,Asia,6524191,135,4.01582357107571,830,2,0.459827126459051,10
2020-05-04,Kyrgyzstan,Asia,6524191,186,4.92015025311184,1016,2,0.613102835278734,12
2020-05-11,Kyrgyzstan,Asia,6524191,200,5.91644236043979,1216,2,0.613102835278734,14
2020-05-18,Kyrgyzstan,Asia,6524191,217,6.3915970577808,1433,2,0.613102835278734,16
2020-05-25,Kyrgyzstan,Asia,6524191,384,9.21187010006298,1817,0,0.306551417639367,16
2020-06-01,Kyrgyzstan,Asia,6524191,215,9.18121495829904,2032,7,1.07292996173779,23
2020-06-08,Kyrgyzstan,Asia,6524191,340,8.50680183949244,2372,4,1.68603279701652,27
2020-06-15,Kyrgyzstan,Asia,6524191,984,20.2937038477261,3356,13,2.60568704993462,40
2020-06-22,Kyrgyzstan,Asia,6524191,1661,40.5414249828063,5017,10,3.52534130285272,50
2020-06-29,Kyrgyzstan,Asia,6524191,2674,66.4450197733328,7691,42,7.97033685862354,92
2020-07-06,Kyrgyzstan,Asia,6524191,3426,93.498182380007,11117,55,14.8677437555093,147
2020-07-13,Kyrgyzstan,Asia,6524191,16026,298.151908796048,27143,890,144.845544834601,1037
2020-07-20,Kyrgyzstan,Asia,6524191,6153,339.950194591176,33296,264,176.880167977915,1301
2020-07-27,Kyrgyzstan,Asia,6524191,3833,153.061122827336,37129,119,58.7045964779388,1420
2020-08-03,Kyrgyzstan,Asia,6524191,3048,105.469015238824,40177,54,26.5166976258053,1474
2020-08-10,Kyrgyzstan,Asia,6524191,1814,74.5226496281301,41991,22,11.648953870296,1496
2020-08-17,Kyrgyzstan,Asia,6524191,1135,45.2010065309247,43126,-439,-63.915970577808,1057
2020-08-24,Kyrgyzstan,Asia,6524191,772,29.2296776719137,43898,1,-67.1347604630214,1058
2020-08-31,Kyrgyzstan,Asia,6524191,553,20.3090314186081,44451,2,0.459827126459051,1060
2020-09-07,Kyrgyzstan,Asia,6524191,477,15.7873980084274,44928,3,0.766378544098418,1063
2020-09-14,Kyrgyzstan,Asia,6524191,543,15.6341222996077,45471,0,0.459827126459051,1063
2020-09-21,Kyrgyzstan,Asia,6524191,884,21.8724436485688,46355,1,0.153275708819684,1064
2020-09-28,Kyrgyzstan,Asia,6524191,1280,33.1688633885795,47635,2,0.459827126459051,1066
2020-10-05,Kyrgyzstan,Asia,6524191,1595,44.066766285659,49230,19,3.21878988521335,1085
2020-10-12,Kyrgyzstan,Asia,6524191,3296,74.9671491837072,52526,26,6.89740689688576,1111
2020-10-19,Kyrgyzstan,Asia,6524191,3644,106.37334192086,56170,23,7.51050973216449,1134
2020-10-26,Kyrgyzstan,Asia,6524191,3709,112.703628695113,59879,21,6.74413118806608,1155
2020-11-02,Kyrgyzstan,Asia,6524191,3511,110.665061767812,63390,27,7.35723402334481,1182
2020-11-09,Kyrgyzstan,Asia,6524191,3593,108.887063545503,66983,21,7.35723402334481,1203
2020-11-16,Kyrgyzstan,Asia,6524191,2902,99.5525728783845,69885,34,8.4301639850826,1237
2020-11-23,Kyrgyzstan,Asia,6524191,2922,89.2677728165837,72807,34,10.4227481997385,1271
2020-11-30,Kyrgyzstan,Asia,6524191,2588,84.4549155596456,75395,26,9.19654252918101,1297
2020-12-07,Kyrgyzstan,Asia,6524191,2279,74.59928748254,77674,15,6.28430406160703,1312
2020-12-14,Kyrgyzstan,Asia,6524191,1580,59.1490960335159,79254,19,5.21137409986924,1331
2020-12-21,Kyrgyzstan,Asia,6524191,1281,43.8521802933115,80535,18,5.67120122632829,1349
2020-12-28,Kyrgyzstan,Asia,6524191,853,32.7090362621205,81388,11,4.44499555577082,1360
2021-01-04,Kyrgyzstan,Asia,6524191,992,28.2793682772316,82380,11,3.37206559403304,1371
2021-01-11,Kyrgyzstan,Asia,6524191,798,27.4363518787234,83178,16,4.13844413813146,1387
2021-01-18,Kyrgyzstan,Asia,6524191,793,24.3861652732117,83971,14,4.59827126459051,1401
2021-01-25,Kyrgyzstan,Asia,6524191,617,21.6118749435754,84588,11,3.83189272049209,1412
2021-02-01,Kyrgyzstan,Asia,6524191,525,17.5040859472079,85113,19,4.59827126459051,1431
2021-02-08,Kyrgyzstan,Asia,6524191,403,14.2239857784666,85516,11,4.59827126459051,1442
2021-02-15,Kyrgyzstan,Asia,6524191,413,12.5072978396862,85929,16,4.13844413813146,1458
2021-02-22,Kyrgyzstan,Asia,6524191,322,11.2657645982467,86251,8,3.67861701167241,1466
2020-03-23,Laos,Asia,7275556,6,NA,6,0,NA,0
2020-03-30,Laos,Asia,7275556,5,0.151191194185022,11,0,0,0
2020-04-06,Laos,Asia,7275556,8,0.178680502218662,19,0,0,0
2020-04-13,Laos,Asia,7275556,0,0.109957232134561,19,0,0,0
2020-04-20,Laos,Asia,7275556,0,0,19,0,0,0
2020-04-27,Laos,Asia,7275556,0,0,19,0,0,0
2020-05-04,Laos,Asia,7275556,0,0,19,0,0,0
2020-05-11,Laos,Asia,7275556,0,0,19,0,0,0
2020-05-18,Laos,Asia,7275556,0,0,19,0,0,0
2020-05-25,Laos,Asia,7275556,0,0,19,0,0,0
2020-06-01,Laos,Asia,7275556,0,0,19,0,0,0
2020-06-08,Laos,Asia,7275556,0,0,19,0,0,0
2020-06-15,Laos,Asia,7275556,0,0,19,0,0,0
2020-06-22,Laos,Asia,7275556,0,0,19,0,0,0
2020-06-29,Laos,Asia,7275556,0,0,19,0,0,0
2020-07-06,Laos,Asia,7275556,0,0,19,0,0,0
2020-07-13,Laos,Asia,7275556,0,0,19,0,0,0
2020-07-20,Laos,Asia,7275556,1,0.0137446540168202,20,0,0,0
2020-07-27,Laos,Asia,7275556,0,0.0137446540168202,20,0,0,0
2020-08-03,Laos,Asia,7275556,0,0,20,0,0,0
2020-08-10,Laos,Asia,7275556,0,0,20,0,0,0
2020-08-17,Laos,Asia,7275556,2,0.0274893080336403,22,0,0,0
2020-08-24,Laos,Asia,7275556,0,0.0274893080336403,22,0,0,0
2020-08-31,Laos,Asia,7275556,0,0,22,0,0,0
2020-09-07,Laos,Asia,7275556,1,0.0137446540168202,23,0,0,0
2020-09-14,Laos,Asia,7275556,0,0.0137446540168202,23,0,0,0
2020-09-21,Laos,Asia,7275556,0,0,23,0,0,0
2020-09-28,Laos,Asia,7275556,0,0,23,0,0,0
2020-10-05,Laos,Asia,7275556,0,0,23,0,0,0
2020-10-12,Laos,Asia,7275556,0,0,23,0,0,0
2020-10-19,Laos,Asia,7275556,1,0.0137446540168202,24,0,0,0
2020-10-26,Laos,Asia,7275556,0,0.0137446540168202,24,0,0,0
2020-11-02,Laos,Asia,7275556,0,0,24,0,0,0
2020-11-09,Laos,Asia,7275556,0,0,24,0,0,0
2020-11-16,Laos,Asia,7275556,0,0,24,0,0,0
2020-11-23,Laos,Asia,7275556,15,0.206169810252302,39,0,0,0
2020-11-30,Laos,Asia,7275556,2,0.233659118285943,41,0,0,0
2020-12-07,Laos,Asia,7275556,0,0.0274893080336403,41,0,0,0
2020-12-14,Laos,Asia,7275556,0,0,41,0,0,0
2020-12-21,Laos,Asia,7275556,0,0,41,0,0,0
2020-12-28,Laos,Asia,7275556,0,0,41,0,0,0
2021-01-04,Laos,Asia,7275556,0,0,41,0,0,0
2021-01-11,Laos,Asia,7275556,0,0,41,0,0,0
2021-01-18,Laos,Asia,7275556,3,0.0412339620504605,44,0,0,0
2021-01-25,Laos,Asia,7275556,0,0.0412339620504605,44,0,0,0
2021-02-01,Laos,Asia,7275556,1,0.0137446540168202,45,0,0,0
2021-02-08,Laos,Asia,7275556,0,0.0137446540168202,45,0,0,0
2021-02-15,Laos,Asia,7275556,0,0,45,0,0,0
2021-02-22,Laos,Asia,7275556,0,0,45,0,0,0
2020-03-02,Latvia,Europe,1907675,3,NA,3,0,NA,0
2020-03-09,Latvia,Europe,1907675,28,1.62501474307731,31,0,0,0
2020-03-16,Latvia,Europe,1907675,108,7.12909693737141,139,0,0,0
2020-03-23,Latvia,Europe,1907675,237,18.0848414955378,376,0,0,0
2020-03-30,Latvia,Europe,1907675,157,20.6534131862083,533,1,0.524198304218486,1
2020-04-06,Latvia,Europe,1907675,118,14.4154533660084,651,4,2.62099152109243,5
2020-04-13,Latvia,Europe,1907675,76,10.1694471018386,727,0,2.09679321687394,5
2020-04-20,Latvia,Europe,1907675,85,8.43959269791762,812,7,3.6693881295294,12
2020-04-27,Latvia,Europe,1907675,67,7.96781422412099,879,4,5.76618134640335,16
2020-05-04,Latvia,Europe,1907675,60,6.65731846357477,939,2,3.14518982531092,18
2020-05-11,Latvia,Europe,1907675,69,6.76215812441847,1008,1,1.57259491265546,19
2020-05-18,Latvia,Europe,1907675,39,5.66134168555965,1047,3,2.09679321687394,22
2020-05-25,Latvia,Europe,1907675,19,3.04035016446722,1066,2,2.62099152109243,24
2020-06-01,Latvia,Europe,1907675,22,2.14921304729579,1088,1,1.57259491265546,25
2020-06-08,Latvia,Europe,1907675,9,1.62501474307731,1097,3,2.09679321687394,28
2020-06-15,Latvia,Europe,1907675,14,1.20565609970252,1111,2,2.62099152109243,30
2020-06-22,Latvia,Europe,1907675,5,0.995976778015123,1116,0,1.04839660843697,30
2020-06-29,Latvia,Europe,1907675,8,0.681457795484032,1124,0,0,30
2020-07-06,Latvia,Europe,1907675,49,2.98793033404537,1173,0,0,30
2020-07-13,Latvia,Europe,1907675,19,3.5645484686857,1192,1,0.524198304218486,31
2020-07-20,Latvia,Europe,1907675,27,2.41131219940503,1219,0,0.524198304218486,31
2020-07-27,Latvia,Europe,1907675,24,2.67341135151428,1243,1,0.524198304218486,32
2020-08-03,Latvia,Europe,1907675,47,3.72180795995125,1290,0,0.524198304218486,32
2020-08-10,Latvia,Europe,1907675,32,4.14116660332604,1322,0,0,32
2020-08-17,Latvia,Europe,1907675,15,2.46373202982688,1337,1,0.524198304218486,33
2020-08-24,Latvia,Europe,1907675,56,3.72180795995125,1393,1,1.04839660843697,34
2020-08-31,Latvia,Europe,1907675,35,4.77020456838822,1428,1,1.04839660843697,35
2020-09-07,Latvia,Europe,1907675,46,4.24600626416974,1474,0,0.524198304218486,35
2020-09-14,Latvia,Europe,1907675,51,5.08472355091931,1525,1,0.524198304218486,36
2020-09-21,Latvia,Europe,1907675,151,10.5888057452134,1676,0,0.524198304218486,36
2020-09-28,Latvia,Europe,1907675,410,29.4075248666571,2086,2,1.04839660843697,38
2020-10-05,Latvia,Europe,1907675,584,52.1053114393175,2670,2,2.09679321687394,40
2020-10-12,Latvia,Europe,1907675,780,71.5006486954015,3450,2,2.09679321687394,42
2020-10-19,Latvia,Europe,1907675,1228,105.259019487072,4678,14,8.38717286749578,56
2020-10-26,Latvia,Europe,1907675,1458,140.799664513085,6136,18,16.7743457349916,74
2020-11-02,Latvia,Europe,1907675,1959,179.118560551457,8095,25,22.5405270813949,99
2020-11-09,Latvia,Europe,1907675,2452,231.223871990774,10547,24,25.6857169067058,123
2020-11-16,Latvia,Europe,1907675,2573,263.409647869789,13120,30,28.3067084277982,153
2020-11-23,Latvia,Europe,1907675,3855,336.954669951643,16975,44,38.790674512168,197
2020-11-30,Latvia,Europe,1907675,4338,429.475670646206,21313,65,57.137615159815,262
2020-12-07,Latvia,Europe,1907675,4362,456.052524670083,25675,87,79.6781422412099,349
2020-12-14,Latvia,Europe,1907675,5265,504.645707471136,30940,90,92.783099846672,439
2020-12-21,Latvia,Europe,1907675,5390,558.533293144797,36330,120,110.081643885882,559
2020-12-28,Latvia,Europe,1907675,6167,605.815980185304,42497,121,126.331791316655,680
2021-01-04,Latvia,Europe,1907675,7071,693.933715124432,49568,169,152.017508223361,849
2021-01-11,Latvia,Europe,1907675,6096,690.21190716448,55664,129,156.211094657109,978
2021-01-18,Latvia,Europe,1907675,5344,599.682860025948,61008,133,137.339955705243,1111
2021-01-25,Latvia,Europe,1907675,5233,554.444546371892,66241,84,113.751032015411,1195
2021-02-01,Latvia,Europe,1907675,5559,565.71480991259,71800,144,119.517213361815,1339
2021-02-08,Latvia,Europe,1907675,4906,548.573525364645,76706,112,134.194765879932,1451
2021-02-15,Latvia,Europe,1907675,4813,509.468331869946,81519,91,106.412255756353,1542
2021-02-22,Latvia,Europe,1907675,4667,496.939992399125,86186,76,87.5411168044871,1618
2019-12-30,Lebanon,Asia,6825442,0,NA,0,0,NA,0
2020-01-06,Lebanon,Asia,6825442,0,0,0,0,0,0
2020-01-13,Lebanon,Asia,6825442,0,0,0,0,0,0
2020-01-20,Lebanon,Asia,6825442,0,0,0,0,0,0
2020-01-27,Lebanon,Asia,6825442,0,0,0,0,0,0
2020-02-03,Lebanon,Asia,6825442,0,0,0,0,0,0
2020-02-10,Lebanon,Asia,6825442,0,0,0,0,0,0
2020-02-17,Lebanon,Asia,6825442,1,0.0146510658210853,1,0,0,0
2020-02-24,Lebanon,Asia,6825442,9,0.146510658210853,10,0,0,0
2020-03-02,Lebanon,Asia,6825442,22,0.454183040453644,32,0,0,0
2020-03-09,Lebanon,Asia,6825442,67,1.30394485807659,99,3,0.439531974632559,3
2020-03-16,Lebanon,Asia,6825442,149,3.16463021735442,248,1,0.586042632843412,4
2020-03-23,Lebanon,Asia,6825442,190,4.96671131334791,438,6,1.02557460747597,10
2020-03-30,Lebanon,Asia,6825442,89,4.08764736408279,527,8,2.05114921495194,18
2020-04-06,Lebanon,Asia,6825442,103,2.81300463764837,630,2,1.46510658210853,20
2020-04-13,Lebanon,Asia,6825442,43,2.13905560987845,673,1,0.439531974632559,21
2020-04-20,Lebanon,Asia,6825442,34,1.12813206822357,707,3,0.586042632843412,24
2020-04-27,Lebanon,Asia,6825442,30,0.937668212549458,737,1,0.586042632843412,25
2020-05-04,Lebanon,Asia,6825442,108,2.02184708330977,845,1,0.293021316421706,26
2020-05-11,Lebanon,Asia,6825442,66,2.54928545286884,911,0,0.146510658210853,26
2020-05-18,Lebanon,Asia,6825442,203,3.94113670587194,1114,0,0,26
2020-05-25,Lebanon,Asia,6825442,106,4.52717933871535,1220,1,0.146510658210853,27
2020-06-01,Lebanon,Asia,6825442,111,3.17928128317551,1331,3,0.586042632843412,30
2020-06-08,Lebanon,Asia,6825442,115,3.31114087556528,1446,2,0.732553291054264,32
2020-06-15,Lebanon,Asia,6825442,141,3.75067285019783,1587,0,0.293021316421706,32
2020-06-22,Lebanon,Asia,6825442,153,4.30741335139907,1740,2,0.293021316421706,34
2020-06-29,Lebanon,Asia,6825442,133,4.19020482483039,1873,2,0.586042632843412,36
2020-07-06,Lebanon,Asia,6825442,461,8.70273309772466,2334,0,0.293021316421706,36
2020-07-13,Lebanon,Asia,6825442,525,14.4459508995901,2859,4,0.586042632843412,40
2020-07-20,Lebanon,Asia,6825442,891,20.7459092026568,3750,11,2.19765987316279,51
2020-07-27,Lebanon,Asia,6825442,1135,29.6830593535188,4885,11,3.22323448063876,62
2020-08-03,Lebanon,Asia,6825442,1632,40.539499126943,6517,14,3.66276645527132,76
2020-08-10,Lebanon,Asia,6825442,2364,58.5456590210568,8881,27,6.00693698664497,103
2020-08-17,Lebanon,Asia,6825442,3310,83.1301474688379,12191,18,6.59297961948838,121
2020-08-24,Lebanon,Asia,6825442,4679,117.04736484465,16870,39,8.35110751801861,160
2020-08-31,Lebanon,Asia,6825442,3556,120.651527036637,20426,31,10.2557460747597,191
2020-09-07,Lebanon,Asia,6825442,3884,109.003929708875,24310,50,11.8673633150791,241
2020-09-14,Lebanon,Asia,6825442,4993,130.057511293774,29303,56,15.5301297703504,297
2020-09-21,Lebanon,Asia,6825442,6951,174.992330167043,36254,50,15.5301297703504,347
2020-09-28,Lebanon,Asia,6825442,8228,222.388528098254,44482,59,15.969661744983,406
2020-10-05,Lebanon,Asia,6825442,8076,238.870977146975,52558,49,15.8231510867721,455
2020-10-12,Lebanon,Asia,6825442,9728,260.847575878602,62286,65,16.7022150360372,520
2020-10-19,Lebanon,Asia,6825442,9104,275.908871542678,71390,45,16.1161724031938,565
2020-10-26,Lebanon,Asia,6825442,11227,297.870819208485,82617,78,18.0208109599349,643
2020-11-02,Lebanon,Asia,6825442,11619,334.718249748514,94236,80,23.1486839973147,723
2020-11-09,Lebanon,Asia,6825442,11194,334.234764576419,105430,94,25.4928545286884,817
2020-11-16,Lebanon,Asia,6825442,11046,325.839703860937,116476,83,25.932386503321,900
2020-11-23,Lebanon,Asia,6825442,10468,315.203030074829,126944,104,27.3974930854295,1004
2020-11-30,Lebanon,Asia,6825442,10209,302.940087982581,137153,95,29.1556209839597,1099
2020-12-07,Lebanon,Asia,6825442,9367,286.809264513566,146520,101,28.7160890093272,1200
2020-12-14,Lebanon,Asia,6825442,11584,306.954480017558,158104,81,26.6649397943752,1281
2020-12-21,Lebanon,Asia,6825442,13122,361.969232175733,171226,113,28.4230676929055,1394
2020-12-28,Lebanon,Asia,6825442,18052,456.732325906513,189278,105,31.9393234899659,1499
2021-01-04,Lebanon,Asia,6825442,30018,704.27673401957,219296,107,31.0602595407008,1606
2021-01-11,Lebanon,Asia,6825442,33516,930.840815876833,252812,259,53.6229009051722,1865
2021-01-18,Lebanon,Asia,6825442,26785,883.473920077264,279597,455,104.608609962549,2320
2021-01-25,Lebanon,Asia,6825442,21455,706.767415209154,301052,762,178.303471042608,3082
2021-02-01,Lebanon,Asia,6825442,18865,590.730973906159,319917,534,189.877813041265,3616
2021-02-08,Lebanon,Asia,6825442,19205,557.766075808717,339122,377,133.471209630087,3993
2021-02-15,Lebanon,Asia,6825442,15951,515.072870006074,355073,347,106.073716544658,4340
2021-02-22,Lebanon,Asia,6825442,19977,526.383492819952,375050,352,102.410950089386,4692
2020-05-11,Lesotho,Africa,2142252,1,NA,1,0,NA,0
2020-05-18,Lesotho,Africa,2142252,1,0.0933596981120802,2,0,0,0
2020-05-25,Lesotho,Africa,2142252,0,0.0466798490560401,2,0,0,0
2020-06-01,Lesotho,Africa,2142252,2,0.0933596981120802,4,0,0,0
2020-06-08,Lesotho,Africa,2142252,0,0.0933596981120802,4,0,0,0
2020-06-15,Lesotho,Africa,2142252,0,0,4,0,0,0
2020-06-22,Lesotho,Africa,2142252,23,1.07363652828892,27,0,0,0
2020-06-29,Lesotho,Africa,2142252,52,3.50098867920301,79,0,0,0
2020-07-06,Lesotho,Africa,2142252,154,9.61604890554426,233,2,0.933596981120802,2
2020-07-13,Lesotho,Africa,2142252,126,13.0703577356912,359,4,2.80079094336241,6
2020-07-20,Lesotho,Africa,2142252,87,9.94280784893654,446,5,4.20118641504361,11
2020-07-27,Lesotho,Africa,2142252,272,16.7580658111184,718,8,6.06838037728521,19
2020-08-03,Lesotho,Africa,2142252,24,13.8172353205879,742,4,5.60158188672481,23
2020-08-10,Lesotho,Africa,2142252,204,10.6430055847771,946,7,5.13478339616441,30
2020-08-17,Lesotho,Africa,2142252,69,12.743598792299,1015,0,3.26758943392281,30
2020-08-24,Lesotho,Africa,2142252,51,5.60158188672481,1066,1,0.466798490560401,31
2020-08-31,Lesotho,Africa,2142252,82,6.20841992445333,1148,0,0.466798490560401,31
2020-09-07,Lesotho,Africa,2142252,97,8.35569298103118,1245,2,0.933596981120802,33
2020-09-14,Lesotho,Africa,2142252,179,12.8836383394671,1424,0,0.933596981120802,33
2020-09-21,Lesotho,Africa,2142252,134,14.6107927545406,1558,2,0.933596981120802,35
2020-09-28,Lesotho,Africa,2142252,122,11.9500413583463,1680,4,2.80079094336241,39
2020-10-05,Lesotho,Africa,2142252,125,11.5299227168419,1805,3,3.26758943392281,42
2020-10-12,Lesotho,Africa,2142252,28,7.14201690557413,1833,0,1.4003954716812,42
2020-10-19,Lesotho,Africa,2142252,107,6.30177962256541,1940,1,0.466798490560401,43
2020-10-26,Lesotho,Africa,2142252,7,5.32150279238857,1947,0,0.466798490560401,43
2020-11-02,Lesotho,Africa,2142252,20,1.26035592451308,1967,1,0.466798490560401,44
2020-11-09,Lesotho,Africa,2142252,74,4.38790581126777,2041,0,0.466798490560401,44
2020-11-16,Lesotho,Africa,2142252,44,5.50822218861273,2085,0,0,44
2020-11-23,Lesotho,Africa,2142252,24,3.17422973581073,2109,0,0,44
2020-11-30,Lesotho,Africa,2142252,41,3.03419018864261,2150,0,0,44
2020-12-07,Lesotho,Africa,2142252,135,8.21565343386306,2285,0,0,44
2020-12-14,Lesotho,Africa,2142252,261,18.4852202261919,2546,4,1.8671939622416,48
2020-12-21,Lesotho,Africa,2142252,410,31.3221787166029,2956,3,3.26758943392281,51
2020-12-28,Lesotho,Africa,2142252,250,30.8087003769865,3206,14,7.93557433952682,65
2021-01-04,Lesotho,Africa,2142252,2731,139.152630036056,5937,20,15.8711486790536,85
2021-01-11,Lesotho,Africa,2142252,434,147.741722262367,6371,8,13.0703577356912,93
2021-01-18,Lesotho,Africa,2142252,1285,80.2426605273329,7656,30,17.7383426412952,123
2021-01-25,Lesotho,Africa,2142252,622,89.0184721498685,8278,37,31.2754988675469,160
2021-02-01,Lesotho,Africa,2142252,1102,80.4760597726131,9380,23,28.0079094336241,183
2021-02-08,Lesotho,Africa,2142252,874,92.2393817347352,10254,60,38.7442747165133,243
2021-02-15,Lesotho,Africa,2142252,207,50.4609168295793,10461,42,47.6134460371609,285
2021-02-22,Lesotho,Africa,2142252,30,11.0631242262815,10491,7,22.8731260374597,292
2020-03-16,Liberia,Africa,5057677,3,NA,3,0,NA,0
2020-03-23,Liberia,Africa,5057677,0,0.0593157688796655,3,0,0,0
2020-03-30,Liberia,Africa,5057677,10,0.197719229598885,13,3,0.593157688796655,3
2020-04-06,Liberia,Africa,5057677,37,0.92928037911476,50,2,0.988596147994425,5
2020-04-13,Liberia,Africa,5057677,41,1.5422099908713,91,3,0.988596147994425,8
2020-04-20,Liberia,Africa,5057677,33,1.46312229903175,124,4,1.3840346071922,12
2020-04-27,Liberia,Africa,5057677,34,1.32471883831253,158,6,1.97719229598885,18
2020-05-04,Liberia,Africa,5057677,41,1.48289422199164,199,2,1.58175383679108,20
2020-05-11,Liberia,Africa,5057677,27,1.34449076127242,226,1,0.593157688796655,21
2020-05-18,Liberia,Africa,5057677,39,1.30494691535264,265,5,1.18631537759331,26
2020-05-25,Liberia,Africa,5057677,23,1.22585922351309,288,1,1.18631537759331,27
2020-06-01,Liberia,Africa,5057677,71,1.85856075822952,359,3,0.79087691839554,30
2020-06-08,Liberia,Africa,5057677,99,3.36122690318105,458,2,0.988596147994425,32
2020-06-15,Liberia,Africa,5057677,168,5.27910343029023,626,2,0.79087691839554,34
2020-06-22,Liberia,Africa,5057677,142,6.12929611756544,768,0,0.39543845919777,34
2020-06-29,Liberia,Africa,5057677,106,4.90343689405235,874,3,0.593157688796655,37
2020-07-06,Liberia,Africa,5057677,136,4.78480535629302,1010,14,3.36122690318105,51
2020-07-13,Liberia,Africa,5057677,81,4.29050728229581,1091,19,6.52473457676321,70
2020-07-20,Liberia,Africa,5057677,71,3.00533228990305,1162,2,4.15210382157659,72
2020-07-27,Liberia,Africa,5057677,45,2.29354306334707,1207,5,1.3840346071922,77
2020-08-03,Liberia,Africa,5057677,30,1.48289422199164,1237,2,1.3840346071922,79
2020-08-10,Liberia,Africa,5057677,20,0.988596147994425,1257,3,0.988596147994425,82
2020-08-17,Liberia,Africa,5057677,29,0.968824225034537,1286,0,0.593157688796655,82
2020-08-24,Liberia,Africa,5057677,18,0.92928037911476,1304,0,0,82
2020-08-31,Liberia,Africa,5057677,3,0.415210382157659,1307,0,0,82
2020-09-07,Liberia,Africa,5057677,12,0.296578844398328,1319,0,0,82
2020-09-14,Liberia,Africa,5057677,16,0.553613842876878,1335,0,0,82
2020-09-21,Liberia,Africa,5057677,4,0.39543845919777,1339,0,0,82
2020-09-28,Liberia,Africa,5057677,9,0.257034998478551,1348,0,0,82
2020-10-05,Liberia,Africa,5057677,15,0.474526151037324,1363,0,0,82
2020-10-12,Liberia,Africa,5057677,14,0.573385765836767,1377,0,0,82
2020-10-19,Liberia,Africa,5057677,16,0.593157688796655,1393,0,0,82
2020-10-26,Liberia,Africa,5057677,33,0.968824225034537,1426,0,0,82
2020-11-02,Liberia,Africa,5057677,16,0.968824225034537,1442,0,0,82
2020-11-09,Liberia,Africa,5057677,65,1.60152575975097,1507,0,0,82
2020-11-16,Liberia,Africa,5057677,44,2.15513960262785,1551,0,0,82
2020-11-23,Liberia,Africa,5057677,44,1.73992922047019,1595,1,0.197719229598885,83
2020-11-30,Liberia,Africa,5057677,81,2.47149036998606,1676,0,0.197719229598885,83
2020-12-07,Liberia,Africa,5057677,95,3.47985844094038,1771,0,0,83
2020-12-14,Liberia,Africa,5057677,17,2.21445537150751,1788,0,0,83
2020-12-21,Liberia,Africa,5057677,12,0.573385765836767,1800,0,0,83
2020-12-28,Liberia,Africa,5057677,0,0.237263075518662,1800,0,0,83
2021-01-04,Liberia,Africa,5057677,0,0,1800,0,0,83
2021-01-11,Liberia,Africa,5057677,87,1.7201572975103,1887,1,0.197719229598885,84
2021-01-18,Liberia,Africa,5057677,27,2.25399921742729,1914,0,0.197719229598885,84
2021-01-25,Liberia,Africa,5057677,25,1.0281399939142,1939,0,0,84
2021-02-01,Liberia,Africa,5057677,17,0.830420764315317,1956,0,0,84
2021-02-08,Liberia,Africa,5057677,13,0.593157688796655,1969,0,0,84
2021-02-15,Liberia,Africa,5057677,19,0.632701534716432,1988,1,0.197719229598885,85
2021-02-22,Liberia,Africa,5057677,22,0.810648841355429,2010,0,0.197719229598885,85
2020-03-23,Libya,Africa,6871287,8,NA,8,0,NA,0
2020-03-30,Libya,Africa,6871287,10,0.2619596590857,18,1,0.1455331439365,1
2020-04-06,Libya,Africa,6871287,7,0.24740634469205,25,0,0.1455331439365,1
2020-04-13,Libya,Africa,6871287,24,0.451152746203149,49,0,0,1
2020-04-20,Libya,Africa,6871287,12,0.523919318171399,61,1,0.1455331439365,2
2020-04-27,Libya,Africa,6871287,2,0.2037464015111,63,1,0.291066287873,3
2020-05-04,Libya,Africa,6871287,1,0.0436599431809499,64,0,0.1455331439365,3
2020-05-11,Libya,Africa,6871287,1,0.0291066287873,65,0,0,3
2020-05-18,Libya,Africa,6871287,10,0.16008645833015,75,0,0,3
2020-05-25,Libya,Africa,6871287,81,1.32435160982215,156,2,0.291066287873,5
2020-06-01,Libya,Africa,6871287,100,2.63414990525065,256,0,0.291066287873,5
2020-06-08,Libya,Africa,6871287,162,3.8129683711363,418,3,0.436599431809499,8
2020-06-15,Libya,Africa,6871287,126,4.1913545453712,544,2,0.727665719682499,10
2020-06-22,Libya,Africa,6871287,218,5.00634015141559,762,11,1.8919308711745,21
2020-06-29,Libya,Africa,6871287,227,6.47622490517424,989,6,2.4740634469205,27
2020-07-06,Libya,Africa,6871287,444,9.76527395813914,1433,12,2.619596590857,39
2020-07-13,Libya,Africa,6871287,433,12.763256723231,1866,9,3.0561960226665,48
2020-07-20,Libya,Africa,6871287,681,16.2123922345261,2547,10,2.7651297347935,58
2020-07-27,Libya,Africa,6871287,1144,26.5597987684112,3691,22,4.65706060596799,80
2020-08-03,Libya,Africa,6871287,1541,39.0756491469502,5232,33,8.00432291650749,113
2020-08-10,Libya,Africa,6871287,2506,58.8972633511015,7738,32,9.45965435587249,145
2020-08-17,Libya,Africa,6871287,2699,75.7500014189482,10437,43,10.9149857952375,188
2020-08-24,Libya,Africa,6871287,2986,82.7355923279002,13423,44,12.6613835224755,232
2020-08-31,Libya,Africa,6871287,4326,106.413834846369,17749,53,14.1167149618405,285
2020-09-07,Libya,Africa,6871287,5032,136.189916095777,22781,77,18.919308711745,362
2020-09-14,Libya,Africa,6871287,5168,148.44380681523,27949,76,22.2665710222845,438
2020-09-21,Libya,Africa,6871287,4415,139.464411834348,32364,82,22.994236741967,520
2020-09-28,Libya,Africa,6871287,4445,128.942365527739,36809,72,22.412104166221,592
2020-10-05,Libya,Africa,6871287,5903,150.59769734549,42712,39,16.1541789769515,631
2020-10-12,Libya,Africa,6871287,6078,174.36325975032,48790,94,19.3559081435545,725
2020-10-19,Libya,Africa,6871287,7223,193.573634749938,56013,70,23.867435605586,795
2020-10-26,Libya,Africa,6871287,6032,192.904182287831,62045,76,21.247839014729,871
2020-11-02,Libya,Africa,6871287,6072,176.153317420739,68117,58,19.501441287491,929
2020-11-09,Libya,Africa,6871287,5485,168.192654447413,73602,88,21.247839014729,1017
2020-11-16,Libya,Africa,6871287,4221,141.254469504767,77823,72,23.28530302984,1089
2020-11-23,Libya,Africa,6871287,4607,128.476659467142,82430,77,21.6844384465385,1166
2020-11-30,Libya,Africa,6871287,4150,127.443374145193,86580,65,20.665706438983,1231
2020-12-07,Libya,Africa,6871287,4199,121.505621872584,90779,68,19.3559081435545,1299
2020-12-14,Libya,Africa,6871287,4421,125.449570073263,95200,70,20.083573863237,1369
2020-12-21,Libya,Africa,6871287,3181,110.634296020527,98381,67,19.9380407193005,1436
2020-12-28,Libya,Africa,6871287,3594,98.5987050169786,101975,90,22.8487035980305,1526
2021-01-04,Libya,Africa,6871287,3403,101.829540812369,105378,63,22.2665710222845,1589
2021-01-11,Libya,Africa,6871287,4491,114.883863823473,109869,109,25.031700757078,1698
2021-01-18,Libya,Africa,6871287,5430,144.383432099402,115299,91,29.1066287873,1789
2021-01-25,Libya,Africa,6871287,4103,138.736746114665,119402,94,26.9236316282525,1883
2021-02-01,Libya,Africa,6871287,4624,127.006774713383,124026,70,23.867435605586,1953
2021-02-08,Libya,Africa,6871287,3328,115.727956058305,127354,65,19.6469744314275,2018
2021-02-15,Libya,Africa,6871287,2858,90.0268028391188,130212,98,23.7219024616495,2116
2021-02-22,Libya,Africa,6871287,3915,98.5695983881913,134127,94,27.942363635808,2210
2020-03-09,Liechtenstein,Europe,38747,7,NA,7,0,NA,0
2020-03-16,Liechtenstein,Europe,38747,39,118.718868557566,46,0,0,0
2020-03-23,Liechtenstein,Europe,38747,16,141.94647327535,62,0,0,0
2020-03-30,Liechtenstein,Europe,38747,16,82.5870389965675,78,1,25.8084496864273,1
2020-04-06,Liechtenstein,Europe,38747,2,46.4552094355692,80,0,25.8084496864273,1
2020-04-13,Liechtenstein,Europe,38747,2,10.3233798745709,82,0,0,1
2020-04-20,Liechtenstein,Europe,38747,1,7.7425349059282,83,0,0,1
2020-04-27,Liechtenstein,Europe,38747,0,2.58084496864273,83,0,0,1
2020-05-04,Liechtenstein,Europe,38747,0,0,83,0,0,1
2020-05-11,Liechtenstein,Europe,38747,0,0,83,0,0,1
2020-05-18,Liechtenstein,Europe,38747,0,0,83,0,0,1
2020-05-25,Liechtenstein,Europe,38747,0,0,83,0,0,1
2020-06-01,Liechtenstein,Europe,38747,0,0,83,0,0,1
2020-06-08,Liechtenstein,Europe,38747,0,0,83,0,0,1
2020-06-15,Liechtenstein,Europe,38747,0,0,83,0,0,1
2020-06-22,Liechtenstein,Europe,38747,0,0,83,0,0,1
2020-06-29,Liechtenstein,Europe,38747,1,2.58084496864273,84,0,0,1
2020-07-06,Liechtenstein,Europe,38747,1,5.16168993728547,85,0,0,1
2020-07-13,Liechtenstein,Europe,38747,2,7.7425349059282,87,0,0,1
2020-07-20,Liechtenstein,Europe,38747,0,5.16168993728547,87,0,0,1
2020-07-27,Liechtenstein,Europe,38747,2,5.16168993728547,89,0,0,1
2020-08-03,Liechtenstein,Europe,38747,0,5.16168993728547,89,0,0,1
2020-08-10,Liechtenstein,Europe,38747,4,10.3233798745709,93,0,0,1
2020-08-17,Liechtenstein,Europe,38747,8,30.9701396237128,101,0,0,1
2020-08-24,Liechtenstein,Europe,38747,7,38.712674529641,108,0,0,1
2020-08-31,Liechtenstein,Europe,38747,0,18.0659147804991,108,0,0,1
2020-09-07,Liechtenstein,Europe,38747,3,7.7425349059282,111,0,0,1
2020-09-14,Liechtenstein,Europe,38747,1,10.3233798745709,112,0,0,1
2020-09-21,Liechtenstein,Europe,38747,5,15.4850698118564,117,0,0,1
2020-09-28,Liechtenstein,Europe,38747,9,36.1318295609983,126,0,0,1
2020-10-05,Liechtenstein,Europe,38747,12,54.1977443414974,138,0,0,1
2020-10-12,Liechtenstein,Europe,38747,86,252.922806926988,224,0,0,1
2020-10-19,Liechtenstein,Europe,38747,141,585.851807881901,365,0,0,1
2020-10-26,Liechtenstein,Europe,38747,186,843.936304746174,551,2,51.6168993728547,3
2020-11-02,Liechtenstein,Europe,38747,237,1091.69742173588,788,0,51.6168993728547,3
2020-11-09,Liechtenstein,Europe,38747,197,1120.08671639095,985,1,25.8084496864273,4
2020-11-16,Liechtenstein,Europe,38747,127,836.193769840246,1112,4,129.042248432137,8
2020-11-23,Liechtenstein,Europe,38747,161,743.283350969107,1273,7,283.892946550701,15
2020-11-30,Liechtenstein,Europe,38747,123,732.959971094536,1396,1,206.467597491419,16
2020-12-07,Liechtenstein,Europe,38747,118,621.983637442899,1514,2,77.425349059282,18
2020-12-14,Liechtenstein,Europe,38747,315,1117.5058714223,1829,6,206.467597491419,24
2020-12-21,Liechtenstein,Europe,38747,263,1491.7283918755,2092,3,232.276047177846,27
2020-12-28,Liechtenstein,Europe,38747,130,1014.27207267659,2222,8,283.892946550701,35
2021-01-04,Liechtenstein,Europe,38747,124,655.534622035254,2346,14,567.785893101401,49
2021-01-11,Liechtenstein,Europe,38747,49,446.486179575193,2395,1,387.12674529641,50
2021-01-18,Liechtenstein,Europe,38747,59,278.731256613415,2454,2,77.425349059282,52
2021-01-25,Liechtenstein,Europe,38747,43,263.246186801559,2497,0,51.6168993728547,52
2021-02-01,Liechtenstein,Europe,38747,29,185.820837742277,2526,0,0,52
2021-02-08,Liechtenstein,Europe,38747,14,110.976333651638,2540,1,25.8084496864273,53
2021-02-15,Liechtenstein,Europe,38747,10,61.9402792474256,2550,1,51.6168993728547,54
2021-02-22,Liechtenstein,Europe,38747,25,90.3295739024957,2575,0,25.8084496864273,54
2019-12-30,Lithuania,Europe,2794090,0,NA,0,0,NA,0
2020-01-06,Lithuania,Europe,2794090,0,0,0,0,0,0
2020-01-13,Lithuania,Europe,2794090,0,0,0,0,0,0
2020-01-20,Lithuania,Europe,2794090,0,0,0,0,0,0
2020-01-27,Lithuania,Europe,2794090,0,0,0,0,0,0
2020-02-03,Lithuania,Europe,2794090,0,0,0,0,0,0
2020-02-10,Lithuania,Europe,2794090,0,0,0,0,0,0
2020-02-17,Lithuania,Europe,2794090,0,0,0,0,0,0
2020-02-24,Lithuania,Europe,2794090,1,0.0357898278151384,1,0,0,0
2020-03-02,Lithuania,Europe,2794090,0,0.0357898278151384,1,0,0,0
2020-03-09,Lithuania,Europe,2794090,13,0.465267761596799,14,0,0,0
2020-03-16,Lithuania,Europe,2794090,129,5.08215554974965,143,1,0.357898278151384,1
2020-03-23,Lithuania,Europe,2794090,341,16.821219073115,484,6,2.50528794705969,7
2020-03-30,Lithuania,Europe,2794090,327,23.9076049805124,811,6,4.29477933781661,13
2020-04-06,Lithuania,Europe,2794090,251,20.68652047715,1062,11,6.08427072857353,24
2020-04-13,Lithuania,Europe,2794090,264,18.4317613247963,1326,12,8.23166039748183,36
2020-04-20,Lithuania,Europe,2794090,112,13.456975258492,1438,5,6.08427072857353,41
2020-04-27,Lithuania,Europe,2794090,-28,3.00634553647162,1410,5,3.57898278151384,46
2020-05-04,Lithuania,Europe,2794090,69,1.46738294042067,1479,4,3.22108450336245,50
2020-05-11,Lithuania,Europe,2794090,62,4.68846744378313,1541,6,3.57898278151384,56
2020-05-18,Lithuania,Europe,2794090,82,5.15373520537993,1623,7,4.65267761596799,63
2020-05-25,Lithuania,Europe,2794090,52,4.79583692722854,1675,7,5.01057589411937,70
2020-06-01,Lithuania,Europe,2794090,39,3.25687433117759,1714,1,2.86318622521107,71
2020-06-08,Lithuania,Europe,2794090,54,3.32845398680787,1768,4,1.78949139075692,75
2020-06-15,Lithuania,Europe,2794090,30,3.00634553647162,1798,1,1.78949139075692,76
2020-06-22,Lithuania,Europe,2794090,18,1.71791173512664,1816,2,1.07369483445415,78
2020-06-29,Lithuania,Europe,2794090,20,1.36001345697526,1836,1,1.07369483445415,79
2020-07-06,Lithuania,Europe,2794090,33,1.89686087420233,1869,0,0.357898278151384,79
2020-07-13,Lithuania,Europe,2794090,63,3.43582347025329,1932,1,0.357898278151384,80
2020-07-20,Lithuania,Europe,2794090,76,4.97478606630424,2008,0,0.357898278151384,80
2020-07-27,Lithuania,Europe,2794090,102,6.37058935109463,2110,0,0,80
2020-08-03,Lithuania,Europe,2794090,142,8.73271798689377,2252,1,0.357898278151384,81
2020-08-10,Lithuania,Europe,2794090,164,10.9516873114323,2416,0,0.357898278151384,81
2020-08-17,Lithuania,Europe,2794090,219,13.707504053198,2635,3,1.07369483445415,84
2020-08-24,Lithuania,Europe,2794090,239,16.3917411393334,2874,2,1.78949139075692,86
2020-08-31,Lithuania,Europe,2794090,209,16.033842861182,3083,0,0.715796556302768,86
2020-09-07,Lithuania,Europe,2794090,252,16.4991106227788,3335,1,0.357898278151384,87
2020-09-14,Lithuania,Europe,2794090,409,23.6570761858065,3744,0,0.357898278151384,87
2020-09-21,Lithuania,Europe,2794090,641,37.5793192058953,4385,4,1.43159311260554,91
2020-09-28,Lithuania,Europe,2794090,800,51.5731418816144,5185,3,2.50528794705969,94
2020-10-05,Lithuania,Europe,2794090,937,62.1669309148954,6122,9,4.29477933781661,103
2020-10-12,Lithuania,Europe,2794090,1399,83.6050377761633,7521,10,6.80006728487629,113
2020-10-19,Lithuania,Europe,2794090,2663,145.378280585092,10184,21,11.0948466226929,134
2020-10-26,Lithuania,Europe,2794090,5535,293.405008428505,15719,32,18.9686087420233,166
2020-11-02,Lithuania,Europe,2794090,8980,519.489350736734,24699,41,26.126574305051,207
2020-11-09,Lithuania,Europe,2794090,10059,681.40253177242,34758,70,39.7267088748036,277
2020-11-16,Lithuania,Europe,2794090,12289,799.831072012713,47047,109,64.0637917890977,386
2020-11-23,Lithuania,Europe,2794090,14278,950.828355564781,61325,120,81.9587056966669,506
2020-11-30,Lithuania,Europe,2794090,14711,1037.51131853305,76036,131,89.8324678159973,637
2020-12-07,Lithuania,Europe,2794090,18985,1205.9740380589,95021,188,114.169550730291,825
2020-12-14,Lithuania,Europe,2794090,19466,1376.15466931989,114487,214,143.875107816856,1039
2020-12-21,Lithuania,Europe,2794090,17882,1336.67848923979,132369,230,158.906835499214,1269
2020-12-28,Lithuania,Europe,2794090,15618,1198.95923180714,147987,681,326.045331395911,1950
2021-01-04,Lithuania,Europe,2794090,12459,1004.87099556564,160446,282,344.656041859783,2232
2021-01-11,Lithuania,Europe,2794090,7546,715.975505441843,167992,237,185.749206360568,2469
2021-01-18,Lithuania,Europe,2794090,9174,598.405921069114,177166,195,154.612056161398,2664
2021-01-25,Lithuania,Europe,2794090,5727,533.304224273377,182893,161,127.411787021893,2825
2021-02-01,Lithuania,Europe,2794090,4146,353.352970018861,187039,130,104.148398942053,2955
2021-02-08,Lithuania,Europe,2794090,3898,287.893374944973,190937,125,91.2640609286029,3080
2021-02-15,Lithuania,Europe,2794090,3396,261.051004083619,194333,98,79.8113160277586,3178
2021-02-22,Lithuania,Europe,2794090,5065,302.817733143886,199398,75,61.9164021201894,3253
2019-12-30,Luxembourg,Europe,626108,0,NA,0,0,NA,0
2020-01-06,Luxembourg,Europe,626108,0,0,0,0,0,0
2020-01-13,Luxembourg,Europe,626108,0,0,0,0,0,0
2020-01-20,Luxembourg,Europe,626108,0,0,0,0,0,0
2020-01-27,Luxembourg,Europe,626108,0,0,0,0,0,0
2020-02-03,Luxembourg,Europe,626108,0,0,0,0,0,0
2020-02-10,Luxembourg,Europe,626108,0,0,0,0,0,0
2020-02-17,Luxembourg,Europe,626108,0,0,0,0,0,0
2020-02-24,Luxembourg,Europe,626108,1,0.159716853961297,1,0,0,0
2020-03-02,Luxembourg,Europe,626108,4,0.798584269806487,5,0,0,0
2020-03-09,Luxembourg,Europe,626108,72,12.1384809010586,77,1,1.59716853961297,1
2020-03-16,Luxembourg,Europe,626108,721,126.655465191309,798,7,12.7773483169038,8
2020-03-23,Luxembourg,Europe,626108,1152,299.14966746951,1950,13,31.9433707922595,21
2020-03-30,Luxembourg,Europe,626108,854,320.392009046363,2804,15,44.7207191091633,36
2020-04-06,Luxembourg,Europe,626108,477,212.583132622487,3281,30,71.8725842825838,66
2020-04-13,Luxembourg,Europe,626108,269,119.148773055128,3550,7,59.09523596568,73
2020-04-20,Luxembourg,Europe,626108,173,70.5948494508935,3723,15,35.1377078714854,88
2020-04-27,Luxembourg,Europe,626108,101,43.7624179853955,3824,8,36.7348764110984,96
2020-05-04,Luxembourg,Europe,626108,62,26.0338471956915,3886,5,20.7631910149687,101
2020-05-11,Luxembourg,Europe,626108,59,19.325739329317,3945,6,17.5688539357427,107
2020-05-18,Luxembourg,Europe,626108,47,16.9299865198975,3992,3,14.3745168565168,110
2020-05-25,Luxembourg,Europe,626108,26,11.6593303391747,4018,0,4.79150561883892,110
2020-06-01,Luxembourg,Europe,626108,21,7.50669213618098,4039,0,0,110
2020-06-08,Luxembourg,Europe,626108,31,8.30527640598747,4070,0,0,110
2020-06-15,Luxembourg,Europe,626108,50,12.9370651708651,4120,0,0,110
2020-06-22,Luxembourg,Europe,626108,122,27.4712988813432,4242,0,0,110
2020-06-29,Luxembourg,Europe,626108,280,64.2061752924416,4522,0,0,110
2020-07-06,Luxembourg,Europe,626108,403,109.086611255566,4925,1,1.59716853961297,111
2020-07-13,Luxembourg,Europe,626108,558,153.487896656807,5483,0,1.59716853961297,111
2020-07-20,Luxembourg,Europe,626108,789,215.138602285868,6272,1,1.59716853961297,112
2020-07-27,Luxembourg,Europe,626108,423,193.576827001093,6695,5,9.58301123767785,117
2020-08-03,Luxembourg,Europe,626108,418,134.321874181451,7113,2,11.1801797772908,119
2020-08-10,Luxembourg,Europe,626108,326,118.829339347205,7439,4,9.58301123767785,123
2020-08-17,Luxembourg,Europe,626108,265,94.3926606911268,7704,1,7.98584269806487,124
2020-08-24,Luxembourg,Europe,626108,-1079,-130.009519124496,6625,0,1.59716853961297,124
2020-08-31,Luxembourg,Europe,626108,271,-129.051218000728,6896,0,0,124
2020-09-07,Luxembourg,Europe,626108,298,90.8788899039782,7194,0,0,124
2020-09-14,Luxembourg,Europe,626108,610,145.022903396858,7804,0,0,124
2020-09-21,Luxembourg,Europe,626108,553,185.750701156989,8357,0,0,124
2020-09-28,Luxembourg,Europe,626108,352,144.543752834974,8709,1,1.59716853961297,125
2020-10-05,Luxembourg,Europe,626108,651,160.196004523181,9360,5,9.58301123767785,130
2020-10-12,Luxembourg,Europe,626108,1286,309.371546123033,10646,3,12.7773483169038,133
2020-10-19,Luxembourg,Europe,626108,3558,773.668440588525,14204,12,23.9575280941946,145
2020-10-26,Luxembourg,Europe,626108,4578,1299.45632382912,18782,15,43.1235505695503,160
2020-11-02,Luxembourg,Europe,626108,3699,1321.97640023766,22481,25,63.886741584519,185
2020-11-09,Luxembourg,Europe,626108,4063,1239.72222044759,26544,37,99.0244494560044,222
2020-11-16,Luxembourg,Europe,626108,3789,1254.09673730411,30333,40,122.981977550199,262
2020-11-23,Luxembourg,Europe,626108,3640,1186.53650807848,33973,44,134.16215732749,306
2020-11-30,Luxembourg,Europe,626108,3711,1174.0785934695,37684,44,140.550831485942,350
2020-12-07,Luxembourg,Europe,626108,3588,1165.77331706351,41272,46,143.745168565168,396
2020-12-14,Luxembourg,Europe,626108,2795,1019.47267883496,44067,44,143.745168565168,440
2020-12-21,Luxembourg,Europe,626108,1782,731.024040580858,45849,47,145.342337104781,487
2020-12-28,Luxembourg,Europe,626108,1070,455.51246749762,46919,19,105.413123614456,506
2021-01-04,Luxembourg,Europe,626108,1065,340.99548320737,47984,27,73.4697528221968,533
2021-01-11,Luxembourg,Europe,626108,868,308.732678707188,48852,19,73.4697528221968,552
2021-01-18,Luxembourg,Europe,626108,852,274.712988813431,49704,12,49.5122247280022,564
2021-01-25,Luxembourg,Europe,626108,965,290.205523647677,50669,16,44.7207191091633,580
2021-02-01,Luxembourg,Europe,626108,1179,342.432934893022,51848,13,46.3178876487763,593
2021-02-08,Luxembourg,Europe,626108,1036,353.772831524274,52884,14,43.1235505695503,607
2021-02-15,Luxembourg,Europe,626108,1254,365.751595571371,54138,18,51.1093932676152,625
2021-02-22,Luxembourg,Europe,626108,1287,405.840525915657,55425,13,49.5122247280022,638
2020-03-16,Madagascar,Africa,27691019,3,NA,3,0,NA,0
2020-03-23,Madagascar,Africa,27691019,34,0.133617329141986,37,0,0,0
2020-03-30,Madagascar,Africa,27691019,35,0.249178262453975,72,0,0,0
2020-04-06,Madagascar,Africa,27691019,34,0.249178262453975,106,0,0,0
2020-04-13,Madagascar,Africa,27691019,15,0.176952679133982,121,0,0,0
2020-04-20,Madagascar,Africa,27691019,3,0.0650030249879934,124,0,0,0
2020-04-27,Madagascar,Africa,27691019,25,0.10111581664799,149,0,0,0
2020-05-04,Madagascar,Africa,27691019,22,0.169730120801983,171,0,0,0
2020-05-11,Madagascar,Africa,27691019,133,0.559748270729943,304,1,0.0361127916599963,1
2020-05-18,Madagascar,Africa,27691019,223,1.28561538309587,527,1,0.0722255833199927,2
2020-05-25,Madagascar,Africa,27691019,244,1.68646737052183,771,4,0.180563958299982,6
2020-06-01,Madagascar,Africa,27691019,281,1.89592156214981,1052,3,0.252789541619974,9
2020-06-08,Madagascar,Africa,27691019,220,1.80925086216582,1272,1,0.144451166639985,10
2020-06-15,Madagascar,Africa,27691019,324,1.9645358663038,1596,4,0.180563958299982,14
2020-06-22,Madagascar,Africa,27691019,482,2.9106910077957,2078,4,0.288902333279971,18
2020-06-29,Madagascar,Africa,27691019,650,4.08796801591159,2728,11,0.541691874899945,29
2020-07-06,Madagascar,Africa,27691019,2139,10.071857593973,4867,6,0.613917458219938,35
2020-07-13,Madagascar,Africa,27691019,2182,15.6043372762844,7049,24,1.08338374979989,59
2020-07-20,Madagascar,Africa,27691019,2246,15.9907441470464,9295,26,1.80563958299982,85
2020-07-27,Madagascar,Africa,27691019,2233,16.1749193845124,11528,29,1.9862035412998,114
2020-08-03,Madagascar,Africa,27691019,1558,13.6903593183046,13086,34,2.27510587457977,148
2020-08-10,Madagascar,Africa,27691019,741,8.30233080263316,13827,22,2.0223163329598,170
2020-08-17,Madagascar,Africa,27691019,500,4.48159744500555,14327,8,1.08338374979989,178
2020-08-24,Madagascar,Africa,27691019,516,3.66905963265563,14843,13,0.758368624859923,191
2020-08-31,Madagascar,Africa,27691019,476,3.58238893267164,15319,9,0.794481416519919,200
2020-09-07,Madagascar,Africa,27691019,438,3.30070915772367,15757,11,0.722255833199927,211
2020-09-14,Madagascar,Africa,27691019,296,2.65067890784373,16053,12,0.830594208179916,223
2020-09-21,Madagascar,Africa,27691019,232,1.90675539964781,16285,6,0.650030249879934,229
2020-09-28,Madagascar,Africa,27691019,273,1.82369597882982,16558,3,0.325015124939967,232
2020-10-05,Madagascar,Africa,27691019,160,1.56368387887784,16718,5,0.288902333279971,237
2020-10-12,Madagascar,Africa,27691019,92,0.910042349831908,16810,1,0.216676749959978,238
2020-10-19,Madagascar,Africa,27691019,158,0.902819791499908,16968,6,0.252789541619974,244
2020-10-26,Madagascar,Africa,27691019,143,1.08699502896589,17111,0,0.216676749959978,244
2020-11-02,Madagascar,Africa,27691019,112,0.920876187329907,17223,5,0.180563958299982,249
2020-11-09,Madagascar,Africa,27691019,10,0.440576058251955,17233,0,0.180563958299982,249
2020-11-16,Madagascar,Africa,27691019,108,0.426130941587957,17341,2,0.0722255833199927,251
2020-11-23,Madagascar,Africa,27691019,0,0.39001814992796,17341,0,0.0722255833199927,251
2020-11-30,Madagascar,Africa,27691019,172,0.621140016551937,17513,4,0.144451166639985,255
2020-12-07,Madagascar,Africa,27691019,120,1.05449351647189,17633,3,0.252789541619974,258
2020-12-14,Madagascar,Africa,27691019,0,0.433353499919956,17633,2,0.180563958299982,260
2020-12-21,Madagascar,Africa,27691019,81,0.29251361244597,17714,1,0.108338374979989,261
2020-12-28,Madagascar,Africa,27691019,53,0.483911408243951,17767,1,0.0722255833199927,262
2021-01-04,Madagascar,Africa,27691019,234,1.0364371206419,18001,5,0.216676749959978,267
2021-01-11,Madagascar,Africa,27691019,300,1.9284230746438,18301,6,0.39724070825996,273
2021-01-18,Madagascar,Africa,27691019,442,2.67956914117173,18743,6,0.433353499919956,279
2021-01-25,Madagascar,Africa,27691019,322,2.75901728282372,19065,2,0.288902333279971,281
2021-02-01,Madagascar,Africa,27691019,295,2.22815924542177,19360,4,0.216676749959978,285
2021-02-08,Madagascar,Africa,27691019,238,1.92481179547781,19598,7,0.39724070825996,292
2021-02-15,Madagascar,Africa,27691019,233,1.70091248718583,19831,5,0.433353499919956,297
2021-02-22,Madagascar,Africa,27691019,0,0.841428045677915,19831,0,0.180563958299982,297
2020-03-30,Malawi,Africa,19129955,4,NA,4,0,NA,0
2020-04-06,Malawi,Africa,19129955,9,0.0679562497664004,13,2,0.104548076563693,2
2020-04-13,Malawi,Africa,19129955,4,0.0679562497664004,17,0,0.104548076563693,2
2020-04-20,Malawi,Africa,19129955,17,0.109775480391878,34,1,0.0522740382818465,3
2020-04-27,Malawi,Africa,19129955,5,0.115002884220062,39,0,0.0522740382818465,3
2020-05-04,Malawi,Africa,19129955,17,0.115002884220062,56,0,0,3
2020-05-11,Malawi,Africa,19129955,14,0.162049518673724,70,0,0,3
2020-05-18,Malawi,Africa,19129955,13,0.141139903360985,83,1,0.0522740382818465,4
2020-05-25,Malawi,Africa,19129955,201,1.11866441923151,284,0,0.0522740382818465,4
2020-06-01,Malawi,Africa,19129955,154,1.85572835900555,438,0,0,4
2020-06-08,Malawi,Africa,19129955,109,1.37480720681256,547,2,0.104548076563693,6
2020-06-15,Malawi,Africa,19129955,183,1.52640191782992,730,5,0.365918267972925,11
2020-06-22,Malawi,Africa,19129955,416,3.1312148930826,1146,2,0.365918267972925,13
2020-06-29,Malawi,Africa,19129955,596,5.29013267412286,1742,6,0.418192306254772,19
2020-07-06,Malawi,Africa,19129955,622,6.3669778627289,2364,19,1.30685095704616,38
2020-07-13,Malawi,Africa,19129955,628,6.53425478523081,2992,24,2.2477836461194,62
2020-07-20,Malawi,Africa,19129955,648,6.67016728476361,3640,37,3.18871633519263,99
2020-07-27,Malawi,Africa,19129955,591,6.47675334312078,4231,24,3.18871633519263,123
2020-08-03,Malawi,Africa,19129955,427,5.32149709709197,4658,23,2.45687979924678,146
2020-08-10,Malawi,Africa,19129955,414,4.39624661950329,5072,15,1.98641345471017,161
2020-08-17,Malawi,Africa,19129955,250,3.4709961419146,5322,5,1.04548076563693,166
2020-08-24,Malawi,Africa,19129955,214,2.42551537627768,5536,8,0.679562497664004,174
2020-08-31,Malawi,Africa,19129955,78,1.52640191782992,5614,1,0.470466344536618,175
2020-09-07,Malawi,Africa,19129955,76,0.805020189540435,5690,2,0.156822114845539,177
2020-09-14,Malawi,Africa,19129955,41,0.611606247897604,5731,2,0.209096153127386,179
2020-09-21,Malawi,Africa,19129955,37,0.407737498598402,5768,0,0.104548076563693,179
2020-09-28,Malawi,Africa,19129955,18,0.287507210550156,5786,0,0,179
2020-10-05,Malawi,Africa,19129955,35,0.277052402893786,5821,1,0.0522740382818465,180
2020-10-12,Malawi,Africa,19129955,36,0.37114567180111,5857,1,0.104548076563693,181
2020-10-19,Malawi,Africa,19129955,33,0.360690864144741,5890,2,0.156822114845539,183
2020-10-26,Malawi,Africa,19129955,42,0.392055287113848,5932,1,0.156822114845539,184
2020-11-02,Malawi,Africa,19129955,19,0.318871633519263,5951,0,0.0522740382818465,184
2020-11-09,Malawi,Africa,19129955,14,0.172504326330093,5965,1,0.0522740382818465,185
2020-11-16,Malawi,Africa,19129955,38,0.271824999065602,6003,0,0.0522740382818465,185
2020-11-23,Malawi,Africa,19129955,22,0.313644229691079,6025,0,0,185
2020-11-30,Malawi,Africa,19129955,26,0.250915383752863,6051,0,0,185
2020-12-07,Malawi,Africa,19129955,15,0.214323556955571,6066,2,0.104548076563693,187
2020-12-14,Malawi,Africa,19129955,95,0.575014421100311,6161,0,0.104548076563693,187
2020-12-21,Malawi,Africa,19129955,216,1.62572259056543,6377,1,0.0522740382818465,188
2020-12-28,Malawi,Africa,19129955,467,3.57031681465011,6844,7,0.418192306254772,195
2021-01-04,Malawi,Africa,19129955,1731,11.4898336143499,8575,30,1.93413941642832,225
2021-01-11,Malawi,Africa,19129955,3895,29.4093739373668,12470,89,6.22061055553973,314
2021-01-18,Malawi,Africa,19129955,7517,59.6551324872432,19987,204,15.316293216581,518
2021-01-25,Malawi,Africa,19129955,4378,62.1799685362564,24365,194,20.8050672361749,712
2021-02-01,Malawi,Africa,19129955,3057,38.8657474625528,27422,162,18.6095576283373,874
2021-02-08,Malawi,Africa,19129955,1613,24.4119758776223,29035,78,12.5457691876432,952
2021-02-15,Malawi,Africa,19129955,1707,17.354980709573,30742,61,7.26609132117666,1013
2021-02-22,Malawi,Africa,19129955,1203,15.2117451400173,31945,31,4.80921152192987,1044
2019-12-30,Malaysia,Asia,32365998,0,NA,0,0,NA,0
2020-01-06,Malaysia,Asia,32365998,0,0,0,0,0,0
2020-01-13,Malaysia,Asia,32365998,0,0,0,0,0,0
2020-01-20,Malaysia,Asia,32365998,4,0.0123586487275937,4,0,0,0
2020-01-27,Malaysia,Asia,32365998,4,0.0247172974551874,8,0,0,0
2020-02-03,Malaysia,Asia,32365998,10,0.0432552705465779,18,0,0,0
2020-02-10,Malaysia,Asia,32365998,4,0.0432552705465779,22,0,0,0
2020-02-17,Malaysia,Asia,32365998,0,0.0123586487275937,22,0,0,0
2020-02-24,Malaysia,Asia,32365998,7,0.021627635273289,29,0,0,0
2020-03-02,Malaysia,Asia,32365998,70,0.237903988006179,99,0,0,0
2020-03-09,Malaysia,Asia,32365998,329,1.23277521057747,428,0,0,0
2020-03-16,Malaysia,Asia,32365998,878,3.7292222535514,1306,10,0.308966218189842,10
2020-03-23,Malaysia,Asia,32365998,1164,6.30909017543658,2470,24,1.05048514184546,34
2020-03-30,Malaysia,Asia,32365998,1192,7.27924410055269,3662,27,1.5757277127682,61
2020-04-06,Malaysia,Asia,32365998,1021,6.83742240854121,4683,15,1.29765811639734,76
2020-04-13,Malaysia,Asia,32365998,706,5.33584658813858,5389,13,0.865105410931559,89
2020-04-20,Malaysia,Asia,32365998,391,3.38935941354257,5780,9,0.679725680017653,98
2020-04-27,Malaysia,Asia,32365998,518,2.80850292334567,6298,7,0.494345949103748,105
2020-05-04,Malaysia,Asia,32365998,358,2.70654407134302,6656,3,0.308966218189842,108
2020-05-11,Malaysia,Asia,32365998,238,1.84143866041146,6894,5,0.247172974551874,113
2020-05-18,Malaysia,Asia,32365998,351,1.81981102513817,7245,2,0.21627635273289,115
2020-05-25,Malaysia,Asia,32365998,574,2.85793751825604,7819,0,0.0617932436379685,115
2020-06-01,Malaysia,Asia,32365998,503,3.3275661699046,8322,2,0.0617932436379685,117
2020-06-08,Malaysia,Asia,32365998,131,1.9588458233236,8453,4,0.185379730913905,121
2020-06-15,Malaysia,Asia,32365998,119,0.772415545474606,8572,0,0.123586487275937,121
2020-06-22,Malaysia,Asia,32365998,62,0.559228854923615,8634,0,0,121
2020-06-29,Malaysia,Asia,32365998,24,0.265710947643264,8658,0,0,121
2020-07-06,Malaysia,Asia,32365998,60,0.259531623279468,8718,1,0.0308966218189842,122
2020-07-13,Malaysia,Asia,32365998,61,0.373849124009709,8779,1,0.0617932436379685,123
2020-07-20,Malaysia,Asia,32365998,118,0.553049530559818,8897,1,0.0617932436379685,124
2020-07-27,Malaysia,Asia,32365998,102,0.679725680017653,8999,1,0.0617932436379685,125
2020-08-03,Malaysia,Asia,32365998,84,0.574677165833107,9083,0,0.0308966218189842,125
2020-08-10,Malaysia,Asia,32365998,117,0.621022098561583,9200,0,0,125
2020-08-17,Malaysia,Asia,32365998,67,0.56849784146931,9267,0,0,125
2020-08-24,Malaysia,Asia,32365998,67,0.414014732374389,9334,1,0.0308966218189842,126
2020-08-31,Malaysia,Asia,32365998,63,0.401656083646795,9397,2,0.0926898654569527,128
2020-09-07,Malaysia,Asia,32365998,518,1.79509372768298,9915,0,0.0617932436379685,128
2020-09-14,Malaysia,Asia,32365998,304,2.5397023135205,10219,2,0.0617932436379685,130
2020-09-21,Malaysia,Asia,32365998,700,3.10202083062602,10919,4,0.185379730913905,134
2020-09-28,Malaysia,Asia,32365998,1462,6.67984963726439,12381,3,0.21627635273289,137
2020-10-05,Malaysia,Asia,32365998,3276,14.6388194178347,15657,20,0.710622301836637,157
2020-10-12,Malaysia,Asia,32365998,4841,25.0787879304695,20498,30,1.54483109094921,187
2020-10-19,Malaysia,Asia,32365998,6067,33.702035080148,26565,42,2.22455677096687,229
2020-10-26,Malaysia,Asia,32365998,5940,37.0975738180544,32505,20,1.91559055277702,249
2020-11-02,Malaysia,Asia,32365998,7704,42.1553508098221,40209,37,1.7611074436821,286
2020-11-09,Malaysia,Asia,32365998,7208,46.0730424564693,47417,23,1.85379730913905,309
2020-11-16,Malaysia,Asia,32365998,7358,45.0040193415324,54775,26,1.51393446913023,335
2020-11-23,Malaysia,Asia,32365998,9710,52.7343541206423,64485,22,1.48303784731124,357
2020-11-30,Malaysia,Asia,32365998,8209,55.3636566374378,72694,25,1.45214122549226,382
2020-12-07,Malaysia,Asia,32365998,10781,58.6726848342511,83475,33,1.79200406550109,415
2020-12-14,Malaysia,Asia,32365998,9834,63.693385879836,93309,22,1.69931420004413,437
2020-12-21,Malaysia,Asia,32365998,11787,66.8015860348258,105096,15,1.14317500730242,452
2020-12-28,Malaysia,Asia,32365998,15722,84.9935169618437,120818,49,1.97738379641499,501
2021-01-04,Malaysia,Asia,32365998,15174,95.4582027719337,135992,50,3.05876556007944,551
2021-01-11,Malaysia,Asia,32365998,22442,116.220732634291,158434,50,3.08966218189842,601
2021-01-18,Malaysia,Asia,32365998,25367,147.713659254382,183801,77,3.923870971011,678
2021-01-25,Malaysia,Asia,32365998,31158,174.643154831808,214959,82,4.91256286921849,760
2021-02-01,Malaysia,Asia,32365998,27493,181.211776630524,242452,112,5.99394463288294,872
2021-02-08,Malaysia,Asia,32365998,21817,152.351242189411,264269,93,6.33380747289177,965
2021-02-15,Malaysia,Asia,32365998,21492,133.810179435839,285761,97,5.870358145607,1062
2021-02-22,Malaysia,Asia,32365998,14991,112.7201453822,300752,68,5.0979426001324,1130
2020-03-02,Maldives,Asia,540542,4,NA,4,0,NA,0
2020-03-09,Maldives,Asia,540542,9,2.40499350651753,13,0,0,0
2020-03-16,Maldives,Asia,540542,0,1.66499550451214,13,0,0,0
2020-03-23,Maldives,Asia,540542,4,0.739998002005395,17,0,0,0
2020-03-30,Maldives,Asia,540542,2,1.10999700300809,19,0,0,0
2020-04-06,Maldives,Asia,540542,1,0.554998501504046,20,0,0,0
2020-04-13,Maldives,Asia,540542,32,6.10498351654451,52,0,0,0
2020-04-20,Maldives,Asia,540542,162,35.8899030972616,214,0,0,0
2020-04-27,Maldives,Asia,540542,313,87.8747627381406,527,1,1.84999500501349,1
2020-05-04,Maldives,Asia,540542,308,114.884689811338,835,2,5.54998501504046,3
2020-05-11,Maldives,Asia,540542,259,104.894716784265,1094,1,5.54998501504046,4
2020-05-18,Maldives,Asia,540542,277,99.1597322687229,1371,0,1.84999500501349,4
2020-05-25,Maldives,Asia,540542,402,125.614660840416,1773,1,1.84999500501349,5
2020-06-01,Maldives,Asia,540542,130,98.4197342667175,1903,3,7.39998002005395,8
2020-06-08,Maldives,Asia,540542,132,48.4698691313534,2035,0,5.54998501504046,8
2020-06-15,Maldives,Asia,540542,168,55.4998501504046,2203,0,0,8
2020-06-22,Maldives,Asia,540542,120,53.2798561443884,2323,0,0,8
2020-06-29,Maldives,Asia,540542,145,49.0248676328574,2468,3,5.54998501504046,11
2020-07-06,Maldives,Asia,540542,263,75.4797962045503,2731,2,9.24997502506743,13
2020-07-13,Maldives,Asia,540542,235,92.1297512496716,2966,2,7.39998002005395,15
2020-07-20,Maldives,Asia,540542,336,105.63471478627,3302,0,3.69999001002697,15
2020-07-27,Maldives,Asia,540542,862,221.629401600616,4164,2,3.69999001002697,17
2020-08-03,Maldives,Asia,540542,877,321.714131371845,5041,2,7.39998002005395,19
2020-08-10,Maldives,Asia,540542,744,299.884190312686,5785,3,9.24997502506743,22
2020-08-17,Maldives,Asia,540542,994,321.529131871344,6779,4,12.949965035094399,26
2020-08-24,Maldives,Asia,540542,888,348.169059943538,7667,2,11.0999700300809,28
2020-08-31,Maldives,Asia,540542,917,333.924098404934,8584,1,5.54998501504046,29
2020-09-07,Maldives,Asia,540542,589,278.609247755031,9173,3,7.39998002005395,32
2020-09-14,Maldives,Asia,540542,551,210.899430571538,9724,1,7.39998002005395,33
2020-09-21,Maldives,Asia,540542,374,171.124537963748,10098,1,3.69999001002697,34
2020-09-28,Maldives,Asia,540542,432,149.109597404087,10530,0,1.84999500501349,34
2020-10-05,Maldives,Asia,540542,364,147.259602399074,10894,1,1.84999500501349,35
2020-10-12,Maldives,Asia,540542,316,125.799660340917,11210,2,5.54998501504046,37
2020-10-19,Maldives,Asia,540542,295,113.034694806324,11505,0,3.69999001002697,37
2020-10-26,Maldives,Asia,540542,196,90.8347547461622,11701,1,1.84999500501349,38
2020-11-02,Maldives,Asia,540542,285,88.9847597411487,11986,2,5.54998501504046,40
2020-11-09,Maldives,Asia,540542,218,93.0547487521784,12204,3,9.24997502506743,43
2020-11-16,Maldives,Asia,540542,404,115.069689311839,12608,3,11.0999700300809,46
2020-11-23,Maldives,Asia,540542,386,146.149605396065,12994,0,5.54998501504046,46
2020-11-30,Maldives,Asia,540542,204,109.149705295796,13198,1,1.84999500501349,47
2020-12-07,Maldives,Asia,540542,170,69.1898131875044,13368,1,3.69999001002697,48
2020-12-14,Maldives,Asia,540542,125,54.5748526478979,13493,0,1.84999500501349,48
2020-12-21,Maldives,Asia,540542,151,51.0598621383722,13644,0,0,48
2020-12-28,Maldives,Asia,540542,223,69.1898131875044,13867,0,0,48
2021-01-04,Maldives,Asia,540542,242,86.0247677331271,14109,1,1.84999500501349,49
2021-01-11,Maldives,Asia,540542,404,119.509677323871,14513,0,1.84999500501349,49
2021-01-18,Maldives,Asia,540542,480,163.539558443192,14993,2,3.69999001002697,51
2021-01-25,Maldives,Asia,540542,848,245.679336665791,15841,1,5.54998501504046,52
2021-02-01,Maldives,Asia,540542,942,331.149105897414,16783,3,7.39998002005395,55
2021-02-08,Maldives,Asia,540542,1045,367.59400749618,17828,3,11.0999700300809,58
2021-02-15,Maldives,Asia,540542,941,367.409007995678,18769,2,9.24997502506743,60
2021-02-22,Maldives,Asia,540542,1024,363.52401848515,19793,2,7.39998002005395,62
2020-03-23,Mali,Africa,20250834,18,NA,18,0,NA,0
2020-03-30,Mali,Africa,20250834,27,0.22221307033577,45,5,0.246903411484189,5
2020-04-06,Mali,Africa,20250834,71,0.48393068650901,116,4,0.44442614067154,9
2020-04-13,Mali,Africa,20250834,108,0.883914213113396,224,5,0.44442614067154,14
2020-04-20,Mali,Africa,20250834,165,1.34809262670367,389,9,0.691329552155729,23
2020-04-27,Mali,Africa,20250834,174,1.6740051298628,563,4,0.641948869858891,27
2020-05-04,Mali,Africa,20250834,141,1.55549149235039,704,11,0.740710234452566,38
2020-05-11,Mali,Africa,20250834,156,1.46660626421608,860,14,1.23451705742094,52
2020-05-18,Mali,Africa,20250834,170,1.60981024287691,1030,13,1.33327842201462,65
2020-05-25,Mali,Africa,20250834,235,1.99991763302193,1265,12,1.23451705742094,77
2020-06-01,Mali,Africa,20250834,268,2.48384831953094,1533,15,1.33327842201462,92
2020-06-08,Mali,Africa,20250834,276,2.68630911694797,1809,12,1.33327842201462,104
2020-06-15,Mali,Africa,20250834,152,2.11349320230466,1961,7,0.938232963639917,111
2020-06-22,Mali,Africa,20250834,186,1.66906706163312,2147,3,0.493806822968378,114
2020-06-29,Mali,Africa,20250834,183,1.82214717675331,2330,5,0.395045458374702,119
2020-07-06,Mali,Africa,20250834,81,1.30365001263652,2411,2,0.345664776077864,121
2020-07-13,Mali,Africa,20250834,64,0.716019893304147,2475,0,0.0987613645936755,121
2020-07-20,Mali,Africa,20250834,35,0.488868754738694,2510,2,0.0987613645936755,123
2020-07-27,Mali,Africa,20250834,31,0.325912503159129,2541,1,0.148142046890513,124
2020-08-03,Mali,Africa,20250834,26,0.281469889091975,2567,1,0.0987613645936755,125
2020-08-10,Mali,Africa,20250834,47,0.360478980766916,2614,0,0.0493806822968378,125
2020-08-17,Mali,Africa,20250834,91,0.681453415696361,2705,0,0,125
2020-08-24,Mali,Africa,20250834,68,0.78515284851972,2773,1,0.0493806822968378,126
2020-08-31,Mali,Africa,20250834,69,0.676515347466677,2842,1,0.0987613645936755,127
2020-09-07,Mali,Africa,20250834,82,0.74564830268225,2924,1,0.0987613645936755,128
2020-09-14,Mali,Africa,20250834,89,0.844409667275926,3013,0,0.0493806822968378,128
2020-09-21,Mali,Africa,20250834,73,0.799967053208772,3086,2,0.0987613645936755,130
2020-09-28,Mali,Africa,20250834,98,0.844409667275926,3184,1,0.148142046890513,131
2020-10-05,Mali,Africa,20250834,102,0.987613645936755,3286,1,0.0987613645936755,132
2020-10-12,Mali,Africa,20250834,93,0.962923304788336,3379,0,0.0493806822968378,132
2020-10-19,Mali,Africa,20250834,111,1.00736591885549,3490,1,0.0493806822968378,133
2020-10-26,Mali,Africa,20250834,55,0.819719326127507,3545,3,0.197522729187351,136
2020-11-02,Mali,Africa,20250834,131,0.918480690721182,3676,1,0.197522729187351,137
2020-11-09,Mali,Africa,20250834,192,1.59499603818786,3868,2,0.148142046890513,139
2020-11-16,Mali,Africa,20250834,338,2.6171761617324,4206,4,0.296284093781027,143
2020-11-23,Mali,Africa,20250834,453,3.90601196967987,4659,6,0.493806822968378,149
2020-11-30,Mali,Africa,20250834,476,4.58746538537623,5135,15,1.03699432823359,164
2020-12-07,Mali,Africa,20250834,679,5.70346880528476,5814,30,2.2221307033577,194
2020-12-14,Mali,Africa,20250834,377,5.21460005054607,6191,28,2.86407957321659,222
2020-12-21,Mali,Africa,20250834,512,4.38994265618888,6703,34,3.06160230240394,256
2020-12-28,Mali,Africa,20250834,550,5.24422845992417,7253,22,2.76531820862291,278
2021-01-04,Mali,Africa,20250834,347,4.42944720202635,7600,20,2.07398865646719,298
2021-01-11,Mali,Africa,20250834,239,2.89370798259469,7839,13,1.62956251579565,311
2021-01-18,Mali,Africa,20250834,144,1.89128013196889,7983,11,1.18513637512411,322
2021-01-25,Mali,Africa,20250834,117,1.28883580794747,8100,8,0.938232963639917,330
2021-02-01,Mali,Africa,20250834,76,0.953047168328969,8176,8,0.790090916749404,338
2021-02-08,Mali,Africa,20250834,53,0.637010801629207,8229,4,0.592568187562053,342
2021-02-15,Mali,Africa,20250834,70,0.607382392251104,8299,6,0.493806822968378,348
2021-02-22,Mali,Africa,20250834,77,0.725896029763515,8376,5,0.543187505265215,353
2020-03-02,Malta,Europe,514564,3,NA,3,0,NA,0
2020-03-09,Malta,Europe,514564,27,5.83017855893533,30,0,0,0
2020-03-16,Malta,Europe,514564,77,20.2112856709758,107,0,0,0
2020-03-23,Malta,Europe,514564,49,24.4867499475284,156,0,0,0
2020-03-30,Malta,Europe,514564,85,26.0414642299112,241,0,0,0
2020-04-06,Malta,Europe,514564,143,44.3093570479085,384,3,5.83017855893533,3
2020-04-13,Malta,Europe,514564,47,36.9244642065904,431,0,5.83017855893533,3
2020-04-20,Malta,Europe,514564,18,12.6320535443599,449,1,1.9433928529784401,4
2020-04-27,Malta,Europe,514564,30,9.32828569429653,479,0,1.9433928529784401,4
2020-05-04,Malta,Europe,514564,23,10.299982120785801,502,1,1.9433928529784401,5
2020-05-11,Malta,Europe,514564,55,15.1584642532319,557,1,3.88678570595689,6
2020-05-18,Malta,Europe,514564,53,20.9886428121672,610,0,1.9433928529784401,6
2020-05-25,Malta,Europe,514564,8,11.8546964031685,618,3,5.83017855893533,9
2020-06-01,Malta,Europe,514564,11,3.69244642065904,629,0,5.83017855893533,9
2020-06-08,Malta,Europe,514564,20,6.02451784423318,649,0,0,9
2020-06-15,Malta,Europe,514564,15,6.80187498542455,664,0,0,9
2020-06-22,Malta,Europe,514564,5,3.88678570595689,669,0,0,9
2020-06-29,Malta,Europe,514564,2,1.36037499708491,671,0,0,9
2020-07-06,Malta,Europe,514564,2,0.777357141191378,673,0,0,9
2020-07-13,Malta,Europe,514564,2,0.777357141191378,675,0,0,9
2020-07-20,Malta,Europe,514564,24,5.05282141774395,699,0,0,9
2020-07-27,Malta,Europe,514564,84,20.9886428121672,783,0,0,9
2020-08-03,Malta,Europe,514564,223,59.6621605864382,1006,0,0,9
2020-08-10,Malta,Europe,514564,367,114.660178325728,1373,0,0,9
2020-08-17,Malta,Europe,514564,295,128.652606867173,1668,1,1.9433928529784401,10
2020-08-24,Malta,Europe,514564,217,99.5017140724963,1885,2,5.83017855893533,12
2020-08-31,Malta,Europe,514564,192,79.4847676868184,2077,2,7.77357141191378,14
2020-09-07,Malta,Europe,514564,329,101.250767640177,2406,1,5.83017855893533,15
2020-09-14,Malta,Europe,514564,371,136.037499708491,2777,6,13.6037499708491,21
2020-09-21,Malta,Europe,514564,230,116.797910464005,3007,11,33.0376785006335,32
2020-09-28,Malta,Europe,514564,311,105.137553346134,3318,7,34.981071353612,39
2020-10-05,Malta,Europe,514564,517,160.912928226615,3835,4,21.3773213827629,43
2020-10-12,Malta,Europe,514564,894,274.212731555258,4729,2,11.6603571178707,45
2020-10-19,Malta,Europe,514564,838,336.595642135867,5567,8,19.4339285297844,53
2020-10-26,Malta,Europe,514564,823,322.79755287972,6390,8,31.0942856476551,61
2020-11-02,Malta,Europe,514564,842,323.574910020911,7232,14,42.7546427655258,75
2020-11-09,Malta,Europe,514564,894,337.372999277058,8126,20,66.0753570012671,95
2020-11-16,Malta,Europe,514564,867,342.231481409504,8993,15,68.0187498542455,110
2020-11-23,Malta,Europe,514564,869,337.372999277058,9862,25,77.7357141191378,135
2020-11-30,Malta,Europe,514564,786,321.631517167933,10648,15,77.7357141191378,150
2020-12-07,Malta,Europe,514564,595,268.382552996323,11243,21,69.962142707224,171
2020-12-14,Malta,Europe,514564,548,222.129803095436,11791,20,79.6791069721162,191
2020-12-21,Malta,Europe,514564,624,227.765642369074,12415,20,77.7357141191378,211
2020-12-28,Malta,Europe,514564,804,277.516499405322,13219,6,50.5282141774395,217
2021-01-04,Malta,Europe,514564,1299,408.695516981367,14518,11,33.0376785006335,228
2021-01-11,Malta,Europe,514564,1213,488.180284668185,15731,7,34.981071353612,235
2021-01-18,Malta,Europe,514564,1119,453.199213314573,16850,12,36.9244642065904,247
2021-01-25,Malta,Europe,514564,1177,446.202999043851,18027,22,66.0753570012671,269
2021-02-01,Malta,Europe,514564,786,381.488017039669,18813,13,68.0187498542455,282
2021-02-08,Malta,Europe,514564,1132,372.742749201266,19945,13,50.5282141774395,295
2021-02-15,Malta,Europe,514564,947,404.031374134219,20892,9,42.7546427655258,304
2021-02-22,Malta,Europe,514564,1765,527.048141727754,22657,12,40.8112499125473,316
2020-10-26,Marshall Islands,Oceania,59194,1,NA,1,0,NA,0
2020-11-02,Marshall Islands,Oceania,59194,0,1.68936040814948,1,0,0,0
2020-11-09,Marshall Islands,Oceania,59194,0,0,1,0,0,0
2020-11-16,Marshall Islands,Oceania,59194,3,5.06808122444842,4,0,0,0
2020-11-23,Marshall Islands,Oceania,59194,0,5.06808122444842,4,0,0,0
2020-11-30,Marshall Islands,Oceania,59194,0,0,4,0,0,0
2020-12-07,Marshall Islands,Oceania,59194,0,0,4,0,0,0
2020-12-14,Marshall Islands,Oceania,59194,0,0,4,0,0,0
2020-12-21,Marshall Islands,Oceania,59194,0,0,4,0,0,0
2020-12-28,Marshall Islands,Oceania,59194,0,0,4,0,0,0
2021-01-04,Marshall Islands,Oceania,59194,0,0,4,0,0,0
2021-01-11,Marshall Islands,Oceania,59194,0,0,4,0,0,0
2021-01-18,Marshall Islands,Oceania,59194,0,0,4,0,0,0
2021-01-25,Marshall Islands,Oceania,59194,0,0,4,0,0,0
2021-02-01,Marshall Islands,Oceania,59194,0,0,4,0,0,0
2021-02-08,Marshall Islands,Oceania,59194,0,0,4,0,0,0
2021-02-15,Marshall Islands,Oceania,59194,0,0,4,0,0,0
2021-02-22,Marshall Islands,Oceania,59194,0,0,4,0,0,0
2020-03-09,Mauritania,Africa,4649660,1,NA,1,0,NA,0
2020-03-16,Mauritania,Africa,4649660,1,0.0430138977903761,2,0,0,0
2020-03-23,Mauritania,Africa,4649660,3,0.0860277955807522,5,0,0,0
2020-03-30,Mauritania,Africa,4649660,1,0.0860277955807522,6,1,0.21506948895188,1
2020-04-06,Mauritania,Africa,4649660,1,0.0430138977903761,7,0,0.21506948895188,1
2020-04-13,Mauritania,Africa,4649660,0,0.021506948895188,7,0,0,1
2020-04-20,Mauritania,Africa,4649660,0,0,7,0,0,1
2020-04-27,Mauritania,Africa,4649660,1,0.021506948895188,8,0,0,1
2020-05-04,Mauritania,Africa,4649660,0,0.021506948895188,8,0,0,1
2020-05-11,Mauritania,Africa,4649660,54,1.16137524034015,62,3,0.645208466855641,4
2020-05-18,Mauritania,Africa,4649660,175,4.92509129699806,237,2,1.0753474447594,6
2020-05-25,Mauritania,Africa,4649660,293,10.065252082948,530,17,4.08632029008573,23
2020-06-01,Mauritania,Africa,4649660,417,15.2699337155835,947,20,7.95757109121957,43
2020-06-08,Mauritania,Africa,4649660,836,26.9482069656706,1783,44,13.7644472929203,87
2020-06-15,Mauritania,Africa,4649660,1030,40.1319666384209,2813,21,13.9795167818722,108
2020-06-22,Mauritania,Africa,4649660,1094,45.6807594533794,3907,12,7.09729313541205,120
2020-06-29,Mauritania,Africa,4649660,972,44.4333564174585,4879,10,4.73152875694137,130
2020-07-06,Mauritania,Africa,4649660,247,26.2169707032342,5126,14,5.16166773484513,144
2020-07-13,Mauritania,Africa,4649660,747,21.3779072018169,5873,11,5.37673722379701,155
2020-07-20,Mauritania,Africa,4649660,298,22.4747615954715,6171,1,2.58083386742256,156
2020-07-27,Mauritania,Africa,4649660,139,9.39853666719717,6310,1,0.430138977903761,157
2020-08-03,Mauritania,Africa,4649660,188,7.03277228872649,6498,0,0.21506948895188,157
2020-08-10,Mauritania,Africa,4649660,203,8.40921701801852,6701,0,0,157
2020-08-17,Mauritania,Africa,4649660,184,8.32318922243777,6885,1,0.21506948895188,158
2020-08-24,Mauritania,Africa,4649660,137,6.90373059535536,7022,1,0.430138977903761,159
2020-08-31,Mauritania,Africa,4649660,112,5.35523027490182,7134,1,0.430138977903761,160
2020-09-07,Mauritania,Africa,4649660,142,5.46276501937776,7276,1,0.430138977903761,161
2020-09-14,Mauritania,Africa,4649660,92,5.032626041474,7368,0,0.21506948895188,161
2020-09-21,Mauritania,Africa,4649660,94,4.00029249450498,7462,0,0,161
2020-09-28,Mauritania,Africa,4649660,58,3.26905623206858,7520,0,0,161
2020-10-05,Mauritania,Africa,4649660,30,1.89261150277655,7550,2,0.430138977903761,163
2020-10-12,Mauritania,Africa,4649660,53,1.78507675830061,7603,0,0.430138977903761,163
2020-10-19,Mauritania,Africa,4649660,59,2.40877827626106,7662,0,0,163
2020-10-26,Mauritania,Africa,4649660,55,2.45179217405144,7717,0,0,163
2020-11-02,Mauritania,Africa,4649660,89,3.09700064090708,7806,2,0.430138977903761,165
2020-11-09,Mauritania,Africa,4649660,79,3.61316741439159,7885,0,0.430138977903761,165
2020-11-16,Mauritania,Africa,4649660,211,6.23701517960453,8096,4,0.860277955807521,169
2020-11-23,Mauritania,Africa,4649660,453,14.2806140664049,8549,6,2.1506948895188,175
2020-11-30,Mauritania,Africa,4649660,161,13.2052666216455,8710,2,1.72055591161504,177
2020-12-07,Mauritania,Africa,4649660,2261,52.0898302241454,10971,48,10.753474447594,225
2020-12-14,Mauritania,Africa,4649660,1447,79.7477665033572,12418,56,22.3672268509956,281
2020-12-21,Mauritania,Africa,4649660,1360,60.3700055487928,13778,49,22.5822963399474,330
2020-12-28,Mauritania,Africa,4649660,1016,51.1005105749668,14794,28,16.5603506492948,358
2021-01-04,Mauritania,Africa,4649660,718,37.2930493842561,15512,26,11.6137524034015,384
2021-01-11,Mauritania,Africa,4649660,527,26.7761513745091,16039,21,10.1082659807384,405
2021-01-18,Mauritania,Africa,4649660,358,19.0336497722414,16397,11,6.88222364646017,416
2021-01-25,Mauritania,Africa,4649660,146,10.8395022431748,16543,5,3.44111182323009,421
2021-02-01,Mauritania,Africa,4649660,234,8.17264058017145,16777,4,1.93562540056692,425
2021-02-08,Mauritania,Africa,4649660,197,9.26949497382604,16974,5,1.93562540056692,430
2021-02-15,Mauritania,Africa,4649660,42,5.14016078594994,17016,1,1.29041693371128,431
2021-02-22,Mauritania,Africa,4649660,114,3.35508402764933,17130,6,1.50548642266316,437
2020-03-16,Mauritius,Africa,1271767,28,NA,28,2,NA,2
2020-03-23,Mauritius,Africa,1271767,82,8.64938310240791,110,1,2.35892266429307,3
2020-03-30,Mauritius,Africa,1271767,117,15.6475203398107,227,4,3.93153777382178,7
2020-04-06,Mauritius,Africa,1271767,97,16.8269816719572,324,2,4.71784532858613,9
2020-04-13,Mauritius,Africa,1271767,4,7.94170630311999,328,0,1.57261510952871,9
2020-04-20,Mauritius,Africa,1271767,4,0.629046043811484,332,0,0,9
2020-04-27,Mauritius,Africa,1271767,0,0.314523021905742,332,1,0.786307554764355,10
2020-05-04,Mauritius,Africa,1271767,0,0,332,0,0.786307554764355,10
2020-05-11,Mauritius,Africa,1271767,0,0,332,0,0,10
2020-05-18,Mauritius,Africa,1271767,2,0.157261510952871,334,0,0,10
2020-05-25,Mauritius,Africa,1271767,1,0.235892266429307,335,0,0,10
2020-06-01,Mauritius,Africa,1271767,2,0.235892266429307,337,0,0,10
2020-06-08,Mauritius,Africa,1271767,0,0.157261510952871,337,0,0,10
2020-06-15,Mauritius,Africa,1271767,0,0,337,0,0,10
2020-06-22,Mauritius,Africa,1271767,4,0.314523021905742,341,0,0,10
2020-06-29,Mauritius,Africa,1271767,0,0.314523021905742,341,0,0,10
2020-07-06,Mauritius,Africa,1271767,1,0.0786307554764355,342,0,0,10
2020-07-13,Mauritius,Africa,1271767,1,0.157261510952871,343,0,0,10
2020-07-20,Mauritius,Africa,1271767,1,0.157261510952871,344,0,0,10
2020-07-27,Mauritius,Africa,1271767,0,0.0786307554764355,344,0,0,10
2020-08-03,Mauritius,Africa,1271767,0,0,344,0,0,10
2020-08-10,Mauritius,Africa,1271767,2,0.157261510952871,346,0,0,10
2020-08-17,Mauritius,Africa,1271767,0,0.157261510952871,346,0,0,10
2020-08-24,Mauritius,Africa,1271767,0,0,346,0,0,10
2020-08-31,Mauritius,Africa,1271767,10,0.786307554764355,356,0,0,10
2020-09-07,Mauritius,Africa,1271767,5,1.17946133214653,361,0,0,10
2020-09-14,Mauritius,Africa,1271767,6,0.864938310240791,367,0,0,10
2020-09-21,Mauritius,Africa,1271767,0,0.471784532858613,367,0,0,10
2020-09-28,Mauritius,Africa,1271767,14,1.1008305766701,381,0,0,10
2020-10-05,Mauritius,Africa,1271767,14,2.2016611533402,395,0,0,10
2020-10-12,Mauritius,Africa,1271767,12,2.04439964238732,407,0,0,10
2020-10-19,Mauritius,Africa,1271767,28,3.14523021905742,435,0,0,10
2020-10-26,Mauritius,Africa,1271767,11,3.06659946358099,446,0,0,10
2020-11-02,Mauritius,Africa,1271767,6,1.3367228430994,452,0,0,10
2020-11-09,Mauritius,Africa,1271767,26,2.51618417524594,478,0,0,10
2020-11-16,Mauritius,Africa,1271767,16,3.30249173001029,494,0,0,10
2020-11-23,Mauritius,Africa,1271767,7,1.80850737595802,501,0,0,10
2020-11-30,Mauritius,Africa,1271767,4,0.864938310240791,505,0,0,10
2020-12-07,Mauritius,Africa,1271767,18,1.72987662048158,523,0,0,10
2020-12-14,Mauritius,Africa,1271767,3,1.65124586500515,526,0,0,10
2020-12-21,Mauritius,Africa,1271767,1,0.314523021905742,527,0,0,10
2020-12-28,Mauritius,Africa,1271767,4,0.393153777382178,531,0,0,10
2021-01-04,Mauritius,Africa,1271767,14,1.41535359857584,545,0,0,10
2021-01-11,Mauritius,Africa,1271767,2,1.25809208762297,547,0,0,10
2021-01-18,Mauritius,Africa,1271767,21,1.80850737595802,568,0,0,10
2021-01-25,Mauritius,Africa,1271767,1,1.72987662048158,569,0,0,10
2021-02-01,Mauritius,Africa,1271767,24,1.96576888691089,593,0,0,10
2021-02-08,Mauritius,Africa,1271767,2,2.04439964238732,595,0,0,10
2021-02-15,Mauritius,Africa,1271767,8,0.786307554764355,603,0,0,10
2021-02-22,Mauritius,Africa,1271767,7,1.17946133214653,610,0,0,10
2019-12-30,Mexico,America,128932753,0,NA,0,0,NA,0
2020-01-06,Mexico,America,128932753,0,0,0,0,0,0
2020-01-13,Mexico,America,128932753,1,7.75598113537528e-4,1,0,0,0
2020-01-20,Mexico,America,128932753,0,7.75598113537528e-4,1,0,0,0
2020-01-27,Mexico,America,128932753,1,7.75598113537528e-4,2,0,0,0
2020-02-03,Mexico,America,128932753,0,7.75598113537528e-4,2,0,0,0
2020-02-10,Mexico,America,128932753,1,7.75598113537528e-4,3,0,0,0
2020-02-17,Mexico,America,128932753,1,0.00155119622707506,4,0,0,0
2020-02-24,Mexico,America,128932753,11,0.00930717736245033,15,0,0,0
2020-03-02,Mexico,America,128932753,14,0.0193899528384382,29,0,0,0
2020-03-09,Mexico,America,128932753,216,0.178387566113631,245,0,0,0
2020-03-16,Mexico,America,128932753,654,0.674770358777649,899,2,0.0155119622707506,2
2020-03-23,Mexico,America,128932753,1221,1.45424646288286,2120,18,0.155119622707506,20
2020-03-30,Mexico,America,128932753,2083,2.56257616712799,4203,74,0.713550264454525,94
2020-04-06,Mexico,America,128932753,3386,4.24174608293674,7589,202,2.14065079336358,296
2020-04-13,Mexico,America,128932753,6141,7.38912322767203,13730,390,4.59154083214216,686
2020-04-20,Mexico,America,128932753,9135,11.8480367823993,22865,665,8.18256009782092,1351
2020-04-27,Mexico,America,128932753,11094,15.6895742387507,33959,803,11.3857803067309,2154
2020-05-04,Mexico,America,128932753,14536,19.8785796499668,48495,1311,16.3961441201833,3465
2020-05-11,Mexico,America,128932753,19213,26.175660733778,67708,1712,23.4463309722395,5177
2020-05-18,Mexico,America,128932753,23497,33.1257954291878,91205,2217,30.4732498808895,7394
2020-05-25,Mexico,America,128932753,26685,38.9210645335402,117890,2536,36.8641783364387,9930
2020-06-01,Mexico,America,128932753,30070,44.0190709338224,147960,3769,48.9014610585411,13699
2020-06-08,Mexico,America,128932753,34118,49.7840917117468,182078,3442,55.9283799671911,17141
2020-06-15,Mexico,America,128932753,37054,55.2008689366929,219132,4684,63.0251027060595,21825
2020-06-22,Mexico,America,128932753,38916,58.922188685446,258048,4823,73.7361126540127,26648
2020-06-29,Mexico,America,128932753,42740,63.3322395590204,300788,3991,68.3612177271977,30639
2020-07-06,Mexico,America,128932753,44253,67.4716066909701,345041,4367,64.8244903294666,35006
2020-07-13,Mexico,America,128932753,49745,72.9046714763005,394786,4178,66.2748588017817,39184
2020-07-20,Mexico,America,128932753,48945,76.5437778250186,443731,4496,67.2753803682451,43680
2020-07-27,Mexico,America,128932753,44519,72.4905020836715,488250,4066,66.4067104810831,47746
2020-08-03,Mexico,America,128932753,40936,66.2787367923494,529186,4552,66.8410454246641,52298
2020-08-10,Mexico,America,128932753,37880,61.1295409165738,567066,4459,69.8891460108666,56757
2020-08-17,Mexico,America,128932753,36673,57.8231661585633,603739,3723,63.4594376496405,60480
2020-08-24,Mexico,America,128932753,37703,57.6858852924672,641442,3678,57.4020163829124,64158
2020-08-31,Mexico,America,128932753,37193,58.0891963115067,678635,3400,54.8968344761862,67558
2020-09-07,Mexico,America,128932753,33735,55.0116229969898,712370,3263,51.6781023050055,70821
2020-09-14,Mexico,America,128932753,28075,47.9397193977546,740445,2672,46.0317480384523,73493
2020-09-21,Mexico,America,128932753,31936,46.5444183915006,772381,2937,43.5032981883199,76430
2020-09-28,Mexico,America,128932753,30405,48.351561996043,802786,2658,43.3947144524247,79088
2020-10-05,Mexico,America,128932753,29957,46.8166533293522,832743,4554,55.9361359483265,83642
2020-10-12,Mexico,America,128932753,18484,37.5707482178714,851227,2525,54.9045904573216,86167
2020-10-19,Mexico,America,128932753,39933,45.3081149985218,891160,2757,40.9670923570522,88924
2020-10-26,Mexico,America,128932753,38232,60.6246265446608,929392,2971,44.4262599434296,91895
2020-11-02,Mexico,America,128932753,38433,59.4612293743546,967825,3132,47.3347528691953,95027
2020-11-09,Mexico,America,128932753,38697,59.8218824971495,1006522,3515,51.5540066068395,98542
2020-11-16,Mexico,America,128932753,35353,57.4330403074539,1041875,3134,51.5695185691102,101676
2020-11-23,Mexico,America,128932753,65196,77.9856147180849,1107071,3979,55.1682938159243,105655
2020-11-30,Mexico,America,128932753,68779,103.91075726119,1175850,4062,62.3658443095526,109717
2020-12-07,Mexico,America,128932753,74194,110.889589086801,1250044,4236,64.359131461344,113953
2020-12-14,Mexico,America,128932753,75871,116.390130908009,1325915,4645,68.8808684632678,118598
2020-12-21,Mexico,America,128932753,63515,108.107518653542,1389430,4257,69.0437440671107,122855
2020-12-28,Mexico,America,128932753,59325,95.2744722669499,1448755,4358,66.817777481258,127213
2021-01-04,Mexico,America,128932753,92878,118.048359674752,1541633,7155,89.2946108115756,134368
2021-01-11,Mexico,America,128932753,107869,155.698994498318,1649502,6880,108.855195234992,141248
2021-01-18,Mexico,America,128932753,122238,178.47055511178,1771740,9025,123.358879958144,150273
2021-01-25,Mexico,America,128932753,97968,170.791358189645,1869708,8827,138.459775228719,159100
2021-02-01,Mexico,America,128932753,66305,127.40982890515,1936013,7631,127.647937526006,166731
2021-02-08,Mexico,America,128932753,59879,97.8680723586194,1995892,7926,120.659798523033,174657
2021-02-15,Mexico,America,128932753,47740,83.4690933807952,2043632,5879,107.071319573856,180536
2021-02-22,Mexico,America,128932753,45649,72.4323322251562,2089281,5616,89.1550031511388,186152
2021-01-04,Micronesia,Oceania,115021,0,NA,0,0,NA,0
2021-01-11,Micronesia,Oceania,115021,0,0,0,0,0,0
2021-01-18,Micronesia,Oceania,115021,0,0,0,0,0,0
2021-01-25,Micronesia,Oceania,115021,0,0,0,0,0,0
2021-02-01,Micronesia,Oceania,115021,0,0,0,0,0,0
2021-02-08,Micronesia,Oceania,115021,0,0,0,0,0,0
2021-02-15,Micronesia,Oceania,115021,0,0,0,0,0,0
2021-02-22,Micronesia,Oceania,115021,0,0,0,0,0,0
2020-03-09,Moldova,Europe,4033963,23,NA,23,0,NA,0
2020-03-16,Moldova,Europe,4033963,71,2.3302147292873,94,1,0.247895183966735,1
2020-03-23,Moldova,Europe,4033963,169,5.94948441520163,263,1,0.495790367933469,2
2020-03-30,Moldova,Europe,4033963,601,19.0879291654386,864,13,3.47053257553428,15
2020-04-06,Moldova,Europe,4033963,798,34.6805362369462,1662,17,7.43685551900203,32
2020-04-13,Moldova,Europe,4033963,810,39.8615455818509,2472,35,12.8905495662702,67
2020-04-20,Moldova,Europe,4033963,936,43.2824991205918,3408,29,15.865291773871,96
2020-04-27,Moldova,Europe,4033963,713,40.8779158361145,4121,29,14.3779206700706,125
2020-05-04,Moldova,Europe,4033963,806,37.655278444547,4927,44,18.0963484295716,169
2020-05-11,Moldova,Europe,4033963,1133,48.0668761711498,6060,42,21.3189858211392,211
2020-05-18,Moldova,Europe,4033963,1033,53.6940968471947,7093,39,20.0795099013055,250
2020-05-25,Moldova,Europe,4033963,1158,54.3138348071115,8251,45,20.8231954532057,295
2020-06-01,Moldova,Europe,4033963,1449,64.6262744601277,9700,46,22.5584617409728,341
2020-06-08,Moldova,Europe,4033963,2040,86.4906296859937,11740,65,27.5163654203075,406
2020-06-15,Moldova,Europe,4033963,2460,111.552832785031,14200,67,32.722164283609,473
2020-06-22,Moldova,Europe,4033963,2050,111.800727968997,16250,57,30.7390028118751,530
2020-06-29,Moldova,Europe,4033963,1564,89.5893194855778,17814,55,27.7642606042743,585
2020-07-06,Moldova,Europe,4033963,1568,77.6407716183812,19382,57,27.7642606042743,642
2020-07-13,Moldova,Europe,4033963,1598,78.4836152438681,20980,42,24.5416232127067,684
2020-07-20,Moldova,Europe,4033963,2054,90.5313211846514,23034,51,23.0542521089063,735
2020-07-27,Moldova,Europe,4033963,2328,108.627669614223,25362,56,26.5247846844406,791
2020-08-03,Moldova,Europe,4033963,2298,114.676312103011,27660,54,27.2684702363408,845
2020-08-10,Moldova,Europe,4033963,2523,119.51026819036301,30183,51,26.0289943165071,896
2020-08-17,Moldova,Europe,4033963,3295,144.225418031846,33478,44,23.5500424768398,940
2020-08-24,Moldova,Europe,4033963,3222,161.553291391121,36700,52,23.7979376608065,992
2020-08-31,Moldova,Europe,4033963,3097,156.64496674858,39797,71,30.4911076279083,1063
2020-09-07,Moldova,Europe,4033963,3181,155.628596494316,42978,60,32.4742690996422,1123
2020-09-14,Moldova,Europe,4033963,3618,168.543935578983,46596,80,34.7053257553428,1203
2020-09-21,Moldova,Europe,4033963,4279,195.76282677853,50875,84,40.6548101705445,1287
2020-09-28,Moldova,Europe,4033963,5704,247.473762153991,56579,79,40.4069149865777,1366
2020-10-05,Moldova,Europe,4033963,5572,279.52660944089,62151,95,43.1337620102118,1461
2020-10-12,Moldova,Europe,4033963,4899,259.571047131568,67050,123,54.0411501047481,1584
2020-10-19,Moldova,Europe,4033963,4453,231.83157604569,71503,101,55.5285212085485,1685
2020-10-26,Moldova,Europe,4033963,5079,236.293689357091,76582,115,53.5453597368146,1800
2020-11-02,Moldova,Europe,4033963,5764,268.79274797513,82346,93,51.5621982650808,1893
2020-11-09,Moldova,Europe,4033963,6933,314.752515082563,89279,126,54.2890452887149,2019
2020-11-16,Moldova,Europe,4033963,8662,386.592539396122,97941,130,63.461167095484,2149
2020-11-23,Moldova,Europe,4033963,9076,439.716477320194,107017,141,67.179594854985,2290
2020-11-30,Moldova,Europe,4033963,9618,463.415256907413,116635,129,66.9316996710183,2419
2020-12-07,Moldova,Europe,4033963,9883,483.420398253529,126518,153,69.9064418786191,2572
2020-12-14,Moldova,Europe,4033963,8689,460.390935663019,135207,180,82.5490962609226,2752
2020-12-21,Moldova,Europe,4033963,6148,367.802084451444,141355,139,79.0785636853883,2891
2020-12-28,Moldova,Europe,4033963,4518,264.405003218919,145873,146,70.6501274305193,3037
2021-01-04,Moldova,Europe,4033963,3518,199.208569835668,149391,102,61.4780056237501,3139
2021-01-11,Moldova,Europe,4033963,3463,173.055627927177,152854,111,52.8016741849144,3250
2021-01-18,Moldova,Europe,4033963,3348,168.841409799743,156202,111,55.0327308406151,3361
2021-01-25,Moldova,Europe,4033963,3602,172.287152856881,159804,77,46.6042945857461,3438
2021-02-01,Moldova,Europe,4033963,4765,207.413900424967,164569,105,45.1169234819457,3543
2021-02-08,Moldova,Europe,4033963,5617,257.364779994264,170186,108,52.8016741849144,3651
2021-02-15,Moldova,Europe,4033963,6566,302.010702626673,176752,129,58.7511586001161,3780
2021-02-22,Moldova,Europe,4033963,8701,378.461577362014,185453,169,73.872764822086907,3949
2019-12-30,Monaco,Europe,33085,0,NA,0,0,NA,0
2020-01-06,Monaco,Europe,33085,0,0,0,0,0,0
2020-01-13,Monaco,Europe,33085,0,0,0,0,0,0
2020-01-20,Monaco,Europe,33085,0,0,0,0,0,0
2020-01-27,Monaco,Europe,33085,0,0,0,0,0,0
2020-02-03,Monaco,Europe,33085,0,0,0,0,0,0
2020-02-10,Monaco,Europe,33085,0,0,0,0,0,0
2020-02-17,Monaco,Europe,33085,0,0,0,0,0,0
2020-02-24,Monaco,Europe,33085,1,3.02251775729182,1,0,0,0
2020-03-02,Monaco,Europe,33085,0,3.02251775729182,1,0,0,0
2020-03-09,Monaco,Europe,33085,8,24.1801420583346,9,0,0,0
2020-03-16,Monaco,Europe,33085,11,57.4278373885447,20,0,0,0
2020-03-23,Monaco,Europe,33085,15,78.5854616895874,35,0,0,0
2020-03-30,Monaco,Europe,33085,16,93.6980504760466,51,0,0,0
2020-04-06,Monaco,Europe,33085,13,87.6530149614629,64,1,30.2251775729182,1
2020-04-13,Monaco,Europe,33085,1,42.3152486020855,65,0,30.2251775729182,1
2020-04-20,Monaco,Europe,33085,0,3.02251775729182,65,0,0,1
2020-04-27,Monaco,Europe,33085,1,3.02251775729182,66,0,0,1
2020-05-04,Monaco,Europe,33085,0,3.02251775729182,66,0,0,1
2020-05-11,Monaco,Europe,33085,0,0,66,0,0,1
2020-05-18,Monaco,Europe,33085,1,3.02251775729182,67,0,0,1
2020-05-25,Monaco,Europe,33085,0,3.02251775729182,67,0,0,1
2020-06-01,Monaco,Europe,33085,0,0,67,0,0,1
2020-06-08,Monaco,Europe,33085,0,0,67,0,0,1
2020-06-15,Monaco,Europe,33085,1,3.02251775729182,68,0,0,1
2020-06-22,Monaco,Europe,33085,2,9.06755327187547,70,0,0,1
2020-06-29,Monaco,Europe,33085,5,21.1576243010428,75,0,0,1
2020-07-06,Monaco,Europe,33085,1,18.1351065437509,76,0,0,1
2020-07-13,Monaco,Europe,33085,0,3.02251775729182,76,0,0,1
2020-07-20,Monaco,Europe,33085,5,15.1125887864591,81,0,0,1
2020-07-27,Monaco,Europe,33085,3,24.1801420583346,84,0,0,1
2020-08-03,Monaco,Europe,33085,10,39.2927308447937,94,0,0,1
2020-08-10,Monaco,Europe,33085,5,45.3377663593774,99,0,0,1
2020-08-17,Monaco,Europe,33085,12,51.382801873961,111,0,0,1
2020-08-24,Monaco,Europe,33085,20,96.7205682333384,131,0,0,1
2020-08-31,Monaco,Europe,33085,17,111.833157019798,148,0,0,1
2020-09-07,Monaco,Europe,33085,23,120.900710291673,171,0,0,1
2020-09-14,Monaco,Europe,33085,22,136.013299078132,193,0,0,1
2020-09-21,Monaco,Europe,33085,17,117.878192534381,210,0,0,1
2020-09-28,Monaco,Europe,33085,12,87.6530149614629,222,0,0,1
2020-10-05,Monaco,Europe,33085,12,72.5404261750038,234,0,0,1
2020-10-12,Monaco,Europe,33085,31,129.968263563548,265,0,0,1
2020-10-19,Monaco,Europe,33085,41,217.621278525011,306,0,0,1
2020-10-26,Monaco,Europe,33085,60,305.274293486474,366,0,0,1
2020-11-02,Monaco,Europe,33085,120,544.053196312528,486,0,0,1
2020-11-09,Monaco,Europe,33085,62,550.098231827112,548,0,0,1
2020-11-16,Monaco,Europe,33085,34,290.161704700015,582,1,30.2251775729182,2
2020-11-23,Monaco,Europe,33085,26,181.351065437509,608,0,30.2251775729182,2
2020-11-30,Monaco,Europe,33085,30,169.260994408342,638,0,0,2
2020-12-07,Monaco,Europe,33085,30,181.351065437509,668,0,0,2
2020-12-14,Monaco,Europe,33085,60,272.026598156264,728,0,0,2
2020-12-21,Monaco,Europe,33085,75,408.039897234396,803,0,0,2
2020-12-28,Monaco,Europe,33085,104,541.030678555237,907,1,30.2251775729182,3
2021-01-04,Monaco,Europe,33085,150,767.719510352123,1057,0,30.2251775729182,3
2021-01-11,Monaco,Europe,33085,148,900.710291672964,1205,5,151.125887864591,8
2021-01-18,Monaco,Europe,33085,152,906.755327187547,1357,0,151.125887864591,8
2021-01-25,Monaco,Europe,33085,132,858.395043070878,1489,5,151.125887864591,13
2021-02-01,Monaco,Europe,33085,166,900.710291672964,1655,0,151.125887864591,13
2021-02-08,Monaco,Europe,33085,105,819.102312226084,1760,8,241.801420583346,21
2021-02-15,Monaco,Europe,33085,110,649.841317817742,1870,0,241.801420583346,21
2021-02-22,Monaco,Europe,33085,86,592.413480429198,1956,0,0,21
2020-03-16,Mongolia,Asia,3278292,10,NA,10,0,NA,0
2020-03-23,Mongolia,Asia,3278292,2,0.366044269393941,12,0,0,0
2020-03-30,Mongolia,Asia,3278292,2,0.122014756464647,14,0,0,0
2020-04-06,Mongolia,Asia,3278292,2,0.122014756464647,16,0,0,0
2020-04-13,Mongolia,Asia,3278292,16,0.549066404090911,32,0,0,0
2020-04-20,Mongolia,Asia,3278292,6,0.671081160555558,38,0,0,0
2020-04-27,Mongolia,Asia,3278292,2,0.244029512929294,40,0,0,0
2020-05-04,Mongolia,Asia,3278292,2,0.122014756464647,42,0,0,0
2020-05-11,Mongolia,Asia,3278292,98,3.05036891161617,140,0,0,0
2020-05-18,Mongolia,Asia,3278292,1,3.01986522250001,141,0,0,0
2020-05-25,Mongolia,Asia,3278292,44,1.37266601022728,185,0,0,0
2020-06-01,Mongolia,Asia,3278292,9,1.61669552315657,194,0,0,0
2020-06-08,Mongolia,Asia,3278292,3,0.366044269393941,197,0,0,0
2020-06-15,Mongolia,Asia,3278292,16,0.579570093207072,213,0,0,0
2020-06-22,Mongolia,Asia,3278292,7,0.701584849671719,220,0,0,0
2020-06-29,Mongolia,Asia,3278292,0,0.213525823813132,220,0,0,0
2020-07-06,Mongolia,Asia,3278292,10,0.305036891161617,230,0,0,0
2020-07-13,Mongolia,Asia,3278292,57,2.04374717078283,287,0,0,0
2020-07-20,Mongolia,Asia,3278292,1,1.76921396873738,288,0,0,0
2020-07-27,Mongolia,Asia,3278292,5,0.18302213469697,293,0,0,0
2020-08-03,Mongolia,Asia,3278292,0,0.152518445580809,293,0,0,0
2020-08-10,Mongolia,Asia,3278292,5,0.152518445580809,298,0,0,0
2020-08-17,Mongolia,Asia,3278292,0,0.152518445580809,298,0,0,0
2020-08-24,Mongolia,Asia,3278292,3,0.0915110673484851,301,0,0,0
2020-08-31,Mongolia,Asia,3278292,9,0.366044269393941,310,0,0,0
2020-09-07,Mongolia,Asia,3278292,1,0.305036891161617,311,0,0,0
2020-09-14,Mongolia,Asia,3278292,1,0.0610073782323234,312,0,0,0
2020-09-21,Mongolia,Asia,3278292,1,0.0610073782323234,313,0,0,0
2020-09-28,Mongolia,Asia,3278292,1,0.0610073782323234,314,0,0,0
2020-10-05,Mongolia,Asia,3278292,4,0.152518445580809,318,0,0,0
2020-10-12,Mongolia,Asia,3278292,6,0.305036891161617,324,0,0,0
2020-10-19,Mongolia,Asia,3278292,15,0.640577471439396,339,0,0,0
2020-10-26,Mongolia,Asia,3278292,10,0.762592227904043,349,0,0,0
2020-11-02,Mongolia,Asia,3278292,19,0.88460698436869,368,0,0,0
2020-11-09,Mongolia,Asia,3278292,63,2.50130250752526,431,0,0,0
2020-11-16,Mongolia,Asia,3278292,209,8.29700343959599,640,0,0,0
2020-11-23,Mongolia,Asia,3278292,151,10.9813280818182,791,0,0,0
2020-11-30,Mongolia,Asia,3278292,96,7.53441121169194,887,0,0,0
2020-12-07,Mongolia,Asia,3278292,25,3.69094638305557,912,0,0,0
2020-12-14,Mongolia,Asia,3278292,81,3.23339104631314,993,0,0,0
2020-12-21,Mongolia,Asia,3278292,144,6.86333005113639,1137,0,0,0
2020-12-28,Mongolia,Asia,3278292,149,8.93758091103538,1286,0,0,0
2021-01-04,Mongolia,Asia,3278292,156,9.30362518042932,1442,0,0,0
2021-01-11,Mongolia,Asia,3278292,84,7.32088538787881,1526,0,0,0
2021-01-18,Mongolia,Asia,3278292,117,6.1312415123485,1643,0,0,0
2021-01-25,Mongolia,Asia,3278292,171,8.78506246545457,1814,2,0.610073782323234,2
2021-02-01,Mongolia,Asia,3278292,259,13.1165863199495,2073,0,0.610073782323234,2
2021-02-08,Mongolia,Asia,3278292,310,17.356599107096,2383,0,0,2
2021-02-15,Mongolia,Asia,3278292,310,18.9122872520203,2693,0,0,2
2021-02-22,Mongolia,Asia,3278292,259,17.356599107096,2952,0,0,2
2020-03-16,Montenegro,Europe,621873,21,NA,21,0,NA,0
2020-03-23,Montenegro,Europe,621873,64,13.66838566717,85,1,1.60804537260823,1
2020-03-30,Montenegro,Europe,621873,129,31.0352756913389,214,1,3.21609074521647,2
2020-04-06,Montenegro,Europe,621873,58,30.070448467774,272,1,3.21609074521647,3
2020-04-13,Montenegro,Europe,621873,36,15.1156265025174,308,2,4.8241361178247,5
2020-04-20,Montenegro,Europe,621873,13,7.87942232578034,321,2,6.43218149043293,7
2020-04-27,Montenegro,Europe,621873,1,2.25126352165153,322,1,4.8241361178247,8
2020-05-04,Montenegro,Europe,621873,2,0.48241361178247,324,1,3.21609074521647,9
2020-05-11,Montenegro,Europe,621873,0,0.321609074521647,324,0,1.60804537260823,9
2020-05-18,Montenegro,Europe,621873,0,0,324,0,0,9
2020-05-25,Montenegro,Europe,621873,0,0,324,0,0,9
2020-06-01,Montenegro,Europe,621873,0,0,324,0,0,9
2020-06-08,Montenegro,Europe,621873,1,0.160804537260823,325,0,0,9
2020-06-15,Montenegro,Europe,621873,37,6.11057241591129,362,0,0,9
2020-06-22,Montenegro,Europe,621873,119,25.0855078126884,481,2,3.21609074521647,11
2020-06-29,Montenegro,Europe,621873,300,67.377101112285,781,3,8.04022686304117,14
2020-07-06,Montenegro,Europe,621873,440,118.995357573009,1221,9,19.2965444712988,23
2020-07-13,Montenegro,Europe,621873,550,159.196491888215,1771,7,25.7287259617317,30
2020-07-20,Montenegro,Europe,621873,798,216.76451622759,2569,10,27.33677133434,40
2020-07-27,Montenegro,Europe,621873,689,239.116346906844,3258,11,33.7689528247729,51
2020-08-03,Montenegro,Europe,621873,360,168.683959586604,3618,13,38.5930889425976,64
2020-08-10,Montenegro,Europe,621873,417,124.94512545166,4035,13,41.8091796878141,77
2020-08-17,Montenegro,Europe,621873,308,116.583289514097,4343,7,32.1609074521647,84
2020-08-24,Montenegro,Europe,621873,447,121.407425631922,4790,14,33.7689528247729,98
2020-08-31,Montenegro,Europe,621873,763,194.573490085596,5553,10,38.5930889425976,108
2020-09-07,Montenegro,Europe,621873,1159,309.066320615303,6712,12,35.3769981973811,120
2020-09-14,Montenegro,Europe,621873,1900,491.901079480859,8612,16,45.0252704330305,136
2020-09-21,Montenegro,Europe,621873,1701,579.057138676225,10313,22,61.1057241591129,158
2020-09-28,Montenegro,Europe,621873,1814,565.227948471794,12127,21,69.145951022154,179
2020-10-05,Montenegro,Europe,621873,1742,571.820934499488,13869,23,70.7539963947623,202
2020-10-12,Montenegro,Europe,621873,1746,560.886225965752,15615,34,91.6585862386693,236
2020-10-19,Montenegro,Europe,621873,1182,470.835685099691,16797,30,102.914903846927,266
2020-10-26,Montenegro,Europe,621873,1917,498.333260971292,18714,47,123.819493690834,313
2020-11-02,Montenegro,Europe,621873,4091,966.113659863027,22805,24,114.171221455185,337
2020-11-09,Montenegro,Europe,621873,4372,1360.88879883835,27177,54,125.427539063442,391
2020-11-16,Montenegro,Europe,621873,3885,1327.76306416262,31062,48,164.02062800604,439
2020-11-23,Montenegro,Europe,621873,3819,1238.83815505738,34881,48,154.37235577039,487
2020-11-30,Montenegro,Europe,621873,3365,1155.21979568176,38246,46,151.156265025174,533
2020-12-07,Montenegro,Europe,621873,3180,1052.46569637209,41426,49,152.764310397782,582
2020-12-14,Montenegro,Europe,621873,2529,918.033103222041,43955,44,149.548219652566,626
2020-12-21,Montenegro,Europe,621873,2739,847.118302290017,46694,40,135.075811299092,666
2020-12-28,Montenegro,Europe,621873,2501,842.615775246714,49195,23,101.306858474319,689
2021-01-04,Montenegro,Europe,621873,3236,922.535630265344,52431,36,94.8746769838858,725
2021-01-11,Montenegro,Europe,621873,3062,1012.74697566867,55493,20,90.0505408660611,745
2021-01-18,Montenegro,Europe,621873,2823,946.334701779946,58316,23,69.145951022154,768
2021-01-25,Montenegro,Europe,621873,3343,991.520776750237,61659,37,96.482722356494,805
2021-02-01,Montenegro,Europe,621873,3568,1111.32015700955,65227,33,112.563176082576,838
2021-02-08,Montenegro,Europe,621873,3694,1167.7625495881,68921,52,136.6838566717,890
2021-02-15,Montenegro,Europe,621873,3074,1088.32510818125,71995,60,180.101081732122,950
2021-02-22,Montenegro,Europe,621873,3838,1111.48096154681,75833,53,181.70912710473,1003
2020-03-16,Montserrat,America,4999,1,NA,1,0,NA,0
2020-03-23,Montserrat,America,4999,4,100.0200040008,5,0,0,0
2020-03-30,Montserrat,America,4999,1,100.0200040008,6,0,0,0
2020-04-06,Montserrat,America,4999,5,120.02400480096,11,0,0,0
2020-04-13,Montserrat,America,4999,0,100.0200040008,11,0,0,0
2020-04-20,Montserrat,America,4999,0,0,11,1,200.0400080016,1
2020-04-27,Montserrat,America,4999,0,0,11,0,200.0400080016,1
2020-05-04,Montserrat,America,4999,0,0,11,0,0,1
2020-05-11,Montserrat,America,4999,0,0,11,0,0,1
2020-05-18,Montserrat,America,4999,0,0,11,0,0,1
2020-05-25,Montserrat,America,4999,0,0,11,0,0,1
2020-06-01,Montserrat,America,4999,0,0,11,0,0,1
2020-06-08,Montserrat,America,4999,0,0,11,0,0,1
2020-06-15,Montserrat,America,4999,0,0,11,0,0,1
2020-06-22,Montserrat,America,4999,0,0,11,0,0,1
2020-06-29,Montserrat,America,4999,0,0,11,0,0,1
2020-07-06,Montserrat,America,4999,1,20.00400080016,12,0,0,1
2020-07-13,Montserrat,America,4999,0,20.00400080016,12,0,0,1
2020-07-20,Montserrat,America,4999,1,20.00400080016,13,0,0,1
2020-07-27,Montserrat,America,4999,0,20.00400080016,13,0,0,1
2020-08-03,Montserrat,America,4999,0,0,13,0,0,1
2020-08-10,Montserrat,America,4999,0,0,13,0,0,1
2020-08-17,Montserrat,America,4999,0,0,13,0,0,1
2020-08-24,Montserrat,America,4999,0,0,13,0,0,1
2020-08-31,Montserrat,America,4999,0,0,13,0,0,1
2020-09-07,Montserrat,America,4999,0,0,13,0,0,1
2020-09-14,Montserrat,America,4999,0,0,13,0,0,1
2020-09-21,Montserrat,America,4999,0,0,13,0,0,1
2020-09-28,Montserrat,America,4999,0,0,13,0,0,1
2020-10-05,Montserrat,America,4999,0,0,13,0,0,1
2020-10-12,Montserrat,America,4999,0,0,13,0,0,1
2020-10-19,Montserrat,America,4999,0,0,13,0,0,1
2020-10-26,Montserrat,America,4999,0,0,13,0,0,1
2020-11-02,Montserrat,America,4999,0,0,13,0,0,1
2020-11-09,Montserrat,America,4999,0,0,13,0,0,1
2020-11-16,Montserrat,America,4999,0,0,13,0,0,1
2020-11-23,Montserrat,America,4999,0,0,13,0,0,1
2020-11-30,Montserrat,America,4999,0,0,13,0,0,1
2020-12-07,Montserrat,America,4999,0,0,13,0,0,1
2020-12-14,Montserrat,America,4999,0,0,13,0,0,1
2020-12-21,Montserrat,America,4999,0,0,13,0,0,1
2020-12-28,Montserrat,America,4999,0,0,13,0,0,1
2021-01-04,Montserrat,America,4999,0,0,13,0,0,1
2021-01-11,Montserrat,America,4999,0,0,13,0,0,1
2021-01-18,Montserrat,America,4999,0,0,13,0,0,1
2021-01-25,Montserrat,America,4999,0,0,13,0,0,1
2021-02-01,Montserrat,America,4999,4,80.0160032006401,17,0,0,1
2021-02-08,Montserrat,America,4999,3,140.02800560112,20,0,0,1
2021-02-15,Montserrat,America,4999,0,60.0120024004801,20,0,0,1
2021-02-22,Montserrat,America,4999,0,0,20,0,0,1
2020-03-09,Morocco,Africa,36910558,28,NA,28,1,NA,1
2020-03-16,Morocco,Africa,36910558,87,0.311563970395679,115,3,0.108370076659367,4
2020-03-23,Morocco,Africa,36910558,364,1.22187261433436,479,22,0.677312979121042,26
2020-03-30,Morocco,Africa,36910558,542,2.45458223633466,1021,44,1.78810626487955,70
2020-04-06,Morocco,Africa,36910558,640,3.20233576528429,1661,48,2.49251176316543,118
2020-04-13,Morocco,Africa,36910558,1194,4.96876801483196,2855,23,1.92356886070376,141
2020-04-20,Morocco,Africa,36910558,1210,6.51304160722794,4065,20,1.16497832408819,161
2020-04-27,Morocco,Africa,36910558,838,5.54854792495957,4903,13,0.894053132439775,174
2020-05-04,Morocco,Africa,36910558,1160,5.41308532913537,6063,14,0.731498017450725,188
2020-05-11,Morocco,Africa,36910558,807,5.32909851972436,6870,4,0.48766534496715,192
2020-05-18,Morocco,Africa,36910558,563,3.71167512558331,7433,7,0.298017710813258,199
2020-05-25,Morocco,Africa,36910558,374,2.53856904574566,7807,6,0.352202749142942,205
2020-06-01,Morocco,Africa,36910558,417,2.14301826593898,8224,3,0.243832672483575,208
2020-06-08,Morocco,Africa,36910558,510,2.51147652658082,8734,4,0.189647634153892,212
2020-06-15,Morocco,Africa,36910558,1243,4.74931860959674,9977,2,0.16255511498905,214
2020-06-22,Morocco,Africa,36910558,2075,8.98929785889447,12052,7,0.243832672483575,221
2020-06-29,Morocco,Africa,36910558,2163,11.4818096220599,14215,14,0.568942902461675,235
2020-07-06,Morocco,Africa,36910558,1530,10.005267327576,15745,15,0.785683055780408,250
2020-07-13,Morocco,Africa,36910558,1491,8.18465003969867,17236,23,1.02951572826398,273
2020-07-20,Morocco,Africa,36910558,3042,12.2810389374227,20278,40,1.70682870738503,313
2020-07-27,Morocco,Africa,36910558,5259,22.4895001587351,25537,69,2.95308458896774,382
2020-08-03,Morocco,Africa,36910558,7700,35.1091955857183,33237,116,5.01211604549571,498
2020-08-10,Morocco,Africa,36910558,9252,45.9272384882396,42489,160,7.4775352894963,658
2020-08-17,Morocco,Africa,36910558,9860,51.7792226278454,52349,230,10.5660824742883,888
2020-08-24,Morocco,Africa,36910558,9050,51.2319537407156,61399,223,12.2729111816733,1111
2020-08-31,Morocco,Africa,36910558,10995,54.3069546659251,72394,250,12.8147615649701,1361
2020-09-07,Morocco,Africa,36910558,14292,68.5088532121351,86686,217,12.652206449981099,1578
2020-09-14,Morocco,Africa,36910558,15057,79.513834496893793,101743,252,12.7063914883107,1830
2020-09-21,Morocco,Africa,36910558,15942,83.9841001590927,117685,239,13.3024269099373,2069
2020-09-28,Morocco,Africa,36910558,15587,85.4200036748293,133272,261,13.5462595824208,2330
2020-10-05,Morocco,Africa,36910558,19132,94.0625172884138,152404,275,14.5215902723551,2605
2020-10-12,Morocco,Africa,36910558,21228,109.345407349301,173632,323,16.2013264605753,2928
2020-10-19,Morocco,Africa,36910558,23849,122.124948639357,197481,373,18.8563933387298,3301
2020-10-26,Morocco,Africa,36910558,25063,132.514929739074,222544,461,22.595160983478,3762
2020-11-02,Morocco,Africa,36910558,34237,160.658638647511,256781,510,26.3068361090613,4272
2020-11-09,Morocco,Africa,36910558,36396,191.362590617026,293177,507,27.553091990644,4779
2020-11-16,Morocco,Africa,36910558,27785,173.88249725187,320962,477,26.6590388582042,5256
2020-11-23,Morocco,Africa,36910558,32841,164.251106688769,353803,533,27.3634443564901,5789
2020-11-30,Morocco,Africa,36910558,25854,159.019541238038,379657,456,26.7945014540284,6245
2020-12-07,Morocco,Africa,36910558,19952,124.099993286474,399609,379,22.6222535026428,6624
2020-12-14,Morocco,Africa,36910558,17516,101.510250806829,417125,333,19.2898736453673,6957
2020-12-21,Morocco,Africa,36910558,14954,87.9694097282409,432079,283,16.6889918055425,7240
2020-12-28,Morocco,Africa,36910558,11067,70.4974441188345,443146,245,14.3048501190364,7485
2021-01-04,Morocco,Africa,36910558,9386,55.4123294478507,452532,258,13.6275371399154,7743
2021-01-11,Morocco,Africa,36910558,7139,44.7703879199009,459671,199,12.3812812583326,7942
2021-01-18,Morocco,Africa,36910558,6618,37.2711786150727,466289,208,11.0266553000906,8150
2021-01-25,Morocco,Africa,36910558,4868,31.1184675127371,471157,125,9.02180888189228,8275
2021-02-01,Morocco,Africa,36910558,4198,24.5620778748455,475355,119,6.61057467622137,8394
2021-02-08,Morocco,Africa,36910558,3119,19.8235962729147,478474,83,5.47268887129802,8477
2021-02-15,Morocco,Africa,36910558,2681,15.7136611156082,481155,77,4.33480306637467,8554
2021-02-22,Morocco,Africa,36910558,2611,14.3373611420342,483766,83,4.33480306637467,8637
2020-03-16,Mozambique,Africa,31255435,1,NA,1,0,NA,0
2020-03-23,Mozambique,Africa,31255435,7,0.0255955484222184,8,0,0,0
2020-03-30,Mozambique,Africa,31255435,2,0.0287949919749957,10,0,0,0
2020-04-06,Mozambique,Africa,31255435,11,0.0415927661861049,21,0,0,0
2020-04-13,Mozambique,Africa,31255435,18,0.0927838630305417,39,0,0,0
2020-04-20,Mozambique,Africa,31255435,37,0.175969395402752,76,0,0,0
2020-04-27,Mozambique,Africa,31255435,4,0.131177185663869,80,0,0,0
2020-05-04,Mozambique,Africa,31255435,11,0.0479916532916595,91,0,0,0
2020-05-11,Mozambique,Africa,31255435,46,0.182368282508306,137,0,0,0
2020-05-18,Mozambique,Africa,31255435,57,0.329542685936062,194,0,0,0
2020-05-25,Mozambique,Africa,31255435,60,0.374334895674944,254,2,0.063988871055546,2
2020-06-01,Mozambique,Africa,31255435,172,0.742270904244334,426,0,0.063988871055546,2
2020-06-08,Mozambique,Africa,31255435,157,1.05261692886373,583,1,0.031994435527773,3
2020-06-15,Mozambique,Africa,31255435,150,0.982229170702631,733,2,0.095983306583319,5
2020-06-22,Mozambique,Africa,31255435,126,0.883046420566535,859,0,0.063988871055546,5
2020-06-29,Mozambique,Africa,31255435,128,0.812658662405435,987,3,0.095983306583319,8
2020-07-06,Mozambique,Africa,31255435,170,0.953434178727636,1157,1,0.127977742111092,9
2020-07-13,Mozambique,Africa,31255435,334,1.61251955059976,1491,1,0.063988871055546,10
2020-07-20,Mozambique,Africa,31255435,178,1.63811509902198,1669,1,0.063988871055546,11
2020-07-27,Mozambique,Africa,31255435,277,1.45574681651367,1946,2,0.095983306583319,13
2020-08-03,Mozambique,Africa,31255435,323,1.91966613166638,2269,3,0.159972177638865,16
2020-08-10,Mozambique,Africa,31255435,586,2.90829418947457,2855,3,0.191966613166638,19
2020-08-17,Mozambique,Africa,31255435,540,3.60257344042724,3395,1,0.127977742111092,20
2020-08-24,Mozambique,Africa,31255435,426,3.09066247198287,3821,3,0.127977742111092,23
2020-08-31,Mozambique,Africa,31255435,623,3.35621628686339,4444,4,0.223961048694411,27
2020-09-07,Mozambique,Africa,31255435,825,4.63279426442153,5269,8,0.383933226333276,35
2020-09-14,Mozambique,Africa,31255435,1502,7.44510514731278,6771,8,0.511910968444368,43
2020-09-21,Mozambique,Africa,31255435,1212,8.6832898022376,7983,15,0.735872017138779,58
2020-09-28,Mozambique,Africa,31255435,1213,7.75865061548496,9196,8,0.735872017138779,66
2020-10-05,Mozambique,Africa,31255435,805,6.4564770895046,10001,5,0.415927661861049,71
2020-10-12,Mozambique,Africa,31255435,865,5.34307073313809,10866,4,0.287949919749957,75
2020-10-19,Mozambique,Africa,31255435,1120,6.35089545226294,11986,11,0.479916532916595,86
2020-10-26,Mozambique,Africa,31255435,1002,6.78921921899343,12988,7,0.575899839499914,93
2020-11-02,Mozambique,Africa,31255435,780,5.70140841104915,13768,6,0.415927661861049,99
2020-11-09,Mozambique,Africa,31255435,680,4.67118758705486,14448,14,0.63988871055546,113
2020-11-16,Mozambique,Africa,31255435,589,4.0600938684744,15037,11,0.799860888194325,124
2020-11-23,Mozambique,Africa,31255435,576,3.72735173898556,15613,6,0.543905403972141,130
2020-11-30,Mozambique,Africa,31255435,631,3.8617283682022,16244,3,0.287949919749957,133
2020-12-07,Mozambique,Africa,31255435,710,4.29045380427436,16954,9,0.383933226333276,142
2020-12-14,Mozambique,Africa,31255435,614,4.23606326387715,17568,6,0.479916532916595,148
2020-12-21,Mozambique,Africa,31255435,742,4.33844545756602,18310,14,0.63988871055546,162
2020-12-28,Mozambique,Africa,31255435,999,5.57023122538528,19309,7,0.671883146083233,169
2021-01-04,Mozambique,Africa,31255435,3025,12.8745608563759,22334,28,1.11980524347205,197
2021-01-11,Mozambique,Africa,31255435,4217,23.1703702092132,26551,44,2.30359935799966,241
2021-01-18,Mozambique,Africa,31255435,6230,33.4245867958645,32781,122,5.31107629761032,363
2021-01-25,Mozambique,Africa,31255435,6679,41.3016168228022,39460,23,4.63919315152709,386
2021-02-01,Mozambique,Africa,31255435,5140,37.8142233502749,44600,74,3.10346024619398,460
2021-02-08,Mozambique,Africa,31255435,5665,34.5699875877587,50265,75,4.76717089363818,535
2021-02-15,Mozambique,Africa,31255435,5378,35.3314551533197,55643,60,4.31924879624936,595
2021-02-22,Mozambique,Africa,31255435,3707,29.0669446769818,59350,46,3.39141016594394,641
2020-03-23,Myanmar/Burma,Asia,54409794,8,NA,8,0,NA,0
2020-03-30,Myanmar/Burma,Asia,54409794,13,0.0385959924788541,21,1,0.0183790440375496,1
2020-04-06,Myanmar/Burma,Asia,54409794,20,0.0606508453239136,41,3,0.0735161761501983,4
2020-04-13,Myanmar/Burma,Asia,54409794,70,0.165411396337946,111,1,0.0735161761501983,5
2020-04-20,Myanmar/Burma,Asia,54409794,35,0.19297996239427,146,0,0.0183790440375496,5
2020-04-27,Myanmar/Burma,Asia,54409794,9,0.0808677937652181,155,1,0.0183790440375496,6
2020-05-04,Myanmar/Burma,Asia,54409794,25,0.0624887497276685,180,0,0.0183790440375496,6
2020-05-11,Myanmar/Burma,Asia,54409794,7,0.0588129409201586,187,0,0,6
2020-05-18,Myanmar/Burma,Asia,54409794,14,0.0385959924788541,201,0,0,6
2020-05-25,Myanmar/Burma,Asia,54409794,27,0.0753540805539532,228,0,0,6
2020-06-01,Myanmar/Burma,Asia,54409794,15,0.0771919849577082,243,0,0,6
2020-06-08,Myanmar/Burma,Asia,54409794,19,0.0624887497276685,262,0,0,6
2020-06-15,Myanmar/Burma,Asia,54409794,28,0.086381506976483,290,0,0,6
2020-06-22,Myanmar/Burma,Asia,54409794,9,0.0680024629389334,299,0,0,6
2020-06-29,Myanmar/Burma,Asia,54409794,14,0.042271801286364,313,0,0,6
2020-07-06,Myanmar/Burma,Asia,54409794,18,0.0588129409201586,331,0,0,6
2020-07-13,Myanmar/Burma,Asia,54409794,10,0.0514613233051388,341,0,0,6
2020-07-20,Myanmar/Burma,Asia,54409794,9,0.0349201836713442,350,0,0,6
2020-07-27,Myanmar/Burma,Asia,54409794,3,0.0220548528450595,353,0,0,6
2020-08-03,Myanmar/Burma,Asia,54409794,7,0.0183790440375496,360,0,0,6
2020-08-10,Myanmar/Burma,Asia,54409794,15,0.040433896882609,375,0,0,6
2020-08-17,Myanmar/Burma,Asia,54409794,88,0.189304153586761,463,0,0,6
2020-08-24,Myanmar/Burma,Asia,54409794,324,0.757216614347042,787,0,0,6
2020-08-31,Myanmar/Burma,Asia,54409794,677,1.83974230815871,1464,2,0.0367580880750991,8
2020-09-07,Myanmar/Burma,Asia,54409794,1551,4.09485101156604,3015,16,0.330822792675892,24
2020-09-14,Myanmar/Burma,Asia,54409794,2790,7.97834301670027,5805,70,1.58059778722926,94
2020-09-21,Myanmar/Burma,Asia,54409794,4929,14.1867840925845,10734,132,3.71256689558501,226
2020-09-28,Myanmar/Burma,Asia,54409794,7060,22.0346358966182,17794,186,5.84453600394076,412
2020-10-05,Myanmar/Burma,Asia,54409794,10180,31.6854719207355,27974,234,7.71919849577082,646
2020-10-12,Myanmar/Burma,Asia,54409794,8051,33.5068351848566,36025,234,8.6013926095732,880
2020-10-19,Myanmar/Burma,Asia,54409794,8749,30.8767939830833,44774,215,8.25219077285975,1095
2020-10-26,Myanmar/Burma,Asia,54409794,8631,31.9427785372611,53405,163,6.94727864619374,1258
2020-11-02,Myanmar/Burma,Asia,54409794,7972,30.5147268155435,61377,162,5.97318931220361,1420
2020-11-09,Myanmar/Burma,Asia,54409794,7617,28.651091750136,68994,157,5.86291504797831,1577
2020-11-16,Myanmar/Burma,Asia,54409794,10252,32.8415137906973,79246,162,5.86291504797831,1739
2020-11-23,Myanmar/Burma,Asia,54409794,10240,37.6623370417466,89486,179,6.2672540168044,1918
2020-11-30,Myanmar/Burma,Asia,54409794,9669,36.5908387743574,99155,192,6.81862533793089,2110
2020-12-07,Myanmar/Burma,Asia,54409794,9187,34.6555254372035,108342,158,6.43266541314235,2268
2020-12-14,Myanmar/Burma,Asia,54409794,7792,31.2057788713554,116134,175,6.12022166450401,2443
2020-12-21,Myanmar/Burma,Asia,54409794,5752,24.8925772444571,121886,158,6.12022166450401,2601
2020-12-28,Myanmar/Burma,Asia,54409794,4459,18.7668418667419,126345,127,5.23802755070163,2728
2021-01-04,Myanmar/Burma,Asia,54409794,4259,16.0228505919357,130604,118,4.50286578919964,2846
2021-01-11,Myanmar/Burma,Asia,54409794,3714,14.6536118111383,134318,109,4.17204299652375,2955
2021-01-18,Myanmar/Burma,Asia,54409794,3256,12.8101936941721,137574,107,3.96987351211071,3062
2021-01-25,Myanmar/Burma,Asia,54409794,2571,10.7094689606801,140145,69,3.23471175060872,3131
2021-02-01,Myanmar/Burma,Asia,54409794,1278,7.07409405005283,141423,44,2.0768319762431,3175
2021-02-08,Myanmar/Burma,Asia,54409794,178,2.67598881186722,141601,14,1.06598455417788,3189
2021-02-15,Myanmar/Burma,Asia,54409794,149,0.600994740027871,141750,7,0.385959924788541,3196
2021-02-22,Myanmar/Burma,Asia,54409794,146,0.542181799107712,141896,3,0.183790440375496,3199
2020-03-09,Namibia,Africa,2540916,2,NA,2,0,NA,0
2020-03-16,Namibia,Africa,2540916,1,0.118067657490448,3,0,0,0
2020-03-23,Namibia,Africa,2540916,8,0.354202972471345,11,0,0,0
2020-03-30,Namibia,Africa,2540916,5,0.511626515791943,16,0,0,0
2020-04-06,Namibia,Africa,2540916,0,0.196779429150747,16,0,0,0
2020-04-13,Namibia,Africa,2540916,0,0,16,0,0,0
2020-04-20,Namibia,Africa,2540916,0,0,16,0,0,0
2020-04-27,Namibia,Africa,2540916,0,0,16,0,0,0
2020-05-04,Namibia,Africa,2540916,0,0,16,0,0,0
2020-05-11,Namibia,Africa,2540916,0,0,16,0,0,0
2020-05-18,Namibia,Africa,2540916,5,0.196779429150747,21,0,0,0
2020-05-25,Namibia,Africa,2540916,3,0.314847086641196,24,0,0,0
2020-06-01,Namibia,Africa,2540916,5,0.314847086641196,29,0,0,0
2020-06-08,Namibia,Africa,2540916,3,0.314847086641196,32,0,0,0
2020-06-15,Namibia,Africa,2540916,23,1.02325303158389,55,0,0,0
2020-06-22,Namibia,Africa,2540916,128,5.94273876035257,183,0,0,0
2020-06-29,Namibia,Africa,2540916,229,14.0500512413634,412,0,0,0
2020-07-06,Namibia,Africa,2540916,373,23.69224326975,785,1,0.393558858301494,1
2020-07-13,Namibia,Africa,2540916,462,32.8621646681748,1247,2,1.18067657490448,3
2020-07-20,Namibia,Africa,2540916,528,38.962326971848,1775,5,2.75491200811046,8
2020-07-27,Namibia,Africa,2540916,519,41.2056124641665,2294,3,3.14847086641196,11
2020-08-03,Namibia,Africa,2540916,655,46.2038099645954,2949,8,4.32914744131644,19
2020-08-10,Namibia,Africa,2540916,1205,73.201947644078,4154,16,9.44541259923587,35
2020-08-17,Namibia,Africa,2540916,1700,114.328848336584,5854,17,12.9874423239493,52
2020-08-24,Namibia,Africa,2540916,1511,126.37174940061,7365,20,14.5616777571553,72
2020-08-31,Namibia,Africa,2540916,1320,111.416512785153,8685,17,14.5616777571553,89
2020-09-07,Namibia,Africa,2540916,1034,92.6437552441718,9719,12,11.4132068907433,101
2020-09-14,Namibia,Africa,2540916,658,66.5901588246129,10377,11,9.05185374093437,112
2020-09-21,Namibia,Africa,2540916,656,51.7136339808164,11033,7,7.0840594494269,119
2020-09-28,Namibia,Africa,2540916,593,49.1555014018566,11626,4,4.32914744131644,123
2020-10-05,Namibia,Africa,2540916,310,35.538364904625,11936,5,3.54202972471345,128
2020-10-12,Namibia,Africa,2540916,357,26.2503758487097,12293,3,3.14847086641196,131
2020-10-19,Namibia,Africa,2540916,367,28.4936613410282,12660,2,1.96779429150747,133
2020-10-26,Namibia,Africa,2540916,328,27.3523406519539,12988,0,0.787117716602989,133
2020-11-02,Namibia,Africa,2540916,223,21.6850930924123,13211,1,0.393558858301494,134
2020-11-09,Namibia,Africa,2540916,297,20.4650606316777,13508,4,1.96779429150747,138
2020-11-16,Namibia,Africa,2540916,357,25.7387493329177,13865,7,4.32914744131644,145
2020-11-23,Namibia,Africa,2540916,480,32.9408764398351,14345,6,5.11626515791943,151
2020-11-30,Namibia,Africa,2540916,733,47.7386895119713,15078,1,2.75491200811046,152
2020-12-07,Namibia,Africa,2540916,1458,86.2287458538574,16536,8,3.54202972471345,160
2020-12-14,Namibia,Africa,2540916,2178,143.098000878423,18714,17,9.83897145753736,177
2020-12-21,Namibia,Africa,2540916,3573,226.335699409189,22287,16,12.9874423239493,193
2020-12-28,Namibia,Africa,2540916,3099,262.582470258757,25386,25,16.1359131903613,218
2021-01-04,Namibia,Africa,2540916,3216,248.532419017394,28602,43,26.7620023645016,261
2021-01-11,Namibia,Africa,2540916,1761,195.874243776654,30363,24,26.3684435062001,285
2021-01-18,Namibia,Africa,2540916,2062,150.457551528661,32425,34,22.8264137814867,319
2021-01-25,Namibia,Africa,2540916,1743,149.749145583719,34168,34,26.7620023645016,353
2021-02-01,Namibia,Africa,2540916,0,68.5973090019505,34168,0,13.3810011822508,353
2021-02-08,Namibia,Africa,2540916,1784,70.2109003209866,35952,35,13.7745600405523,388
2021-02-15,Namibia,Africa,2540916,1944,146.718742374797,37896,23,22.8264137814867,411
2021-02-22,Namibia,Africa,2540916,949,113.856577706622,38845,13,14.1681188988538,424
2019-12-30,Nepal,Asia,29136808,0,NA,0,0,NA,0
2020-01-06,Nepal,Asia,29136808,0,0,0,0,0,0
2020-01-13,Nepal,Asia,29136808,0,0,0,0,0,0
2020-01-20,Nepal,Asia,29136808,1,0.00343208494218035,1,0,0,0
2020-01-27,Nepal,Asia,29136808,0,0.00343208494218035,1,0,0,0
2020-02-03,Nepal,Asia,29136808,0,0,1,0,0,0
2020-02-10,Nepal,Asia,29136808,0,0,1,0,0,0
2020-02-17,Nepal,Asia,29136808,0,0,1,0,0,0
2020-02-24,Nepal,Asia,29136808,0,0,1,0,0,0
2020-03-02,Nepal,Asia,29136808,0,0,1,0,0,0
2020-03-09,Nepal,Asia,29136808,0,0,1,0,0,0
2020-03-16,Nepal,Asia,29136808,0,0,1,0,0,0
2020-03-23,Nepal,Asia,29136808,4,0.0137283397687214,5,0,0,0
2020-03-30,Nepal,Asia,29136808,4,0.0274566795374428,9,0,0,0
2020-04-06,Nepal,Asia,29136808,3,0.0240245945952625,12,0,0,0
2020-04-13,Nepal,Asia,29136808,19,0.0755058687279677,31,0,0,0
2020-04-20,Nepal,Asia,29136808,21,0.137283397687214,52,0,0,0
2020-04-27,Nepal,Asia,29136808,23,0.151011737455936,75,0,0,0
2020-05-04,Nepal,Asia,29136808,45,0.233381776068264,120,0,0,0
2020-05-11,Nepal,Asia,29136808,184,0.785947451759301,304,2,0.068641698843607,2
2020-05-18,Nepal,Asia,29136808,299,1.65769702707311,603,1,0.102962548265411,3
2020-05-25,Nepal,Asia,29136808,969,4.35188370668469,1572,5,0.205925096530821,8
2020-06-01,Nepal,Asia,29136808,1876,9.7642816605031,3448,5,0.343208494218035,13
2020-06-08,Nepal,Asia,29136808,2312,14.3735717378513,5760,6,0.377529343639839,19
2020-06-15,Nepal,Asia,29136808,3266,19.144169807482,9026,4,0.343208494218035,23
2020-06-22,Nepal,Asia,29136808,3746,24.0657796145686,12772,5,0.308887644796232,28
2020-06-29,Nepal,Asia,29136808,3012,23.194030039254798,15784,6,0.377529343639839,34
2020-07-06,Nepal,Asia,29136808,1017,13.8278702320446,16801,4,0.343208494218035,38
2020-07-13,Nepal,Asia,29136808,857,6.43172718164598,17658,2,0.205925096530821,40
2020-07-20,Nepal,Asia,29136808,955,6.2189379152308,18613,5,0.240245945952625,45
2020-07-27,Nepal,Asia,29136808,1719,9.17739513539026,20332,12,0.58345444017066,57
2020-08-03,Nepal,Asia,29136808,2640,14.9604582629642,22972,18,1.0296254826541,75
2020-08-10,Nepal,Asia,29136808,3688,21.7182335141173,26660,29,1.61307992282477,104
2020-08-17,Nepal,Asia,29136808,5275,30.7617773367625,31935,45,2.53974285721346,149
2020-08-24,Nepal,Asia,29136808,6626,40.8452428968884,38561,72,4.01553938235101,221
2020-08-31,Nepal,Asia,29136808,7696,49.154320541907,46257,68,4.80491891905249,289
2020-09-07,Nepal,Asia,29136808,7902,53.5336609281291,54159,56,4.25578532830364,345
2020-09-14,Nepal,Asia,29136808,9963,61.314197492052,64122,66,4.18714362946003,411
2020-09-21,Nepal,Asia,29136808,9272,66.0161538628391,73394,66,4.53035212367806,477
2020-09-28,Nepal,Asia,29136808,13429,77.9117602724362,86823,58,4.25578532830364,535
2020-10-05,Nepal,Asia,29136808,20932,117.929870698259,107755,101,5.45701505806676,636
2020-10-12,Nepal,Asia,29136808,24491,155.895594328658,132246,103,7.00145328204792,739
2020-10-19,Nepal,Asia,29136808,25843,172.750563479706,158089,108,7.24169922800054,847
2020-10-26,Nepal,Asia,29136808,15478,141.817181895834,173567,113,7.58490772221858,960
2020-11-02,Nepal,Asia,29136808,20886,124.804336837446,194453,148,8.95774169909072,1108
2020-11-09,Nepal,Asia,29136808,15323,124.272363671408,209776,113,8.95774169909072,1221
2020-11-16,Nepal,Asia,29136808,10532,88.736556180073,220308,100,7.31034092684415,1321
2020-11-23,Nepal,Asia,29136808,11670,76.1991498862882,231978,158,8.85477915082531,1479
2020-11-30,Nepal,Asia,29136808,9003,70.9514920096944,240981,115,9.36959189215236,1594
2020-12-07,Nepal,Asia,29136808,7442,56.4406368741559,248423,104,7.51626602337497,1698
2020-12-14,Nepal,Asia,29136808,5349,43.8997984954289,253772,90,6.65824478782988,1788
2020-12-21,Nepal,Asia,29136808,4409,33.4902848657959,258181,37,4.35874787656905,1825
2020-12-28,Nepal,Asia,29136808,3678,27.7552709274125,261859,53,3.08887644796232,1878
2021-01-04,Nepal,Asia,29136808,2921,22.6483285334481,264780,39,3.15751814680592,1917
2021-01-11,Nepal,Asia,29136808,2542,18.7494800391313,267322,42,2.77998880316609,1959
2021-01-18,Nepal,Asia,29136808,2128,16.0278366799822,269450,42,2.8829513514315,2001
2021-01-25,Nepal,Asia,29136808,1509,12.4824929347099,270959,28,2.40245945952625,2029
2021-02-01,Nepal,Asia,29136808,966,8.49441023189637,271925,9,1.26987142860673,2038
2021-02-08,Nepal,Asia,29136808,793,6.03703741329524,272718,16,0.858021235545088,2054
2021-02-15,Nepal,Asia,29136808,713,5.16871992292361,273431,7,0.789379536701481,2061
2021-02-22,Nepal,Asia,29136808,712,4.890721042607,274143,713,24.7110115836985,2774
2019-12-30,Netherlands,Europe,17407585,0,NA,0,0,NA,0
2020-01-06,Netherlands,Europe,17407585,0,0,0,0,0,0
2020-01-13,Netherlands,Europe,17407585,0,0,0,0,0,0
2020-01-20,Netherlands,Europe,17407585,0,0,0,0,0,0
2020-01-27,Netherlands,Europe,17407585,0,0,0,0,0,0
2020-02-03,Netherlands,Europe,17407585,0,0,0,0,0,0
2020-02-10,Netherlands,Europe,17407585,0,0,0,0,0,0
2020-02-17,Netherlands,Europe,17407585,0,0,0,0,0,0
2020-02-24,Netherlands,Europe,17407585,13,0.0746800891680265,13,0,0,0
2020-03-02,Netherlands,Europe,17407585,252,1.522324894579,265,3,0.17233866731083,3
2020-03-09,Netherlands,Europe,17407585,870,6.44546615742505,1135,17,1.14892444873887,20
2020-03-16,Netherlands,Europe,17407585,3069,22.628067017912,4204,159,10.110535148902,179
2020-03-23,Netherlands,Europe,17407585,6662,55.9009190533897,10866,592,43.1421130501445,771
2020-03-30,Netherlands,Europe,17407585,6985,78.3968597596967,17851,995,91.1671550074292,1766
2020-04-06,Netherlands,Europe,17407585,7736,84.5665840494244,25587,971,112.939273311031,2737
2020-04-13,Netherlands,Europe,17407585,7068,85.0433876956511,32655,947,110.181854634058,3684
2020-04-20,Netherlands,Europe,17407585,5190,70.4175794632053,37845,791,99.8415345954077,4475
2020-04-27,Netherlands,Europe,17407585,2726,45.4744296810844,40571,581,78.8162171834864,5056
2020-05-04,Netherlands,Europe,17407585,2056,27.4707835693464,42627,384,55.4356046516504,5440
2020-05-11,Netherlands,Europe,17407585,1368,19.6695865624094,43995,240,35.8464428006527,5680
2020-05-18,Netherlands,Europe,17407585,1241,14.9877194337985,45236,142,21.944456970912402,5822
2020-05-25,Netherlands,Europe,17407585,1206,14.0570906303201,46442,134,15.8551573925964,5956
2020-06-01,Netherlands,Europe,17407585,1132,13.4309268057574,47574,57,10.972228485456201,6013
2020-06-08,Netherlands,Europe,17407585,1209,13.4481606724885,48783,46,5.91696091100517,6059
2020-06-15,Netherlands,Europe,17407585,810,11.5983923100189,49593,31,4.42335912764464,6090
2020-06-22,Netherlands,Europe,17407585,554,7.83566474039909,50147,15,2.6425262320994,6105
2020-06-29,Netherlands,Europe,17407585,474,5.90547166651779,50621,22,2.12551023016691,6127
2020-07-06,Netherlands,Europe,17407585,401,5.02654446323255,51022,8,1.7233866731083,6135
2020-07-13,Netherlands,Europe,17407585,703,6.34206295703856,51725,1,0.517016001932491,6136
2020-07-20,Netherlands,Europe,17407585,1221,11.0526531968679,52946,4,0.287231112184717,6140
2020-07-27,Netherlands,Europe,17407585,2097,19.0606566045778,55043,0,0.229784889747774,6140
2020-08-03,Netherlands,Europe,17407585,3521,32.2732877650748,58564,8,0.459569779495548,6148
2020-08-10,Netherlands,Europe,17407585,4379,45.3825157251853,62943,15,1.3212631160497,6163
2020-08-17,Netherlands,Europe,17407585,3547,45.5318759035214,66490,28,2.47018756478857,6191
2020-08-24,Netherlands,Europe,17407585,3581,40.9476673530533,70071,24,2.98720356672106,6215
2020-08-31,Netherlands,Europe,17407585,4644,47.249517954386,74715,19,2.47018756478857,6234
2020-09-07,Netherlands,Europe,17407585,7308,68.6597250566348,82023,11,1.7233866731083,6245
2020-09-14,Netherlands,Europe,17407585,11661,108.969739340638,93684,25,2.06806400772996,6270
2020-09-21,Netherlands,Europe,17407585,17826,169.391676099815,111510,95,6.89354669243321,6365
2020-09-28,Netherlands,Europe,17407585,24239,241.647534681003,135749,80,10.0530889264651,6445
2020-10-05,Netherlands,Europe,17407585,38701,361.566524018122,174450,130,12.0637067117581,6575
2020-10-12,Netherlands,Europe,17407585,53784,531.291388208071,228234,176,17.5785440657047,6751
2020-10-19,Netherlands,Europe,17407585,62691,669.104875834299,290925,285,26.4827085434309,7036
2020-10-26,Netherlands,Europe,17407585,68512,753.711672239429,359437,388,38.6613077000629,7424
2020-11-02,Netherlands,Europe,17407585,50136,681.587939969847,409573,570,55.0334810945918,7994
2020-11-09,Netherlands,Europe,17407585,37762,504.940805976245,447335,481,60.3759797812276,8475
2020-11-16,Netherlands,Europe,17407585,36725,427.899677066061,484060,404,50.8399068566949,8879
2020-11-23,Netherlands,Europe,17407585,34213,407.512012723189,518273,457,49.4611975182083,9336
2020-11-30,Netherlands,Europe,17407585,38280,416.444900312134,556553,338,45.66974683737,9674
2020-12-07,Netherlands,Europe,17407585,56193,542.711697228536,612746,360,40.0974632609865,10034
2020-12-14,Netherlands,Europe,17407585,76154,760.283520086215,688900,443,46.1293166168656,10477
2020-12-21,Netherlands,Europe,17407585,80594,900.458047454601,769494,551,57.1015451023218,11028
2020-12-28,Netherlands,Europe,17407585,50699,754.228688241361,820193,570,64.3972153518136,11598
2021-01-04,Netherlands,Europe,17407585,57026,618.839431201973,877219,799,78.6438785161756,12397
2021-01-11,Netherlands,Europe,17407585,38967,551.443523038951,916186,645,82.9523451989463,13042
2021-01-18,Netherlands,Europe,17407585,35590,428.301800623119,951776,522,67.039741583913,13564
2021-01-25,Netherlands,Europe,17407585,28671,369.155170002042,980447,445,55.5504970965243,14009
2021-02-01,Netherlands,Europe,17407585,26270,315.615290690811,1006717,403,48.714396626528,14412
2021-02-08,Netherlands,Europe,17407585,24069,289.17853912533,1030786,414,46.9335637309828,14826
2021-02-15,Netherlands,Europe,17407585,28657,302.890952421028,1059443,405,47.0484561758567,15231
2021-02-22,Netherlands,Europe,17407585,31613,346.228382627458,1091056,334,42.4527583809012,15565
2020-03-16,New Caledonia,Oceania,285491,5,NA,5,0,NA,0
2020-03-23,New Caledonia,Oceania,285491,10,5.25410608390457,15,0,0,0
2020-03-30,New Caledonia,Oceania,285491,3,4.55355860605063,18,0,0,0
2020-04-06,New Caledonia,Oceania,285491,0,1.05082121678091,18,0,0,0
2020-04-13,New Caledonia,Oceania,285491,0,0,18,0,0,0
2020-04-20,New Caledonia,Oceania,285491,0,0,18,0,0,0
2020-04-27,New Caledonia,Oceania,285491,0,0,18,0,0,0
2020-05-04,New Caledonia,Oceania,285491,0,0,18,0,0,0
2020-05-11,New Caledonia,Oceania,285491,0,0,18,0,0,0
2020-05-18,New Caledonia,Oceania,285491,0,0,18,0,0,0
2020-05-25,New Caledonia,Oceania,285491,1,0.350273738926971,19,0,0,0
2020-06-01,New Caledonia,Oceania,285491,1,0.700547477853943,20,0,0,0
2020-06-08,New Caledonia,Oceania,285491,1,0.700547477853943,21,0,0,0
2020-06-15,New Caledonia,Oceania,285491,0,0.350273738926971,21,0,0,0
2020-06-22,New Caledonia,Oceania,285491,0,0,21,0,0,0
2020-06-29,New Caledonia,Oceania,285491,0,0,21,0,0,0
2020-07-06,New Caledonia,Oceania,285491,0,0,21,0,0,0
2020-07-13,New Caledonia,Oceania,285491,1,0.350273738926971,22,0,0,0
2020-07-20,New Caledonia,Oceania,285491,0,0.350273738926971,22,0,0,0
2020-07-27,New Caledonia,Oceania,285491,0,0,22,0,0,0
2020-08-03,New Caledonia,Oceania,285491,1,0.350273738926971,23,0,0,0
2020-08-10,New Caledonia,Oceania,285491,0,0.350273738926971,23,0,0,0
2020-08-17,New Caledonia,Oceania,285491,0,0,23,0,0,0
2020-08-24,New Caledonia,Oceania,285491,0,0,23,0,0,0
2020-08-31,New Caledonia,Oceania,285491,3,1.05082121678091,26,0,0,0
2020-09-07,New Caledonia,Oceania,285491,0,1.05082121678091,26,0,0,0
2020-09-14,New Caledonia,Oceania,285491,0,0,26,0,0,0
2020-09-21,New Caledonia,Oceania,285491,1,0.350273738926971,27,0,0,0
2020-09-28,New Caledonia,Oceania,285491,0,0.350273738926971,27,0,0,0
2020-10-05,New Caledonia,Oceania,285491,0,0,27,0,0,0
2020-10-12,New Caledonia,Oceania,285491,0,0,27,0,0,0
2020-10-19,New Caledonia,Oceania,285491,0,0,27,0,0,0
2020-10-26,New Caledonia,Oceania,285491,1,0.350273738926971,28,0,0,0
2020-11-02,New Caledonia,Oceania,285491,1,0.700547477853943,29,0,0,0
2020-11-09,New Caledonia,Oceania,285491,1,0.700547477853943,30,0,0,0
2020-11-16,New Caledonia,Oceania,285491,2,1.05082121678091,32,0,0,0
2020-11-23,New Caledonia,Oceania,285491,0,0.700547477853943,32,0,0,0
2020-11-30,New Caledonia,Oceania,285491,3,1.05082121678091,35,0,0,0
2020-12-07,New Caledonia,Oceania,285491,1,1.40109495570789,36,0,0,0
2020-12-14,New Caledonia,Oceania,285491,1,0.700547477853943,37,0,0,0
2020-12-21,New Caledonia,Oceania,285491,1,0.700547477853943,38,0,0,0
2020-12-28,New Caledonia,Oceania,285491,2,1.05082121678091,40,0,0,0
2021-01-04,New Caledonia,Oceania,285491,0,0.700547477853943,40,0,0,0
2021-01-11,New Caledonia,Oceania,285491,4,1.40109495570789,44,0,0,0
2021-01-18,New Caledonia,Oceania,285491,0,1.40109495570789,44,0,0,0
2021-01-25,New Caledonia,Oceania,285491,3,1.05082121678091,47,0,0,0
2021-02-01,New Caledonia,Oceania,285491,0,1.05082121678091,47,0,0,0
2021-02-08,New Caledonia,Oceania,285491,5,1.75136869463486,52,0,0,0
2021-02-15,New Caledonia,Oceania,285491,3,2.80218991141577,55,0,0,0
2021-02-22,New Caledonia,Oceania,285491,3,2.10164243356183,58,0,0,0
2019-12-30,New Zealand,Oceania,4822233,0,NA,0,0,NA,0
2020-01-06,New Zealand,Oceania,4822233,0,0,0,0,0,0
2020-01-13,New Zealand,Oceania,4822233,0,0,0,0,0,0
2020-01-20,New Zealand,Oceania,4822233,0,0,0,0,0,0
2020-01-27,New Zealand,Oceania,4822233,0,0,0,0,0,0
2020-02-03,New Zealand,Oceania,4822233,0,0,0,0,0,0
2020-02-10,New Zealand,Oceania,4822233,0,0,0,0,0,0
2020-02-17,New Zealand,Oceania,4822233,0,0,0,0,0,0
2020-02-24,New Zealand,Oceania,4822233,1,0.0207372808406396,1,0,0,0
2020-03-02,New Zealand,Oceania,4822233,4,0.103686404203198,5,0,0,0
2020-03-09,New Zealand,Oceania,4822233,3,0.145160965884477,8,0,0,0
2020-03-16,New Zealand,Oceania,4822233,94,2.01151624154204,102,0,0,0
2020-03-23,New Zealand,Oceania,4822233,450,11.2810807773079,552,1,0.207372808406396,1
2020-03-30,New Zealand,Oceania,4822233,359,16.7764602000774,911,0,0.207372808406396,1
2020-04-06,New Zealand,Oceania,4822233,153,10.6174877904075,1064,4,0.829491233625584,5
2020-04-13,New Zealand,Oceania,4822233,41,4.02303248308408,1105,7,2.28110089247036,12
2020-04-20,New Zealand,Oceania,4822233,17,1.2027622887571,1122,7,2.90321931768954,19
2020-04-27,New Zealand,Oceania,4822233,15,0.663592986900467,1137,1,1.65898246725117,20
2020-05-04,New Zealand,Oceania,4822233,10,0.51843202101599,1147,1,0.414745616812792,21
2020-05-11,New Zealand,Oceania,4822233,2,0.248847370087675,1149,0,0.207372808406396,21
2020-05-18,New Zealand,Oceania,4822233,5,0.145160965884477,1154,0,0,21
2020-05-25,New Zealand,Oceania,4822233,0,0.103686404203198,1154,1,0.207372808406396,22
2020-06-01,New Zealand,Oceania,4822233,0,0,1154,0,0.207372808406396,22
2020-06-08,New Zealand,Oceania,4822233,0,0,1154,0,0,22
2020-06-15,New Zealand,Oceania,4822233,9,0.186635527565756,1163,0,0,22
2020-06-22,New Zealand,Oceania,4822233,15,0.49769474017535,1178,0,0,22
2020-06-29,New Zealand,Oceania,4822233,5,0.414745616812792,1183,0,0,22
2020-07-06,New Zealand,Oceania,4822233,11,0.331796493450234,1194,0,0,22
2020-07-13,New Zealand,Oceania,4822233,10,0.435482897653432,1204,0,0,22
2020-07-20,New Zealand,Oceania,4822233,2,0.248847370087675,1206,0,0,22
2020-07-27,New Zealand,Oceania,4822233,11,0.269584650928315,1217,0,0,22
2020-08-03,New Zealand,Oceania,4822233,2,0.269584650928315,1219,0,0,22
2020-08-10,New Zealand,Oceania,4822233,61,1.3064486929603,1280,0,0,22
2020-08-17,New Zealand,Oceania,4822233,52,2.34331273499227,1332,0,0,22
2020-08-24,New Zealand,Oceania,4822233,55,2.21888904994844,1387,0,0,22
2020-08-31,New Zealand,Oceania,4822233,38,1.92856711817948,1425,2,0.414745616812792,24
2020-09-07,New Zealand,Oceania,4822233,22,1.24423685043838,1447,0,0.414745616812792,24
2020-09-14,New Zealand,Oceania,4822233,17,0.808753952784944,1464,1,0.207372808406396,25
2020-09-21,New Zealand,Oceania,4822233,13,0.622118425219188,1477,0,0.207372808406396,25
2020-09-28,New Zealand,Oceania,4822233,22,0.725804829422386,1499,0,0,25
2020-10-05,New Zealand,Oceania,4822233,16,0.788016671944305,1515,0,0,25
2020-10-12,New Zealand,Oceania,4822233,15,0.642855706059828,1530,0,0,25
2020-10-19,New Zealand,Oceania,4822233,54,1.43087237800413,1584,0,0,25
2020-10-26,New Zealand,Oceania,4822233,23,1.59677062472925,1607,0,0,25
2020-11-02,New Zealand,Oceania,4822233,23,0.953914918669421,1630,0,0,25
2020-11-09,New Zealand,Oceania,4822233,15,0.788016671944305,1645,0,0,25
2020-11-16,New Zealand,Oceania,4822233,29,0.912440356988142,1674,0,0,25
2020-11-23,New Zealand,Oceania,4822233,26,1.14055044623518,1700,0,0,25
2020-11-30,New Zealand,Oceania,4822233,23,1.01612676119134,1723,0,0,25
2020-12-07,New Zealand,Oceania,4822233,17,0.829491233625584,1740,0,0,25
2020-12-14,New Zealand,Oceania,4822233,25,0.870965795306863,1765,0,0,25
2020-12-21,New Zealand,Oceania,4822233,23,0.995389480350701,1788,0,0,25
2020-12-28,New Zealand,Oceania,4822233,37,1.24423685043838,1825,0,0,25
2021-01-04,New Zealand,Oceania,4822233,41,1.61750790556989,1866,0,0,25
2021-01-11,New Zealand,Oceania,4822233,40,1.67971974809181,1906,0,0,25
2021-01-18,New Zealand,Oceania,4822233,26,1.36866053548221,1932,0,0,25
2021-01-25,New Zealand,Oceania,4822233,15,0.850228514466223,1947,0,0,25
2021-02-01,New Zealand,Oceania,4822233,17,0.663592986900467,1964,0,0,25
2021-02-08,New Zealand,Oceania,4822233,16,0.684330267741107,1980,0,0,25
2021-02-15,New Zealand,Oceania,4822233,21,0.767279391103665,2001,1,0.207372808406396,26
2021-02-22,New Zealand,Oceania,4822233,21,0.870965795306863,2022,0,0.207372808406396,26
2020-03-16,Nicaragua,America,6624554,2,NA,2,0,NA,0
2020-03-23,Nicaragua,America,6624554,2,0.0603814234135611,4,1,0.150953558533903,1
2020-03-30,Nicaragua,America,6624554,1,0.0452860675601709,5,0,0.150953558533903,1
2020-04-06,Nicaragua,America,6624554,4,0.0754767792669514,9,0,0,1
2020-04-13,Nicaragua,America,6624554,0,0.0603814234135611,9,0,0,1
2020-04-20,Nicaragua,America,6624554,4,0.0603814234135611,13,2,0.301907117067806,3
2020-04-27,Nicaragua,America,6624554,1,0.0754767792669514,14,2,0.603814234135611,5
2020-05-04,Nicaragua,America,6624554,2,0.0452860675601709,16,0,0.301907117067806,5
2020-05-11,Nicaragua,America,6624554,9,0.166048914387293,25,3,0.452860675601709,8
2020-05-18,Nicaragua,America,6624554,254,3.97007858944164,279,9,1.81144270240683,17
2020-05-25,Nicaragua,America,6624554,480,11.0799911963885,759,18,4.07574608041538,35
2020-06-01,Nicaragua,America,6624554,550,15.548216528992,1309,11,4.37765319748318,46
2020-06-08,Nicaragua,America,6624554,346,13.5254388446377,1655,9,3.01907117067806,55
2020-06-15,Nicaragua,America,6624554,359,10.6422258766402,2014,9,2.71716405361025,64
2020-06-22,Nicaragua,America,6624554,156,7.774108264496,2170,10,2.86811761214415,74
2020-06-29,Nicaragua,America,6624554,349,7.62315470596209,2519,9,2.86811761214415,83
2020-07-06,Nicaragua,America,6624554,327,10.2044605568918,2846,8,2.56621049507635,91
2020-07-13,Nicaragua,America,6624554,301,9.4798834759291,3147,8,2.41525693654245,99
2020-07-20,Nicaragua,America,6624554,292,8.95154602106044,3439,9,2.56621049507635,108
2020-07-27,Nicaragua,America,6624554,233,7.9250618230299,3672,8,2.56621049507635,116
2020-08-03,Nicaragua,America,6624554,230,6.9891497601197,3902,7,2.26430337800854,123
2020-08-10,Nicaragua,America,6624554,213,6.6872426430519,4115,5,1.81144270240683,128
2020-08-17,Nicaragua,America,6624554,196,6.17400054403663,4311,5,1.50953558533903,133
2020-08-24,Nicaragua,America,6624554,183,5.72113986843492,4494,4,1.35858202680513,137
2020-08-31,Nicaragua,America,6624554,174,5.38904203966033,4668,4,1.20762846827122,141
2020-09-07,Nicaragua,America,6624554,150,4.89089529649845,4818,3,1.05667490973732,144
2020-09-14,Nicaragua,America,6624554,143,4.42293926504335,4961,3,0.905721351203417,147
2020-09-21,Nicaragua,America,6624554,112,3.84931574261452,5073,2,0.754767792669514,149
2020-09-28,Nicaragua,America,6624554,97,3.15492937335857,5170,2,0.603814234135611,151
2020-10-05,Nicaragua,America,6624554,94,2.88321296799754,5264,2,0.603814234135611,153
2020-10-12,Nicaragua,America,6624554,89,2.76245012117042,5353,1,0.452860675601709,154
2020-10-19,Nicaragua,America,6624554,81,2.56621049507635,5434,1,0.301907117067806,155
2020-10-26,Nicaragua,America,6624554,80,2.43035229239584,5514,1,0.301907117067806,156
2020-11-02,Nicaragua,America,6624554,77,2.36997086898227,5591,1,0.301907117067806,157
2020-11-09,Nicaragua,America,6624554,70,2.21901731044837,5661,1,0.301907117067806,158
2020-11-16,Nicaragua,America,6624554,64,2.0227776843543,5725,1,0.301907117067806,159
2020-11-23,Nicaragua,America,6624554,59,1.85672876996701,5784,1,0.301907117067806,160
2020-11-30,Nicaragua,America,6624554,54,1.7057752114331,5838,1,0.301907117067806,161
2020-12-07,Nicaragua,America,6624554,49,1.5548216528992,5887,1,0.301907117067806,162
2020-12-14,Nicaragua,America,6624554,51,1.50953558533903,5938,1,0.301907117067806,163
2020-12-21,Nicaragua,America,6624554,53,1.56991700875259,5991,1,0.301907117067806,164
2020-12-28,Nicaragua,America,6624554,55,1.63029843216615,6046,1,0.301907117067806,165
2021-01-04,Nicaragua,America,6624554,51,1.60010772045937,6097,1,0.301907117067806,166
2021-01-11,Nicaragua,America,6624554,55,1.60010772045937,6152,1,0.301907117067806,167
2021-01-18,Nicaragua,America,6624554,52,1.61520307631276,6204,1,0.301907117067806,168
2021-01-25,Nicaragua,America,6624554,49,1.52463094119242,6253,1,0.301907117067806,169
2021-02-01,Nicaragua,America,6624554,46,1.43405880607208,6299,1,0.301907117067806,170
2021-02-08,Nicaragua,America,6624554,48,1.41896345021869,6347,1,0.301907117067806,171
2021-02-15,Nicaragua,America,6624554,98,2.20392195459498,6445,2,0.452860675601709,173
2021-02-22,Nicaragua,America,6624554,44,2.14354053118142,6489,1,0.452860675601709,174
2020-03-16,Niger,Africa,24206636,1,NA,1,0,NA,0
2020-03-23,Niger,Africa,24206636,9,0.0413109859626922,10,1,0.0413109859626922,1
2020-03-30,Niger,Africa,24206636,174,0.755991043117268,184,9,0.413109859626922,10
2020-04-06,Niger,Africa,24206636,345,2.14404017146373,529,2,0.454420845589614,12
2020-04-13,Niger,Africa,24206636,119,1.91682974866892,648,8,0.413109859626922,20
2020-04-20,Niger,Africa,24206636,48,0.68989346557696,696,9,0.702286761365768,29
2020-04-27,Niger,Africa,24206636,54,0.421372056819461,750,7,0.660975775403075,36
2020-05-04,Niger,Africa,24206636,71,0.516387324533653,821,10,0.702286761365768,46
2020-05-11,Niger,Africa,24206636,83,0.63618918382546,904,8,0.74359774732846,54
2020-05-18,Niger,Africa,24206636,41,0.512256225937383,945,7,0.619664789440383,61
2020-05-25,Niger,Africa,24206636,13,0.223079324198538,958,3,0.413109859626922,64
2020-06-01,Niger,Africa,24206636,15,0.115670760695538,973,1,0.165243943850769,65
2020-06-08,Niger,Africa,24206636,7,0.0908841691179229,980,1,0.0826219719253844,66
2020-06-15,Niger,Africa,24206636,56,0.260259211564961,1036,1,0.0826219719253844,67
2020-06-22,Niger,Africa,24206636,38,0.388323268049307,1074,0,0.0413109859626922,67
2020-06-29,Niger,Africa,24206636,19,0.235472619987346,1093,1,0.0413109859626922,68
2020-07-06,Niger,Africa,24206636,6,0.103277464906731,1099,0,0.0413109859626922,68
2020-07-13,Niger,Africa,24206636,5,0.0454420845589614,1104,1,0.0413109859626922,69
2020-07-20,Niger,Africa,24206636,28,0.136326253676884,1132,0,0.0413109859626922,69
2020-07-27,Niger,Africa,24206636,15,0.177637239639577,1147,0,0,69
2020-08-03,Niger,Africa,24206636,11,0.107408563503,1158,0,0,69
2020-08-10,Niger,Africa,24206636,9,0.0826219719253844,1167,0,0,69
2020-08-17,Niger,Africa,24206636,5,0.0578353803477691,1172,0,0,69
2020-08-24,Niger,Africa,24206636,4,0.037179887366423,1176,0,0,69
2020-08-31,Niger,Africa,24206636,1,0.0206554929813461,1177,0,0,69
2020-09-07,Niger,Africa,24206636,3,0.0165243943850769,1180,0,0,69
2020-09-14,Niger,Africa,24206636,8,0.0454420845589614,1188,0,0,69
2020-09-21,Niger,Africa,24206636,8,0.0660975775403075,1196,0,0,69
2020-09-28,Niger,Africa,24206636,4,0.0495731831552307,1200,0,0,69
2020-10-05,Niger,Africa,24206636,1,0.0206554929813461,1201,0,0,69
2020-10-12,Niger,Africa,24206636,9,0.0413109859626922,1210,0,0,69
2020-10-19,Niger,Africa,24206636,5,0.0578353803477691,1215,0,0,69
2020-10-26,Niger,Africa,24206636,6,0.0454420845589614,1221,0,0,69
2020-11-02,Niger,Africa,24206636,22,0.115670760695538,1243,0,0,69
2020-11-09,Niger,Africa,24206636,64,0.355274479279153,1307,1,0.0413109859626922,70
2020-11-16,Niger,Africa,24206636,61,0.516387324533653,1368,0,0.0413109859626922,70
2020-11-23,Niger,Africa,24206636,148,0.863399606620267,1516,0,0,70
2020-11-30,Niger,Africa,24206636,340,2.01597611497938,1856,7,0.289176901738846,77
2020-12-07,Niger,Africa,24206636,402,3.06527515843176,2258,3,0.413109859626922,80
2020-12-14,Niger,Africa,24206636,401,3.31727217280419,2659,7,0.413109859626922,87
2020-12-21,Niger,Africa,24206636,500,3.72211983523857,3159,12,0.784908733291152,99
2020-12-28,Niger,Africa,24206636,306,3.32966546859299,3465,11,0.950152677141921,110
2021-01-04,Niger,Africa,24206636,412,2.9661287921213,3877,16,1.11539662099269,126
2021-01-11,Niger,Africa,24206636,279,2.85458913002203,4156,14,1.2393295788807701,140
2021-01-18,Niger,Africa,24206636,197,1.96640293182415,4353,11,1.03277464906731,151
2021-01-25,Niger,Africa,24206636,184,1.57394856517857,4537,10,0.867530705216537,161
2021-02-01,Niger,Africa,24206636,75,1.06995453643373,4612,4,0.578353803477691,165
2021-02-08,Niger,Africa,24206636,83,0.652713578210537,4695,4,0.330487887701538,169
2021-02-15,Niger,Africa,24206636,45,0.52878062032246,4740,3,0.289176901738846,172
2021-02-22,Niger,Africa,24206636,0,0.185899436832115,4740,0,0.123932957888077,172
2019-12-30,Nigeria,Africa,206139587,0,NA,0,0,NA,0
2020-01-06,Nigeria,Africa,206139587,0,0,0,0,0,0
2020-01-13,Nigeria,Africa,206139587,0,0,0,0,0,0
2020-01-20,Nigeria,Africa,206139587,0,0,0,0,0,0
2020-01-27,Nigeria,Africa,206139587,0,0,0,0,0,0
2020-02-03,Nigeria,Africa,206139587,0,0,0,0,0,0
2020-02-10,Nigeria,Africa,206139587,0,0,0,0,0,0
2020-02-17,Nigeria,Africa,206139587,0,0,0,0,0,0
2020-02-24,Nigeria,Africa,206139587,1,4.85108180603855e-4,1,0,0,0
2020-03-02,Nigeria,Africa,206139587,0,4.85108180603855e-4,1,0,0,0
2020-03-09,Nigeria,Africa,206139587,1,4.85108180603855e-4,2,0,0,0
2020-03-16,Nigeria,Africa,206139587,28,0.0140681372375118,30,0,0,0
2020-03-23,Nigeria,Africa,206139587,67,0.0460852771573662,97,1,0.00485108180603855,1
2020-03-30,Nigeria,Africa,206139587,135,0.0979918524819786,232,4,0.0242554090301927,5
2020-04-06,Nigeria,Africa,206139587,91,0.109634448816471,323,5,0.0436597362543469,10
2020-04-13,Nigeria,Africa,206139587,304,0.191617731338523,627,11,0.0776173088966167,21
2020-04-20,Nigeria,Africa,206139587,646,0.460852771573662,1273,19,0.145532454181156,40
2020-04-27,Nigeria,Africa,206139587,1285,0.936743896746043,2558,47,0.320171399198544,87
2020-05-04,Nigeria,Africa,206139587,1841,1.51644817256765,4399,56,0.49966142602197,143
2020-05-11,Nigeria,Africa,206139587,1560,1.64985292223371,5959,39,0.460852771573662,182
2020-05-18,Nigeria,Africa,206139587,1880,1.66877214127726,7839,44,0.402639789901199,226
2020-05-25,Nigeria,Africa,206139587,2323,2.038909683078,10162,61,0.509363589634047,287
2020-06-01,Nigeria,Africa,206139587,2324,2.25429771526611,12486,67,0.620938471172934,354
2020-06-08,Nigeria,Africa,206139587,3599,2.87329575371663,16085,66,0.645193880203127,420
2020-06-15,Nigeria,Africa,206139587,4159,3.7634692651247,20244,98,0.795577416190322,518
2020-06-22,Nigeria,Africa,206139587,4323,4.1146875878819,24567,47,0.703406861875589,565
2020-06-29,Nigeria,Africa,206139587,4144,4.10741096517284,28711,80,0.616087389366895,645
2020-07-06,Nigeria,Africa,206139587,3847,3.8764994712054,32558,95,0.848939316056746,740
2020-07-13,Nigeria,Africa,206139587,4105,3.85758025216185,36663,49,0.698555780069551,789
2020-07-20,Nigeria,Africa,206139587,3869,3.86825263213514,40532,69,0.572427653112548,858
2020-07-27,Nigeria,Africa,206139587,3309,3.48210652037447,43841,30,0.480257098797816,888
2020-08-03,Nigeria,Africa,206139587,2736,2.9324789517503,46577,57,0.422044117125354,945
2020-08-10,Nigeria,Africa,206139587,2491,2.53566046001635,49068,30,0.422044117125354,975
2020-08-17,Nigeria,Africa,206139587,3159,2.74086122041178,52227,27,0.276511662944197,1002
2020-08-24,Nigeria,Africa,206139587,1638,2.32706394235669,53865,11,0.184341108629465,1013
2020-08-31,Nigeria,Africa,206139587,1140,1.34763052571751,55005,44,0.26680949933212,1057
2020-09-07,Nigeria,Africa,206139587,1251,1.15989365982382,56256,25,0.33472464461666,1082
2020-09-14,Nigeria,Africa,206139587,986,1.08518700001082,57242,16,0.19889435404758,1098
2020-09-21,Nigeria,Africa,206139587,1082,1.00320371748877,58324,10,0.126128126957002,1108
2020-09-28,Nigeria,Africa,206139587,1021,1.02018250380991,59345,5,0.0727662270905782,1113
2020-10-05,Nigeria,Africa,206139587,921,0.942080086732686,60266,2,0.0339575726422698,1115
2020-10-12,Nigeria,Africa,206139587,1174,1.01630163836508,61440,10,0.0582129816724626,1125
2020-10-19,Nigeria,Africa,206139587,552,0.837296719722253,61992,5,0.0727662270905782,1130
2020-10-26,Nigeria,Africa,206139587,972,0.739304867240275,62964,16,0.10187271792681,1146
2020-11-02,Nigeria,Africa,206139587,1126,1.01775696290689,64090,8,0.116425963344925,1154
2020-11-09,Nigeria,Africa,206139587,1058,1.05947626643882,65148,9,0.0824683907026553,1163
2020-11-16,Nigeria,Africa,206139587,1235,1.11235305812464,66383,4,0.0630640634785011,1167
2020-11-23,Nigeria,Africa,206139587,1029,1.09828492088713,67412,6,0.0485108180603855,1173
2020-11-30,Nigeria,Africa,206139587,1843,1.39323069469427,69255,7,0.0630640634785011,1180
2020-12-07,Nigeria,Africa,206139587,3920,2.79567844482001,73175,17,0.116425963344925,1197
2020-12-14,Nigeria,Africa,206139587,5259,4.45280798976278,78434,24,0.19889435404758,1221
2020-12-21,Nigeria,Africa,206139587,6377,5.64471878950645,84811,43,0.325022481004583,1264
2020-12-28,Nigeria,Africa,206139587,5269,5.64956987131249,90080,47,0.436597362543469,1311
2021-01-04,Nigeria,Africa,206139587,10007,7.41051256690448,100087,47,0.456001689767623,1358
2021-01-11,Nigeria,Africa,206139587,10300,9.85109182352248,110387,77,0.60153414394878,1435
2021-01-18,Nigeria,Africa,206139587,12609,11.1133433094537,122996,72,0.722811189099743,1507
2021-01-25,Nigeria,Africa,206139587,8922,10.4448642365816,131918,100,0.83438607063863,1607
2021-02-01,Nigeria,Africa,206139587,7830,8.12653224147577,139748,60,0.776173088966167,1667
2021-02-08,Nigeria,Africa,206139587,6436,6.92055330449459,146184,85,0.703406861875589,1752
2021-02-15,Nigeria,Africa,206139587,5890,5.97944343412311,152074,87,0.83438607063863,1839
2021-02-22,Nigeria,Africa,206139587,3583,4.59542979486031,155657,68,0.751917679935975,1907
2019-12-30,North Macedonia,Europe,2076255,0,NA,0,0,NA,0
2020-01-06,North Macedonia,Europe,2076255,0,0,0,0,0,0
2020-01-13,North Macedonia,Europe,2076255,0,0,0,0,0,0
2020-01-20,North Macedonia,Europe,2076255,0,0,0,0,0,0
2020-01-27,North Macedonia,Europe,2076255,0,0,0,0,0,0
2020-02-03,North Macedonia,Europe,2076255,0,0,0,0,0,0
2020-02-10,North Macedonia,Europe,2076255,0,0,0,0,0,0
2020-02-17,North Macedonia,Europe,2076255,0,0,0,0,0,0
2020-02-24,North Macedonia,Europe,2076255,1,0.0481636407859343,1,0,0,0
2020-03-02,North Macedonia,Europe,2076255,2,0.144490922357803,3,0,0,0
2020-03-09,North Macedonia,Europe,2076255,10,0.577963689431212,13,0,0,0
2020-03-16,North Macedonia,Europe,2076255,101,5.34616412723871,114,1,0.481636407859343,1
2020-03-23,North Macedonia,Europe,2076255,145,11.8482556333398,259,5,2.88981844715606,6
2020-03-30,North Macedonia,Europe,2076255,224,17.7723834500098,483,11,7.70618252574949,17
2020-04-06,North Macedonia,Europe,2076255,345,27.4051116071966,828,17,13.4858194200616,34
2020-04-13,North Macedonia,Europe,2076255,379,34.8704759290164,1207,17,16.3756378672177,51
2020-04-20,North Macedonia,Europe,2076255,179,26.8753115585513,1386,10,13.0041830122023,61
2020-04-27,North Macedonia,Europe,2076255,125,14.641746798924,1511,23,15.8940014593583,84
2020-05-04,North Macedonia,Europe,2076255,131,12.3298920411992,1642,7,14.4490922357803,91
2020-05-11,North Macedonia,Europe,2076255,150,13.5339830608475,1792,10,8.18781893360883,101
2020-05-18,North Macedonia,Europe,2076255,186,16.1829833040739,1978,12,10.5960009729055,113
2020-05-25,North Macedonia,Europe,2076255,248,20.9030201010955,2226,20,15.412365051499,133
2020-06-01,North Macedonia,Europe,2076255,802,50.571822825231,3028,20,19.2654563143737,153
2020-06-08,North Macedonia,Europe,2076255,1029,88.1876262790457,4057,35,26.4900024322639,188
2020-06-15,North Macedonia,Europe,2076255,1049,100.084045553171,5106,50,40.9390946680442,238
2020-06-22,North Macedonia,Europe,2076255,986,98.0130089993763,6092,48,47.2003679702156,286
2020-06-29,North Macedonia,Europe,2076255,954,93.4374631247125,7046,55,49.6085500095123,341
2020-07-06,North Macedonia,Europe,2076255,1065,97.2423907468013,8111,41,46.2370951544969,382
2020-07-13,North Macedonia,Europe,2076255,1021,100.469354679459,9132,40,39.0125490366068,422
2020-07-20,North Macedonia,Europe,2076255,954,95.1231905522202,10086,38,37.5676398130288,460
2020-07-27,North Macedonia,Europe,2076255,968,92.5705175905657,11054,37,36.1227305894507,497
2020-08-03,North Macedonia,Europe,2076255,802,85.2496441911037,11856,30,32.269639326576,527
2020-08-10,North Macedonia,Europe,2076255,883,81.1557347242993,12739,17,22.6369111693891,544
2020-08-17,North Macedonia,Europe,2076255,775,79.8553164230791,13514,19,17.3389106829363,563
2020-08-24,North Macedonia,Europe,2076255,413,57.2184052536899,13927,21,19.2654563143737,584
2020-08-31,North Macedonia,Europe,2076255,835,60.108223700846,14762,22,20.7103655379517,606
2020-09-07,North Macedonia,Europe,2076255,932,85.1051532687459,15694,40,29.8614572872793,646
2020-09-14,North Macedonia,Europe,2076255,1041,95.0268632706484,16735,47,41.9023674837628,693
2020-09-21,North Macedonia,Europe,2076255,894,93.1966449207829,17629,32,38.0492762208881,725
2020-09-28,North Macedonia,Europe,2076255,973,89.9215173473393,18602,28,28.8981844715606,753
2020-10-05,North Macedonia,Europe,2076255,2335,159.325323719871,20937,39,32.269639326576,792
2020-10-12,North Macedonia,Europe,2076255,2691,242.070458590106,23628,42,39.0125490366068,834
2020-10-19,North Macedonia,Europe,2076255,3326,289.800626608967,26954,85,61.1678237981366,919
2020-10-26,North Macedonia,Europe,2076255,5482,424.225348042509,32436,85,81.8781893360883,1004
2020-11-02,North Macedonia,Europe,2076255,7324,616.783583904675,39760,132,104.515100505477,1136
2020-11-09,North Macedonia,Europe,2076255,7290,703.863446445644,47050,169,144.972558765662,1305
2020-11-16,North Macedonia,Europe,2076255,7693,721.635829895654,54743,206,180.613652947254,1511
2020-11-23,North Macedonia,Europe,2076255,6800,698.035645910546,61543,220,205.17710974808,1731
2020-11-30,North Macedonia,Europe,2076255,6425,636.964149393981,67968,193,198.915836445909,1924
2020-12-07,North Macedonia,Europe,2076255,5670,582.539235305875,73638,197,187.838199065144,2121
2020-12-14,North Macedonia,Europe,2076255,4667,497.867554804203,78305,171,177.242198092238,2292
2020-12-21,North Macedonia,Europe,2076255,3499,393.304290657939,81804,164,161.34819663288,2456
2020-12-28,North Macedonia,Europe,2076255,2220,275.447861654758,84024,74,114.629465070524,2530
2021-01-04,North Macedonia,Europe,2076255,2470,225.887475286032,86494,92,79.9516437046509,2622
2021-01-11,North Macedonia,Europe,2076255,2444,236.676130822081,88938,80,82.841462151807,2702
2021-01-18,North Macedonia,Europe,2076255,1716,200.360745669487,90654,83,78.5067344810729,2785
2021-01-25,North Macedonia,Europe,2076255,2039,180.854471151183,92693,70,73.6903704024795,2855
2021-02-01,North Macedonia,Europe,2076255,2105,199.590127416912,94798,69,66.9474606924487,2924
2021-02-08,North Macedonia,Europe,2076255,2254,209.945310185888,97052,65,64.539278653152,2989
2021-02-15,North Macedonia,Europe,2076255,2233,216.110256206487,99285,74,66.9474606924487,3063
2021-02-22,North Macedonia,Europe,2076255,3502,276.218479907333,102787,74,71.2821883631828,3137
2020-03-30,Northern Mariana Islands,Oceania,57557,8,NA,8,1,NA,1
2020-04-06,Northern Mariana Islands,Oceania,57557,3,19.1114894799938,11,1,34.7481626908977,2
2020-04-13,Northern Mariana Islands,Oceania,57557,3,10.4244488072693,14,0,17.3740813454489,2
2020-04-20,Northern Mariana Islands,Oceania,57557,0,5.21222440363466,14,0,0,2
2020-04-27,Northern Mariana Islands,Oceania,57557,0,0,14,0,0,2
2020-05-04,Northern Mariana Islands,Oceania,57557,2,3.47481626908977,16,0,0,2
2020-05-11,Northern Mariana Islands,Oceania,57557,5,12.1618569418142,21,0,0,2
2020-05-18,Northern Mariana Islands,Oceania,57557,1,10.4244488072693,22,0,0,2
2020-05-25,Northern Mariana Islands,Oceania,57557,0,1.73740813454489,22,0,0,2
2020-06-01,Northern Mariana Islands,Oceania,57557,5,8.68704067272443,27,0,0,2
2020-06-08,Northern Mariana Islands,Oceania,57557,3,13.8992650763591,30,0,0,2
2020-06-15,Northern Mariana Islands,Oceania,57557,0,5.21222440363466,30,0,0,2
2020-06-22,Northern Mariana Islands,Oceania,57557,0,0,30,0,0,2
2020-06-29,Northern Mariana Islands,Oceania,57557,1,1.73740813454489,31,0,0,2
2020-07-06,Northern Mariana Islands,Oceania,57557,2,5.21222440363466,33,0,0,2
2020-07-13,Northern Mariana Islands,Oceania,57557,4,10.4244488072693,37,0,0,2
2020-07-20,Northern Mariana Islands,Oceania,57557,3,12.1618569418142,40,0,0,2
2020-07-27,Northern Mariana Islands,Oceania,57557,6,15.636673210904,46,0,0,2
2020-08-03,Northern Mariana Islands,Oceania,57557,2,13.8992650763591,48,0,0,2
2020-08-10,Northern Mariana Islands,Oceania,57557,2,6.94963253817954,50,0,0,2
2020-08-17,Northern Mariana Islands,Oceania,57557,4,10.4244488072693,54,0,0,2
2020-08-24,Northern Mariana Islands,Oceania,57557,2,10.4244488072693,56,0,0,2
2020-08-31,Northern Mariana Islands,Oceania,57557,2,6.94963253817954,58,0,0,2
2020-09-07,Northern Mariana Islands,Oceania,57557,2,6.94963253817954,60,0,0,2
2020-09-14,Northern Mariana Islands,Oceania,57557,9,19.1114894799938,69,0,0,2
2020-09-21,Northern Mariana Islands,Oceania,57557,1,17.3740813454489,70,0,0,2
2020-09-28,Northern Mariana Islands,Oceania,57557,3,6.94963253817954,73,0,0,2
2020-10-05,Northern Mariana Islands,Oceania,57557,4,12.1618569418142,77,0,0,2
2020-10-12,Northern Mariana Islands,Oceania,57557,9,22.5863057490835,86,0,0,2
2020-10-19,Northern Mariana Islands,Oceania,57557,6,26.0611220181733,92,0,0,2
2020-10-26,Northern Mariana Islands,Oceania,57557,4,17.3740813454489,96,0,0,2
2020-11-02,Northern Mariana Islands,Oceania,57557,4,13.8992650763591,100,0,0,2
2020-11-09,Northern Mariana Islands,Oceania,57557,2,10.4244488072693,102,0,0,2
2020-11-16,Northern Mariana Islands,Oceania,57557,2,6.94963253817954,104,0,0,2
2020-11-23,Northern Mariana Islands,Oceania,57557,2,6.94963253817954,106,0,0,2
2020-11-30,Northern Mariana Islands,Oceania,57557,3,8.68704067272443,109,0,0,2
2020-12-07,Northern Mariana Islands,Oceania,57557,4,12.1618569418142,113,0,0,2
2020-12-14,Northern Mariana Islands,Oceania,57557,3,12.1618569418142,116,0,0,2
2020-12-21,Northern Mariana Islands,Oceania,57557,6,15.636673210904,122,0,0,2
2020-12-28,Northern Mariana Islands,Oceania,57557,0,10.4244488072693,122,0,0,2
2021-01-04,Northern Mariana Islands,Oceania,57557,3,5.21222440363466,125,0,0,2
2021-01-11,Northern Mariana Islands,Oceania,57557,3,10.4244488072693,128,0,0,2
2021-01-18,Northern Mariana Islands,Oceania,57557,1,6.94963253817954,129,0,0,2
2021-01-25,Northern Mariana Islands,Oceania,57557,3,6.94963253817954,132,0,0,2
2021-02-01,Northern Mariana Islands,Oceania,57557,1,6.94963253817954,133,0,0,2
2021-02-08,Northern Mariana Islands,Oceania,57557,1,3.47481626908977,134,0,0,2
2021-02-15,Northern Mariana Islands,Oceania,57557,9,17.3740813454489,143,0,0,2
2021-02-22,Northern Mariana Islands,Oceania,57557,0,15.636673210904,143,0,0,2
2019-12-30,Norway,Europe,5367580,0,NA,0,0,NA,0
2020-01-06,Norway,Europe,5367580,0,0,0,0,0,0
2020-01-13,Norway,Europe,5367580,0,0,0,0,0,0
2020-01-20,Norway,Europe,5367580,0,0,0,0,0,0
2020-01-27,Norway,Europe,5367580,0,0,0,0,0,0
2020-02-03,Norway,Europe,5367580,0,0,0,0,0,0
2020-02-10,Norway,Europe,5367580,0,0,0,0,0,0
2020-02-17,Norway,Europe,5367580,0,0,0,0,0,0
2020-02-24,Norway,Europe,5367580,19,0.353977025028039,19,0,0,0
2020-03-02,Norway,Europe,5367580,150,3.14853248577571,169,0,0,0
2020-03-09,Norway,Europe,5367580,908,19.7109311831403,1077,1,0.186303697383178,1
2020-03-16,Norway,Europe,5367580,1055,36.5714157963179,2132,6,1.30412588168225,7
2020-03-23,Norway,Europe,5367580,1970,56.3568684584114,4102,15,3.91237764504674,22
2020-03-30,Norway,Europe,5367580,1538,65.3553370420189,5640,36,9.50148856654209,58
2020-04-06,Norway,Europe,5367580,775,43.0920452047291,6415,45,15.0905994880374,103
2020-04-13,Norway,Europe,5367580,653,26.6041679863179,7068,51,17.8851549487851,154
2020-04-20,Norway,Europe,5367580,437,20.3071030147664,7505,39,16.7673327644861,193
2020-04-27,Norway,Europe,5367580,304,13.8051039760935,7809,15,10.0603996586916,208
2020-05-04,Norway,Europe,5367580,290,11.0664396245608,8099,9,4.47128873719628,217
2020-05-11,Norway,Europe,5367580,98,7.22858345846732,8197,15,4.47128873719628,232
2020-05-18,Norway,Europe,5367580,112,3.91237764504674,8309,3,3.35346655289721,235
2020-05-25,Norway,Europe,5367580,102,3.98689912400002,8411,1,0.745214789532713,236
2020-06-01,Norway,Europe,5367580,93,3.63292209897198,8504,2,0.558911092149535,238
2020-06-08,Norway,Europe,5367580,102,3.63292209897198,8606,4,1.11782218429907,242
2020-06-15,Norway,Europe,5367580,102,3.80059542661684,8708,2,1.11782218429907,244
2020-06-22,Norway,Europe,5367580,107,3.89374727530843,8815,5,1.30412588168225,249
2020-06-29,Norway,Europe,5367580,80,3.48387914106543,8895,2,1.30412588168225,251
2020-07-06,Norway,Europe,5367580,70,2.79455546074767,8965,1,0.558911092149535,252
2020-07-13,Norway,Europe,5367580,50,2.23564436859814,9015,3,0.745214789532713,255
2020-07-20,Norway,Europe,5367580,70,2.23564436859814,9085,0,0.558911092149535,255
2020-07-27,Norway,Europe,5367580,123,3.59566135949534,9208,0,0,255
2020-08-03,Norway,Europe,5367580,260,7.13543160977573,9468,1,0.186303697383178,256
2020-08-10,Norway,Europe,5367580,382,11.960697372,9850,5,1.11782218429907,261
2020-08-17,Norway,Europe,5367580,347,13.5815395392337,10197,3,1.49042957906543,264
2020-08-24,Norway,Europe,5367580,346,12.9108462286543,10543,0,0.558911092149535,264
2020-08-31,Norway,Europe,5367580,577,17.1958312684674,11120,0,0,264
2020-09-07,Norway,Europe,5367580,746,24.6479791637945,11866,1,0.186303697383178,265
2020-09-14,Norway,Europe,5367580,779,28.4113138509347,12645,2,0.558911092149535,267
2020-09-21,Norway,Europe,5367580,761,28.6907693970095,13406,3,0.931518486915891,270
2020-09-28,Norway,Europe,5367580,743,28.02007608643,14149,5,1.49042957906543,275
2020-10-05,Norway,Europe,5367580,1072,33.8141210750469,15221,0,0.931518486915891,275
2020-10-12,Norway,Europe,5367580,915,37.0185446700375,16136,3,0.558911092149535,278
2020-10-19,Norway,Europe,5367580,1096,37.4656735437572,17232,1,0.745214789532713,279
2020-10-26,Norway,Europe,5367580,2331,63.8462770932152,19563,3,0.745214789532713,282
2020-11-02,Norway,Europe,5367580,3662,111.651805841739,23225,3,1.11782218429907,285
2020-11-09,Norway,Europe,5367580,4001,142.76452330473,27226,9,2.23564436859814,294
2020-11-16,Norway,Europe,5367580,4212,153.011226660804,31438,12,3.91237764504674,306
2020-11-23,Norway,Europe,5367580,3309,140.119010801888,34747,22,6.33432571102806,328
2020-11-30,Norway,Europe,5367580,2624,110.53398365744,37371,26,8.94257747439256,354
2020-12-07,Norway,Europe,5367580,3632,116.551593082916,41003,39,12.1097403299066,393
2020-12-14,Norway,Europe,5367580,1772,100.67851806587,42775,11,9.31518486915891,404
2020-12-21,Norway,Europe,5367580,4282,112.788258395776,47057,25,6.70693310579442,429
2020-12-28,Norway,Europe,5367580,3658,147.925135722244,50715,20,8.38366638224302,449
2021-01-04,Norway,Europe,5367580,4758,156.793191717683,55473,29,9.12888117177574,478
2021-01-11,Norway,Europe,5367580,3178,147.85061424329,58651,43,13.4138662115888,521
2021-01-18,Norway,Europe,5367580,2431,104.497743862225,61082,27,13.0412588168225,548
2021-01-25,Norway,Europe,5367580,1884,80.3900454208414,62966,19,8.5699700796262,567
2021-02-01,Norway,Europe,5367580,1806,68.7460643343928,64772,15,6.33432571102806,582
2021-02-08,Norway,Europe,5367580,1729,65.8583570249535,66501,11,4.84389613196263,593
2021-02-15,Norway,Europe,5367580,2030,70.0315598463367,68531,15,4.84389613196263,608
2021-02-22,Norway,Europe,5367580,2471,83.8552941921685,71002,15,5.58911092149535,623
2019-12-30,Oceania (total),Oceania,42137809,0,NA,0,0,NA,0
2020-01-06,Oceania (total),Oceania,42137809,0,0,0,0,0,0
2020-01-13,Oceania (total),Oceania,42137809,0,0,0,0,0,0
2020-01-20,Oceania (total),Oceania,42137809,4,0.00949266251598416,4,0,0,0
2020-01-27,Oceania (total),Oceania,42137809,7,0.0261048219189564,11,0,0,0
2020-02-03,Oceania (total),Oceania,42137809,3,0.0237316562899604,14,0,0,0
2020-02-10,Oceania (total),Oceania,42137809,1,0.00949266251598416,15,0,0,0
2020-02-17,Oceania (total),Oceania,42137809,7,0.0189853250319683,22,0,0,0
2020-02-24,Oceania (total),Oceania,42137809,8,0.0355974844349406,30,1,0.0237316562899604,1
2020-03-02,Oceania (total),Oceania,42137809,55,0.149509434626751,85,2,0.0711949688698812,3
2020-03-09,Oceania (total),Oceania,42137809,221,0.654993713602907,306,2,0.0949266251598416,5
2020-03-16,Oceania (total),Oceania,42137809,1559,4.22423481961295,1865,3,0.118658281449802,8
2020-03-23,Oceania (total),Oceania,42137809,2892,10.5629602146614,4757,10,0.308511531769485,18
2020-03-30,Oceania (total),Oceania,42137809,2090,11.8231111636583,6847,24,0.806876313858654,42
2020-04-06,Oceania (total),Oceania,42137809,772,6.79200003018667,7619,31,1.30524109594782,73
2020-04-13,Oceania (total),Oceania,42137809,345,2.65082600758858,7964,16,1.11538784562814,89
2020-04-20,Oceania (total),Oceania,42137809,128,1.12250734251513,8092,20,0.854339626438574,109
2020-04-27,Oceania (total),Oceania,42137809,111,0.567186585330054,8203,13,0.783144657568693,122
2020-05-04,Oceania (total),Oceania,42137809,156,0.633635222941943,8359,3,0.379706500639366,125
2020-05-11,Oceania (total),Oceania,42137809,114,0.640754719828931,8473,1,0.0949266251598416,126
2020-05-18,Oceania (total),Oceania,42137809,82,0.465140463283224,8555,4,0.118658281449802,130
2020-05-25,Oceania (total),Oceania,42137809,96,0.422423481961295,8651,1,0.118658281449802,131
2020-06-01,Oceania (total),Oceania,42137809,75,0.405811322558323,8726,0,0.0237316562899604,131
2020-06-08,Oceania (total),Oceania,42137809,70,0.344109016204426,8796,0,0,131
2020-06-15,Oceania (total),Oceania,42137809,188,0.612276732280978,8984,0,0,131
2020-06-22,Oceania (total),Oceania,42137809,275,1.09877568622517,9259,2,0.0474633125799208,133
2020-06-29,Oceania (total),Oceania,42137809,817,2.59149686686368,10076,0,0.0474633125799208,133
2020-07-06,Oceania (total),Oceania,42137809,1380,5.2138448869043,11456,4,0.0949266251598416,137
2020-07-13,Oceania (total),Oceania,42137809,2033,8.09961429176349,13489,14,0.427169813219287,151
2020-07-20,Oceania (total),Oceania,42137809,2679,11.1823564438293,16168,33,1.11538784562814,184
2020-07-27,Oceania (total),Oceania,42137809,3607,14.9177191438691,19775,56,2.11211740980648,240
2020-08-03,Oceania (total),Oceania,42137809,3320,16.4389183120556,23095,88,3.4173585057543,328
2020-08-10,Oceania (total),Oceania,42137809,2647,14.1606793082194,25742,101,4.48528303880252,429
2020-08-17,Oceania (total),Oceania,42137809,1964,10.9426667153007,27706,109,4.98364782089168,538
2020-08-24,Oceania (total),Oceania,42137809,1684,8.65730821457756,29390,114,5.29215935266117,652
2020-08-31,Oceania (total),Oceania,42137809,1239,6.93676313355543,30629,148,6.21769394796963,800
2020-09-07,Oceania (total),Oceania,42137809,880,5.02873796784261,31509,71,5.19723272750133,871
2020-09-14,Oceania (total),Oceania,42137809,932,4.30017611974083,32441,50,2.87153041108521,921
2020-09-21,Oceania (total),Oceania,42137809,423,3.21563942728963,32864,34,1.99345912835667,955
2020-09-28,Oceania (total),Oceania,42137809,1106,3.62857024673495,33970,35,1.63748428400727,990
2020-10-05,Oceania (total),Oceania,42137809,1269,5.6362683688656,35239,14,1.16285115820806,1004
2020-10-12,Oceania (total),Oceania,42137809,1883,7.48021806259552,37122,16,0.711949688698812,1020
2020-10-19,Oceania (total),Oceania,42137809,2740,10.9711447028487,39862,13,0.688218032408852,1033
2020-10-26,Oceania (total),Oceania,42137809,2053,11.374582859778,41915,18,0.735681344988773,1051
2020-11-02,Oceania (total),Oceania,42137809,3376,12.8839161998195,45291,20,0.901802939018495,1071
2020-11-09,Oceania (total),Oceania,42137809,2692,14.400369036748,47983,23,1.0204612204683,1094
2020-11-16,Oceania (total),Oceania,42137809,1837,10.7480671337231,49820,18,0.972997907888377,1112
2020-11-23,Oceania (total),Oceania,42137809,1547,8.0307924885226,51367,16,0.806876313858654,1128
2020-11-30,Oceania (total),Oceania,42137809,1316,6.79437319581566,52683,8,0.56955975095905,1136
2020-12-07,Oceania (total),Oceania,42137809,886,5.22571071504928,53569,23,0.735681344988773,1159
2020-12-14,Oceania (total),Oceania,42137809,773,3.93708177850443,54342,10,0.783144657568693,1169
2020-12-21,Oceania (total),Oceania,42137809,590,3.2346247523216,54932,6,0.379706500639366,1175
2020-12-28,Oceania (total),Oceania,42137809,686,3.02815934259895,55618,9,0.355974844349406,1184
2021-01-04,Oceania (total),Oceania,42137809,581,3.00680085193798,56199,9,0.427169813219287,1193
2021-01-11,Oceania (total),Oceania,42137809,622,2.85491825168224,56821,8,0.403438156929327,1201
2021-01-18,Oceania (total),Oceania,42137809,169,1.87717401253587,56990,1,0.213584906609644,1202
2021-01-25,Oceania (total),Oceania,42137809,571,1.75614256545707,57561,5,0.142389937739762,1207
2021-02-01,Oceania (total),Oceania,42137809,248,1.94362265014776,57809,3,0.189853250319683,1210
2021-02-08,Oceania (total),Oceania,42137809,262,1.21031447078798,58071,3,0.142389937739762,1213
2021-02-15,Oceania (total),Oceania,42137809,189,1.07029769867721,58260,3,0.142389937739762,1216
2021-02-22,Oceania (total),Oceania,42137809,423,1.45237736494558,58683,5,0.189853250319683,1221
2019-12-30,Oman,Asia,5106622,0,NA,0,0,NA,0
2020-01-06,Oman,Asia,5106622,0,0,0,0,0,0
2020-01-13,Oman,Asia,5106622,0,0,0,0,0,0
2020-01-20,Oman,Asia,5106622,0,0,0,0,0,0
2020-01-27,Oman,Asia,5106622,0,0,0,0,0,0
2020-02-03,Oman,Asia,5106622,0,0,0,0,0,0
2020-02-10,Oman,Asia,5106622,0,0,0,0,0,0
2020-02-17,Oman,Asia,5106622,0,0,0,0,0,0
2020-02-24,Oman,Asia,5106622,6,0.117494500278266,6,0,0,0
2020-03-02,Oman,Asia,5106622,10,0.31331866740871,16,0,0,0
2020-03-09,Oman,Asia,5106622,6,0.31331866740871,22,0,0,0
2020-03-16,Oman,Asia,5106622,33,0.76371425180873,55,0,0,0
2020-03-23,Oman,Asia,5106622,112,2.83945042339143,167,0,0,0
2020-03-30,Oman,Asia,5106622,131,4.75852726126978,298,2,0.391648334260887,2
2020-04-06,Oman,Asia,5106622,301,8.45960402003516,599,2,0.783296668521774,4
2020-04-13,Oman,Asia,5106622,667,18.9557793782269,1266,3,0.979120835652218,7
2020-04-20,Oman,Asia,5106622,732,27.3958009815491,1998,3,1.17494500278266,10
2020-04-27,Oman,Asia,5106622,570,25.4963065603838,2568,2,0.979120835652218,12
2020-05-04,Oman,Asia,5106622,831,27.4349658149751,3399,5,1.37076916991311,17
2020-05-11,Oman,Asia,5106622,1787,51.2667669547501,5186,5,1.95824167130444,22
2020-05-18,Oman,Asia,5106622,2584,85.5947434527169,7770,15,3.91648334260887,37
2020-05-25,Oman,Asia,5106622,3667,122.40968687324,11437,10,4.89560417826109,47
2020-06-01,Oman,Asia,5106622,5445,178.43498108926,16882,28,7.44131835095686,75
2020-06-08,Oman,Asia,5106622,6599,235.850626891906,23481,29,11.1619775264353,104
2020-06-15,Oman,Asia,5106622,5990,246.523044000515,29471,27,10.9661533593048,131
2020-06-22,Oman,Asia,5106622,8679,287.254470763648,38150,32,11.5536258606962,163
2020-06-29,Oman,Asia,5106622,8028,327.163436024832,46178,50,16.0575817046964,213
2020-07-06,Oman,Asia,5106622,9837,349.839874578537,56015,44,18.4074717102617,257
2020-07-13,Oman,Asia,5106622,10646,401.106641533288,66661,61,20.5615375486966,318
2020-07-20,Oman,Asia,5106622,9344,391.452510093757,76005,66,24.8696692255663,384
2020-07-27,Oman,Asia,5106622,3154,244.741044079628,79159,37,20.1698892144357,421
2020-08-03,Oman,Asia,5106622,2421,109.171973175222,81580,92,25.2613175598272,513
2020-08-10,Oman,Asia,5106622,1506,76.9001504321252,83086,59,29.569449236697,572
2020-08-17,Oman,Asia,5106622,683,42.8659101848541,83769,37,18.7991200445226,609
2020-08-24,Oman,Asia,5106622,1775,48.133580280663,85544,68,20.5615375486966,677
2020-08-31,Oman,Asia,5106622,1528,64.6807224031855,87072,51,23.3030758885228,728
2020-09-07,Oman,Asia,5106622,2674,82.2853150282124,89746,52,20.1698892144357,780
2020-09-14,Oman,Asia,5106622,3729,125.386214213623,93475,66,23.1072517213923,846
2020-09-21,Oman,Asia,5106622,3975,150.862938357294,97450,63,25.2613175598272,909
2020-09-28,Oman,Asia,5106622,3820,152.644938278181,101270,68,25.6529658940881,977
2020-10-05,Oman,Asia,5106622,4620,165.275597058094,105890,61,25.2613175598272,1038
2020-10-12,Oman,Asia,5106622,4063,170.034124319364,109953,63,24.282196724175,1101
2020-10-19,Oman,Asia,5106622,2979,137.899378493258,112932,73,26.6320867297403,1174
2020-10-26,Oman,Asia,5106622,2802,113.205951018109,115734,72,28.3945042339143,1246
2020-11-02,Oman,Asia,5106622,2406,101.985226241535,118140,55,24.8696692255663,1301
2020-11-09,Oman,Asia,5106622,2249,91.1561497992215,120389,37,18.0158233760008,1338
2020-11-16,Oman,Asia,5106622,1692,77.1743042661078,122081,42,15.470109203305,1380
2020-11-23,Oman,Asia,5106622,1403,60.6075797268723,123484,38,15.6659333704355,1418
2020-11-30,Oman,Asia,5106622,1402,54.9286788800894,124886,26,12.5327466963484,1444
2020-12-07,Oman,Asia,5106622,1354,53.9691404611503,126240,27,10.3786808579135,1471
2020-12-14,Oman,Asia,5106622,1427,54.4587008789764,127667,17,8.61626335373952,1488
2020-12-21,Oman,Asia,5106622,805,43.707954103515,128472,7,4.69978001113065,1495
2020-12-28,Oman,Asia,5106622,1112,37.539492838906,129584,7,2.74153833982621,1502
2021-01-04,Oman,Asia,5106622,1196,45.1962177737064,130780,6,2.54571417269577,1508
2021-01-11,Oman,Asia,5106622,1010,43.1988112689759,131790,4,1.95824167130444,1512
2021-01-18,Oman,Asia,5106622,1254,44.3345914383324,133044,9,2.54571417269577,1521
2021-01-25,Oman,Asia,5106622,1480,53.5383272934633,134524,11,3.91648334260887,1532
2021-02-01,Oman,Asia,5106622,1150,51.5017559553067,135674,2,2.54571417269577,1534
2021-02-08,Oman,Asia,5106622,1918,60.0788544756201,137592,9,2.15406583843488,1543
2021-02-15,Oman,Asia,5106622,2100,78.6821503530122,139692,12,4.11230750973932,1555
2021-02-22,Oman,Asia,5106622,2116,82.559468862195,141808,22,6.65802168243508,1577
2019-12-30,Pakistan,Asia,220892331,0,NA,0,0,NA,0
2020-01-06,Pakistan,Asia,220892331,0,0,0,0,0,0
2020-01-13,Pakistan,Asia,220892331,0,0,0,0,0,0
2020-01-20,Pakistan,Asia,220892331,0,0,0,0,0,0
2020-01-27,Pakistan,Asia,220892331,0,0,0,0,0,0
2020-02-03,Pakistan,Asia,220892331,0,0,0,0,0,0
2020-02-10,Pakistan,Asia,220892331,0,0,0,0,0,0
2020-02-17,Pakistan,Asia,220892331,0,0,0,0,0,0
2020-02-24,Pakistan,Asia,220892331,4,0.00181083697287798,4,0,0,0
2020-03-02,Pakistan,Asia,220892331,2,0.00271625545931697,6,0,0,0
2020-03-09,Pakistan,Asia,220892331,25,0.0122231495669263,31,0,0,0
2020-03-16,Pakistan,Asia,220892331,753,0.352207791224766,784,5,0.0226354621609747,5
2020-03-23,Pakistan,Asia,220892331,742,0.676800318613144,1526,8,0.0588522016185342,13
2020-03-30,Pakistan,Asia,220892331,1751,1.1286041433462,3277,37,0.203719159448772,50
2020-04-06,Pakistan,Asia,220892331,2097,1.74202516790861,5374,43,0.362167394575595,93
2020-04-13,Pakistan,Asia,220892331,3044,2.32737821939142,8418,83,0.570413646456563,176
2020-04-20,Pakistan,Asia,220892331,4910,3.60084932056786,13328,105,0.851093377252649,281
2020-04-27,Pakistan,Asia,220892331,6858,5.32748237420701,20186,181,1.29474843560775,462
2020-05-04,Pakistan,Asia,220892331,10755,7.97356790082495,30941,205,1.74745767882725,667
2020-05-11,Pakistan,Asia,220892331,11184,9.93198808699248,42125,236,1.99644776259797,903
2020-05-18,Pakistan,Asia,220892331,14224,11.5024364517209,56349,264,2.26354621609747,1167
2020-05-25,Pakistan,Asia,220892331,16111,13.7329348930634,72460,376,2.89733915660476,1543
2020-06-01,Pakistan,Asia,220892331,31211,21.4231068076329,103671,524,4.07438318897545,2067
2020-06-08,Pakistan,Asia,220892331,40807,32.6032142781815,144478,662,5.3691316245832,2729
2020-06-15,Pakistan,Asia,220892331,36610,35.0473914823236,181088,861,6.8947617742329,3590
2020-06-22,Pakistan,Asia,220892331,25424,28.0833651938781,206512,577,6.50995891749633,4167
2020-06-29,Pakistan,Asia,220892331,25306,22.9659399085249,231818,595,5.30575233053247,4762
2020-07-06,Pakistan,Asia,220892331,19807,20.423072089361,251625,504,4.97527458298224,5266
2020-07-13,Pakistan,Asia,220892331,13458,15.0593729756965,265083,333,3.78917636574717,5599
2020-07-20,Pakistan,Asia,220892331,9206,10.2602022883266,274289,243,2.60760524094429,5842
2020-07-27,Pakistan,Asia,220892331,5740,6.76619234915856,280029,142,1.74293058639505,5984
2020-08-03,Pakistan,Asia,220892331,4631,4.69504756142937,284660,113,1.15440857020971,6097
2020-08-10,Pakistan,Asia,220892331,4555,4.15858710821427,289215,78,0.864674654549234,6175
2020-08-17,Pakistan,Asia,220892331,3550,3.669208416294,292765,60,0.624738755642902,6235
2020-08-24,Pakistan,Asia,220892331,3084,3.00327311951812,295849,59,0.538723999431198,6294
2020-08-31,Pakistan,Asia,220892331,3054,2.77872933488126,298903,51,0.497980167541444,6345
2020-09-07,Pakistan,Asia,220892331,3117,2.7936687399075,302020,38,0.40291122646535,6383
2020-09-14,Pakistan,Asia,220892331,4284,3.35050110906748,306304,37,0.339531932414621,6420
2020-09-21,Pakistan,Asia,220892331,4537,3.99334823443916,310841,46,0.37574867187218,6466
2020-09-28,Pakistan,Asia,220892331,3775,3.76291922964044,314616,47,0.42101959619413,6513
2020-10-05,Pakistan,Asia,220892331,4316,3.66287048688893,318932,57,0.470817612948274,6570
2020-10-12,Pakistan,Asia,220892331,4520,4.00013887308745,323452,89,0.660955495100461,6659
2020-10-19,Pakistan,Asia,220892331,5150,4.37769838193251,328602,80,0.765078621040945,6739
2020-10-26,Pakistan,Asia,220892331,6491,5.26998830031813,335093,96,0.79676826806631,6835
2020-11-02,Pakistan,Asia,220892331,9746,7.35063998215493,344839,142,1.0774479988624,6977
2020-11-09,Pakistan,Asia,220892331,14193,10.8374065734315,359032,183,1.47130504046336,7160
2020-11-16,Pakistan,Asia,220892331,17897,14.5274396149136,376929,536,3.25497945874816,7696
2020-11-23,Pakistan,Asia,220892331,21095,17.6520388116145,398024,329,3.91593495384862,8025
2020-11-30,Pakistan,Asia,220892331,22270,19.6317363322134,420294,373,3.17801888740085,8398
2020-12-07,Pakistan,Asia,220892331,20493,19.3592053677952,440787,434,3.65336359278132,8832
2020-12-14,Pakistan,Asia,220892331,18181,17.5080772722707,458968,560,4.49992987760177,9392
2020-12-21,Pakistan,Asia,220892331,14341,14.7230100079844,473309,537,4.96622039811785,9929
2020-12-28,Pakistan,Asia,220892331,15220,13.3825379388115,488529,421,4.33695455004275,10350
2021-01-04,Pakistan,Asia,220892331,15764,14.0267431919128,504293,326,3.38173804684962,10676
2021-01-11,Pakistan,Asia,220892331,16918,14.7954434868995,521211,321,2.92902880363013,10997
2021-01-18,Pakistan,Asia,220892331,12830,13.4671945672935,534041,321,2.90639334146915,11318
2021-01-25,Pakistan,Asia,220892331,12387,11.415968986266,546428,365,3.10558540848573,11683
2021-02-01,Pakistan,Asia,220892331,9083,9.71966745192254,555511,343,3.20518144199402,12026
2021-02-08,Pakistan,Asia,220892331,8566,7.98986543358085,564077,307,2.94261008092671,12333
2021-02-15,Pakistan,Asia,220892331,8257,7.61592759868155,572334,284,2.67551162742721,12617
2021-02-22,Pakistan,Asia,220892331,9031,7.82643739677862,581365,279,2.54875303932575,12896
2020-03-09,Palestine,Asia,5101416,38,NA,38,0,NA,0
2020-03-16,Palestine,Asia,5101416,21,1.15654163471475,59,0,0,0
2020-03-23,Palestine,Asia,5101416,47,1.33296324001023,106,1,0.196024005883857,1
2020-03-30,Palestine,Asia,5101416,111,3.09717929296493,217,0,0.196024005883857,1
2020-04-06,Palestine,Asia,5101416,51,3.17558889531848,268,1,0.196024005883857,2
2020-04-13,Palestine,Asia,5101416,54,2.05825206178049,322,0,0.196024005883857,2
2020-04-20,Palestine,Asia,5101416,173,4.44974493356354,495,0,0,2
2020-04-27,Palestine,Asia,5101416,27,3.92048011767713,522,2,0.392048011767713,4
2020-05-04,Palestine,Asia,5101416,25,1.01932483059605,547,0,0.392048011767713,4
2020-05-11,Palestine,Asia,5101416,13,0.744891222358655,560,0,0,4
2020-05-18,Palestine,Asia,5101416,42,1.07813203236121,602,1,0.196024005883857,5
2020-05-25,Palestine,Asia,5101416,25,1.31336083942184,627,0,0.196024005883857,5
2020-06-01,Palestine,Asia,5101416,24,0.960517628830897,651,0,0,5
2020-06-08,Palestine,Asia,5101416,22,0.90171042706574,673,0,0,5
2020-06-15,Palestine,Asia,5101416,349,7.27249061829108,1022,0,0,5
2020-06-22,Palestine,Asia,5101416,1226,30.8737809267074,2248,2,0.392048011767713,7
2020-06-29,Palestine,Asia,5101416,2210,67.3538484216931,4458,13,2.94036008825785,20
2020-07-06,Palestine,Asia,5101416,2580,93.8954988183673,7038,17,5.8807201765157,37
2020-07-13,Palestine,Asia,5101416,3014,109.655828891429,10052,25,8.23300824712198,62
2020-07-20,Palestine,Asia,5101416,3077,119.398221983857,13129,16,8.03698424123812,78
2020-07-27,Palestine,Asia,5101416,2651,112.282550570273,15780,9,4.90060014709641,87
2020-08-03,Palestine,Asia,5101416,2871,108.244456049066,18651,16,4.90060014709641,103
2020-08-10,Palestine,Asia,5101416,3284,120.652775621514,21935,18,6.66481620005112,121
2020-08-17,Palestine,Asia,5101416,3089,124.926098949782,25024,22,7.84096023535426,143
2020-08-24,Palestine,Asia,5101416,4039,139.725911394013,29063,23,8.82108026477355,166
2020-08-31,Palestine,Asia,5101416,4949,176.18637648841,34012,37,11.7614403530314,203
2020-09-07,Palestine,Asia,5101416,5498,204.786278946865,39510,47,16.466016494244,250
2020-09-14,Palestine,Asia,5101416,5936,224.133848327602,45446,50,19.0143285707341,300
2020-09-21,Palestine,Asia,5101416,3747,189.810044897338,49193,43,18.2302325471987,343
2020-09-28,Palestine,Asia,5101416,3240,136.961972911051,52433,48,17.838184535431,391
2020-10-05,Palestine,Asia,5101416,3123,124.730074943898,55556,54,19.9944486001534,445
2020-10-12,Palestine,Asia,5101416,2983,119.692257992683,58539,34,17.2501125177794,479
2020-10-19,Palestine,Asia,5101416,3507,127.219579818623,62046,39,14.3097524295215,518
2020-10-26,Palestine,Asia,5101416,3756,142.372235473445,65802,43,16.0739684824762,561
2020-11-02,Palestine,Asia,5101416,4359,159.07348077475,70161,26,13.5256564059861,587
2020-11-09,Palestine,Asia,5101416,5165,186.693263203785,75326,53,15.4858964648247,640
2020-11-16,Palestine,Asia,5101416,9014,277.94243794272,84340,74,24.8950487472498,714
2020-11-23,Palestine,Asia,5101416,12448,420.706721427933,96788,93,32.7360089826041,807
2020-11-30,Palestine,Asia,5101416,15247,542.888484295341,112035,115,40.7729932238422,922
2020-12-07,Palestine,Asia,5101416,12622,546.29930199772,124657,157,53.318529600409,1079
2020-12-14,Palestine,Asia,5101416,15390,549.102445281859,140047,208,71.5487621476077,1287
2020-12-21,Palestine,Asia,5101416,10316,503.899309525042,150363,147,69.5885220887691,1434
2020-12-28,Palestine,Asia,5101416,9680,391.96960216536,160043,189,65.8640659769758,1623
2021-01-04,Palestine,Asia,5101416,5906,305.523015570579,165949,124,61.3555138416471,1747
2021-01-11,Palestine,Asia,5101416,5266,218.998019373445,171215,125,48.8099774650803,1872
2021-01-18,Palestine,Asia,5101416,3731,176.362798093706,174946,90,42.1451612650292,1962
2021-01-25,Palestine,Asia,5101416,3973,151.016894132923,178919,50,27.4433608237399,2012
2021-02-01,Palestine,Asia,5101416,4446,165.032610553619,183365,60,21.5626406472242,2072
2021-02-08,Palestine,Asia,5101416,5903,202.865243689203,189268,56,22.7387846825274,2128
2021-02-15,Palestine,Asia,5101416,8506,282.450990078049,197774,62,23.1308326942951,2190
2021-02-22,Palestine,Asia,5101416,10576,374.053008027575,208350,69,25.6791447707852,2259
2020-03-09,Panama,America,4314768,43,NA,43,1,NA,1
2020-03-16,Panama,America,4314768,270,7.25415595925436,313,2,0.695286513666552,3
2020-03-23,Panama,America,4314768,676,21.9247013976186,989,21,5.33052993811023,24
2020-03-30,Panama,America,4314768,999,38.8201636797158,1988,30,11.8198707323314,54
2020-04-06,Panama,America,4314768,1412,55.8778594816685,3400,33,14.6010167869976,87
2020-04-13,Panama,America,4314768,1067,57.4538422459794,4467,39,16.6868763279972,126
2020-04-20,Panama,America,4314768,1312,55.1362205337576,5779,39,18.0774493553303,165
2020-04-27,Panama,America,4314768,1418,63.2710727436562,7197,35,17.1504006704416,200
2020-05-04,Panama,America,4314768,1251,61.8573234992009,8448,44,18.3092115265525,244
2020-05-11,Panama,America,4314768,1158,55.8315070474241,9606,31,17.3821628416638,275
2020-05-18,Panama,America,4314768,1320,57.4306660288572,10926,31,14.3692546157754,306
2020-05-25,Panama,America,4314768,2537,89.3906694403963,13463,30,14.1374924445532,336
2020-06-01,Panama,America,4314768,2962,127.446017955079,16425,57,20.16330889633,393
2020-06-08,Panama,America,4314768,4261,167.401816273783,20686,44,23.4079792934406,437
2020-06-15,Panama,America,4314768,5344,222.607565458908,26030,64,25.0303144919959,501
2020-06-22,Panama,America,4314768,5656,254.938388344402,31686,103,38.7042825941047,604
2020-06-29,Panama,America,4314768,6463,280.872575304165,38149,143,57.0134941206572,747
2020-07-06,Panama,America,4314768,7484,323.23870020358,45633,162,70.6874622227661,909
2020-07-13,Panama,America,4314768,7835,355.036470095264,53468,187,80.8849977565422,1096
2020-07-20,Panama,America,4314768,6828,339.832871663088,60296,198,89.2284359205408,1294
2020-07-27,Panama,America,4314768,7157,324.119396454224,67453,177,86.910814208319,1471
2020-08-03,Panama,America,4314768,7039,329.009578267012,74492,168,79.9579490716535,1639
2020-08-10,Panama,America,4314768,7448,335.753857449578,81940,128,68.6016026817664,1767
2020-08-17,Panama,America,4314768,4960,287.570502052486,86900,125,58.6358293192125,1892
2020-08-24,Panama,America,4314768,5165,234.659198362461,92065,103,52.8417750386579,1995
2020-08-31,Panama,America,4314768,4978,235.076370270661,97043,91,44.9618612171037,2086
2020-09-07,Panama,America,4314768,4702,224.345781743074,101745,80,39.6313312789935,2166
2020-09-14,Panama,America,4314768,4458,212.294148839521,106203,91,39.6313312789935,2257
2020-09-21,Panama,America,4314768,4352,204.182472846744,110555,83,40.32661779266,2340
2020-09-28,Panama,America,4314768,4731,210.50958012111,115286,83,38.4725204228825,2423
2020-10-05,Panama,America,4314768,5027,226.153526678607,120313,68,34.9960878545498,2491
2020-10-12,Panama,America,4314768,4432,219.223837759064,124745,73,32.6784661423279,2564
2020-10-19,Panama,America,4314768,4455,205.967041565155,129200,69,32.9102283135501,2633
2020-10-26,Panama,America,4314768,5136,222.283098419197,134336,73,32.9102283135501,2706
2020-11-02,Panama,America,4314768,5191,239.340794221149,139527,92,38.2407582516604,2798
2020-11-09,Panama,America,4314768,7126,285.461466294364,146653,75,38.7042825941047,2873
2020-11-16,Panama,America,4314768,8130,353.576368416564,154783,84,36.8501852243272,2957
2020-11-23,Panama,America,4314768,9946,418.93330070122,164729,103,43.3395260185484,3060
2020-11-30,Panama,America,4314768,12990,531.569715915201,177719,133,54.6958724084354,3193
2020-12-07,Panama,America,4314768,15288,655.377067782092,193007,163,68.6016026817664,3356
2020-12-14,Panama,America,4314768,21031,841.73702966185,214038,241,93.6319171737623,3597
2020-12-21,Panama,America,4314768,19667,943.225684440044,233705,295,124.224523775091,3892
2020-12-28,Panama,America,4314768,20031,920.049467317826,253736,248,125.846858973646,4140
2021-01-04,Panama,America,4314768,25460,1054.30929310684,279196,315,130.48210239809,4455
2021-01-11,Panama,America,4314768,18823,1026.3124228232,298019,332,149.950124780753,4787
2021-01-18,Panama,America,4314768,14139,763.934468782563,312158,311,149.023076095864,5098
2021-01-25,Panama,America,4314768,8221,518.220214852803,320379,172,111.941128700315,5270
2021-02-01,Panama,America,4314768,6712,346.090450286087,327091,210,88.5331494068743,5480
2021-02-08,Panama,America,4314768,5588,285.067470603286,332679,162,86.2155276946524,5642
2021-02-15,Panama,America,4314768,3842,218.551727462519,336521,100,60.7216888602122,5742
2021-02-22,Panama,America,4314768,4394,190.879324218591,340915,103,47.0477207581033,5845
2020-03-16,Papua New Guinea,Oceania,8947027,1,NA,1,0,NA,0
2020-03-23,Papua New Guinea,Oceania,8947027,0,0.0111768970854788,1,0,0,0
2020-03-30,Papua New Guinea,Oceania,8947027,0,0,1,0,0,0
2020-04-06,Papua New Guinea,Oceania,8947027,1,0.0111768970854788,2,0,0,0
2020-04-13,Papua New Guinea,Oceania,8947027,5,0.0670613825128727,7,0,0,0
2020-04-20,Papua New Guinea,Oceania,8947027,1,0.0670613825128727,8,0,0,0
2020-04-27,Papua New Guinea,Oceania,8947027,0,0.0111768970854788,8,0,0,0
2020-05-04,Papua New Guinea,Oceania,8947027,0,0,8,0,0,0
2020-05-11,Papua New Guinea,Oceania,8947027,0,0,8,0,0,0
2020-05-18,Papua New Guinea,Oceania,8947027,0,0,8,0,0,0
2020-05-25,Papua New Guinea,Oceania,8947027,0,0,8,0,0,0
2020-06-01,Papua New Guinea,Oceania,8947027,0,0,8,0,0,0
2020-06-08,Papua New Guinea,Oceania,8947027,0,0,8,0,0,0
2020-06-15,Papua New Guinea,Oceania,8947027,1,0.0111768970854788,9,0,0,0
2020-06-22,Papua New Guinea,Oceania,8947027,2,0.0335306912564364,11,0,0,0
2020-06-29,Papua New Guinea,Oceania,8947027,0,0.0223537941709576,11,0,0,0
2020-07-06,Papua New Guinea,Oceania,8947027,0,0,11,0,0,0
2020-07-13,Papua New Guinea,Oceania,8947027,6,0.0670613825128727,17,0,0,0
2020-07-20,Papua New Guinea,Oceania,8947027,45,0.570021751359418,62,0,0,0
2020-07-27,Papua New Guinea,Oceania,8947027,48,1.03945142894953,110,2,0.223537941709576,2
2020-08-03,Papua New Guinea,Oceania,8947027,104,1.69888835699278,214,1,0.335306912564364,3
2020-08-10,Papua New Guinea,Oceania,8947027,109,2.38067907920698,323,0,0.111768970854788,3
2020-08-17,Papua New Guinea,Oceania,8947027,78,2.09007975498453,401,1,0.111768970854788,4
2020-08-24,Papua New Guinea,Oceania,8947027,58,1.52005800362512,459,1,0.223537941709576,5
2020-08-31,Papua New Guinea,Oceania,8947027,38,1.07298212020596,497,0,0.111768970854788,5
2020-09-07,Papua New Guinea,Oceania,8947027,14,0.581198648444897,511,1,0.111768970854788,6
2020-09-14,Papua New Guinea,Oceania,8947027,6,0.223537941709576,517,1,0.223537941709576,7
2020-09-21,Papua New Guinea,Oceania,8947027,15,0.234714838795055,532,0,0.111768970854788,7
2020-09-28,Papua New Guinea,Oceania,8947027,8,0.257068632966012,540,0,0,7
2020-10-05,Papua New Guinea,Oceania,8947027,14,0.245891735880533,554,0,0,7
2020-10-12,Papua New Guinea,Oceania,8947027,27,0.45825278050463,581,0,0,7
2020-10-19,Papua New Guinea,Oceania,8947027,7,0.380014500906279,588,0,0,7
2020-10-26,Papua New Guinea,Oceania,8947027,2,0.100592073769309,590,0,0,7
2020-11-02,Papua New Guinea,Oceania,8947027,7,0.100592073769309,597,0,0,7
2020-11-09,Papua New Guinea,Oceania,8947027,3,0.111768970854788,600,0,0,7
2020-11-16,Papua New Guinea,Oceania,8947027,4,0.0782382795983515,604,0,0,7
2020-11-23,Papua New Guinea,Oceania,8947027,51,0.614729339701333,655,0,0,7
2020-11-30,Papua New Guinea,Oceania,8947027,16,0.748852104727079,671,0,0,7
2020-12-07,Papua New Guinea,Oceania,8947027,54,0.782382795983515,725,1,0.111768970854788,8
2020-12-14,Papua New Guinea,Oceania,8947027,36,1.00592073769309,761,1,0.223537941709576,9
2020-12-21,Papua New Guinea,Oceania,8947027,19,0.614729339701333,780,0,0.111768970854788,9
2020-12-28,Papua New Guinea,Oceania,8947027,19,0.424722089248194,799,0,0,9
2021-01-04,Papua New Guinea,Oceania,8947027,12,0.346483809649842,811,0,0,9
2021-01-11,Papua New Guinea,Oceania,8947027,23,0.391191397991758,834,0,0,9
2021-01-18,Papua New Guinea,Oceania,8947027,15,0.424722089248194,849,0,0,9
2021-01-25,Papua New Guinea,Oceania,8947027,18,0.3688376038208,867,0,0,9
2021-02-01,Papua New Guinea,Oceania,8947027,27,0.502960368846545,894,0,0,9
2021-02-08,Papua New Guinea,Oceania,8947027,61,0.983566943522133,955,1,0.111768970854788,10
2021-02-15,Papua New Guinea,Oceania,8947027,15,0.849444178496388,970,0,0.111768970854788,10
2021-02-22,Papua New Guinea,Oceania,8947027,305,3.57660706735321,1275,2,0.223537941709576,12
2020-03-09,Paraguay,America,7132530,8,NA,8,0,NA,0
2020-03-16,Paraguay,America,7132530,14,0.308445951156182,22,1,0.140202705070992,1
2020-03-23,Paraguay,America,7132530,42,0.785135148397553,64,2,0.420608115212975,3
2020-03-30,Paraguay,America,7132530,49,1.27584461614602,113,2,0.560810820283967,5
2020-04-06,Paraguay,America,7132530,34,1.16368245208923,147,1,0.420608115212975,6
2020-04-13,Paraguay,America,7132530,59,1.30388515716022,206,2,0.420608115212975,8
2020-04-20,Paraguay,America,7132530,22,1.13564191107503,228,1,0.420608115212975,9
2020-04-27,Paraguay,America,7132530,168,2.66385139634884,396,1,0.280405410141983,10
2020-05-04,Paraguay,America,7132530,317,6.7998311959431,713,0,0.140202705070992,10
2020-05-11,Paraguay,America,7132530,73,5.46790549776867,786,1,0.140202705070992,11
2020-05-18,Paraguay,America,7132530,76,2.08902030555778,862,0,0.140202705070992,11
2020-05-25,Paraguay,America,7132530,124,2.80405410141983,986,0,0,11
2020-06-01,Paraguay,America,7132530,149,3.82753384843807,1135,0,0,11
2020-06-08,Paraguay,America,7132530,154,4.24814196365105,1289,0,0,11
2020-06-15,Paraguay,America,7132530,90,3.4209460037322,1379,2,0.280405410141983,13
2020-06-22,Paraguay,America,7132530,748,11.7489866849491,2127,2,0.560810820283967,15
2020-06-29,Paraguay,America,7132530,300,14.6932434914399,2427,5,0.981418935496942,20
2020-07-06,Paraguay,America,7132530,521,11.5106420863284,2948,2,0.981418935496942,22
2020-07-13,Paraguay,America,7132530,773,18.1422300361863,3721,9,1.54222975578091,31
2020-07-20,Paraguay,America,7132530,723,20.9743246786204,4444,10,2.66385139634884,41
2020-07-27,Paraguay,America,7132530,1200,26.9609801851517,5644,11,2.94425680649083,52
2020-08-03,Paraguay,America,7132530,1263,34.5319262589852,6907,23,4.76689197241372,75
2020-08-10,Paraguay,America,7132530,2884,58.1420617929402,9791,63,12.0574326361053,138
2020-08-17,Paraguay,America,7132530,3442,88.6922312279093,13233,67,18.2263516592289,205
2020-08-24,Paraguay,America,7132530,3962,103.806082834562,17195,103,23.8344598620686,308
2020-08-31,Paraguay,America,7132530,5291,129.729563002189,22486,127,32.2466221663281,435
2020-09-07,Paraguay,America,7132530,5331,148.923313326407,27817,90,30.4239870004052,525
2020-09-14,Paraguay,America,7132530,5703,154.699664775332,33520,134,31.4054059359021,659
2020-09-21,Paraguay,America,7132530,5164,152.358279600647,38684,144,38.9763520097357,803
2020-09-28,Paraguay,America,7132530,5498,149.484124146691,44182,126,37.8547303691677,929
2020-10-05,Paraguay,America,7132530,5493,154.096793143527,49675,148,38.4155411894517,1077
2020-10-12,Paraguay,America,7132530,5049,147.801691685839,54724,111,36.3125006133868,1188
2020-10-19,Paraguay,America,7132530,4870,139.067063159917,59594,121,32.5270275764701,1309
2020-10-26,Paraguay,America,7132530,4137,126.280576457442,63731,109,32.2466221663281,1418
2020-11-02,Paraguay,America,7132530,3858,112.092062704258,67589,72,25.3766896178495,1490
2020-11-09,Paraguay,America,7132530,3985,109.960981587179,71574,97,23.6942571569976,1587
2020-11-16,Paraguay,America,7132530,4902,124.59814399659,76476,70,23.4138517468556,1657
2020-11-23,Paraguay,America,7132530,5430,144.857434879349,81906,86,21.8716219910747,1743
2020-11-30,Paraguay,America,7132530,6014,160.447975683243,87920,110,27.4797301939144,1853
2020-12-07,Paraguay,America,7132530,5662,163.70067844089,93582,100,29.4425680649082,1953
2020-12-14,Paraguay,America,7132530,7030,177.945273276103,100612,150,35.0506762677479,2103
2020-12-21,Paraguay,America,7132530,4762,165.327029819713,105374,99,34.9104735626769,2202
2020-12-28,Paraguay,America,7132530,3699,118.625508760566,109073,90,26.4983112584174,2292
2021-01-04,Paraguay,America,7132530,6660,145.23598218304,115733,113,28.4611491294113,2405
2021-01-11,Paraguay,America,7132530,6427,183.483280126407,122160,100,29.8631761801212,2505
2021-01-18,Paraguay,America,7132530,6206,177.118077316184,128366,127,31.8260140511151,2632
2021-01-25,Paraguay,America,7132530,4861,155.162333702066,133227,86,29.8631761801212,2718
2021-02-01,Paraguay,America,7132530,4891,136.725677985231,138118,108,27.1993247837724,2826
2021-02-08,Paraguay,America,7132530,6977,166.392570378253,145095,127,32.947635691683,2953
2021-02-15,Paraguay,America,7132530,6623,190.675678896549,151718,112,33.508446511967,3065
2021-02-22,Paraguay,America,7132530,8730,215.253213095494,160448,133,34.349662742393,3198
2020-03-02,Peru,America,32971846,7,NA,7,0,NA,0
2020-03-09,Peru,America,32971846,64,0.21533522872817,71,0,0,0
2020-03-16,Peru,America,32971846,292,1.07970903418632,363,5,0.151644527273359,5
2020-03-23,Peru,America,32971846,489,2.36868751600987,852,13,0.545920298184093,18
2020-03-30,Peru,America,32971846,1429,5.81708406620606,2281,65,2.3656546254644,83
2020-04-06,Peru,America,32971846,5238,20.2202812666297,7519,110,5.30755845456757,193
2020-04-13,Peru,America,32971846,8109,40.4799901103505,15628,207,9.61426302913097,400
2020-04-20,Peru,America,32971846,11889,60.6517451282528,27517,328,16.2259644182494,728
2020-04-27,Peru,America,32971846,18411,91.8965835276557,45928,558,26.8714102328393,1286
2020-05-04,Peru,America,32971846,21379,120.678714804139,67307,603,35.211859232874,1889
2020-05-11,Peru,America,32971846,24966,140.559312329677,92273,759,41.3079692292631,2648
2020-05-18,Peru,America,32971846,27686,159.687752999938,119959,808,47.5253948474708,3456
2020-05-25,Peru,America,32971846,44517,218.983796054367,164476,1050,56.3511063347803,4506
2020-06-01,Peru,America,32971846,32039,232.185968598786,196515,959,60.9307710584357,5465
2020-06-08,Peru,America,32971846,33221,197.926436997189,229736,1223,66.177671702094,6688
2020-06-15,Peru,America,32971846,25200,177.184498556738,254936,1357,78.2485760730534,8045
2020-06-22,Peru,America,32971846,24483,150.683100970446,279419,1272,79.7346924403323,9317
2020-06-29,Peru,America,32971846,23299,144.917576043513,302718,1272,77.1567354766852,10589
2020-07-06,Peru,America,32971846,23608,142.263796816229,326326,1281,77.4296956257772,11870
2020-07-13,Peru,America,32971846,27264,154.289207829007,353590,1317,78.7944963712374,13187
2020-07-20,Peru,America,32971846,31207,177.336143084012,384797,5042,192.861509786258,18229
2020-07-27,Peru,America,32971846,44053,228.25534245186,428850,1385,194.923875357176,19614
2020-08-03,Peru,America,32971846,49174,282.747286882269,478024,1458,86.2250782076321,21072
2020-08-10,Peru,America,32971846,57922,324.810445857354,535946,5209,202.202812666297,26281
2020-08-17,Peru,America,32971846,58380,352.731236218925,594326,1382,199.897815851742,27663
2020-08-24,Peru,America,32971846,52840,337.31808646686,647166,1125,76.0345659748623,28788
2020-08-31,Peru,America,32971846,42811,290.099013564482,689977,1050,65.9653693639113,29838
2020-09-07,Peru,America,32971846,39642,250.070924145406,729619,872,58.2921562838793,30710
2020-09-14,Peru,America,32971846,39276,239.349656067179,768895,659,46.4335542511026,31369
2020-09-21,Peru,America,32971846,36407,229.538255152593,805302,893,47.0704612656507,32262
2020-09-28,Peru,America,32971846,22867,179.771554192022,828169,480,41.6415871892644,32742
2020-10-05,Peru,America,32971846,21202,133.656453448193,849371,563,31.6330483892227,33305
2020-10-12,Peru,America,32971846,19304,122.850264434694,868675,454,30.8444968474013,33759
2020-10-19,Peru,America,32971846,20040,119.326045620861,888715,390,25.597596203743,34149
2020-10-26,Peru,America,32971846,16196,109.899821805549,904911,380,23.3532572000973,34529
2020-11-02,Peru,America,32971846,17422,101.959714357516,922333,350,22.1401009819105,34879
2020-11-09,Peru,America,32971846,14678,97.3557865094966,937011,352,21.2908916291796,35231
2020-11-16,Peru,America,32971846,12659,82.9101288414364,949670,364,21.715496305545,35595
2020-11-23,Peru,America,32971846,12860,77.3963338297771,962530,328,20.9876025746329,35923
2020-11-30,Peru,America,32971846,11382,73.5233326032155,973912,351,20.5933268037222,36274
2020-12-07,Peru,America,32971846,11061,68.06716251192,984973,403,22.8679947128226,36677
2020-12-14,Peru,America,32971846,13502,74.4968904683105,998475,496,27.26568600375,37173
2020-12-21,Peru,America,32971846,10433,72.5922352057571,1008908,352,25.7189118255617,37525
2020-12-28,Peru,America,32971846,12150,68.4917671882854,1021058,348,21.2302338182703,37873
2021-01-04,Peru,America,32971846,16292,86.2614728941777,1037350,462,24.5664134182842,38335
2021-01-11,Peru,America,32971846,31452,144.802326202785,1068802,596,32.0879819710428,38931
2021-01-18,Peru,America,32971846,30211,187.017129705143,1099013,846,43.7342816656368,39777
2021-01-25,Peru,America,32971846,43703,224.173071777662,1142716,1404,68.2400372730117,41181
2021-02-01,Peru,America,32971846,43982,265.93900747929,1186698,1127,76.7624597057744,42308
2021-02-08,Peru,America,32971846,51803,290.505420897574,1238501,1572,81.8577158221593,43880
2021-02-15,Peru,America,32971846,48256,303.467995088901,1286757,1383,89.6219156185553,45263
2021-02-22,Peru,America,32971846,46182,286.42011733283,1332939,1422,85.0725798003545,46685
2019-12-30,Philippines,Asia,109581085,0,NA,0,0,NA,0
2020-01-06,Philippines,Asia,109581085,0,0,0,0,0,0
2020-01-13,Philippines,Asia,109581085,0,0,0,0,0,0
2020-01-20,Philippines,Asia,109581085,0,0,0,0,0,0
2020-01-27,Philippines,Asia,109581085,2,0.00182513250347905,2,1,0.00912566251739522,1
2020-02-03,Philippines,Asia,109581085,1,0.00273769875521857,3,0,0.00912566251739522,1
2020-02-10,Philippines,Asia,109581085,0,9.12566251739522e-4,3,0,0,1
2020-02-17,Philippines,Asia,109581085,0,0,3,0,0,1
2020-02-24,Philippines,Asia,109581085,0,0,3,0,0,1
2020-03-02,Philippines,Asia,109581085,7,0.00638796376217666,10,0,0,1
2020-03-09,Philippines,Asia,109581085,130,0.125021576488315,140,11,0.100382287691348,12
2020-03-16,Philippines,Asia,109581085,240,0.337649513143623,380,13,0.219015900417485,25
2020-03-23,Philippines,Asia,109581085,1038,1.16625966972311,1418,46,0.538414088526318,71
2020-03-30,Philippines,Asia,109581085,1828,2.61541487748547,3246,81,1.15895913970919,152
2020-04-06,Philippines,Asia,109581085,1402,2.94758899311866,4648,145,2.06239972893132,297
2020-04-13,Philippines,Asia,109581085,1611,2.74956211649118,6259,112,2.34529526697057,409
2020-04-20,Philippines,Asia,109581085,1320,2.67473168384854,7579,92,1.86163515354863,501
2020-04-27,Philippines,Asia,109581085,1644,2.70484637015594,9223,106,1.80688117844425,607
2020-05-04,Philippines,Asia,109581085,1571,2.93390049934257,10794,112,1.98939442879216,719
2020-05-11,Philippines,Asia,109581085,1719,3.00234296822303,12513,105,1.98026876627476,824
2020-05-18,Philippines,Asia,109581085,1522,2.95762722188779,14035,44,1.35972371509189,868
2020-05-25,Philippines,Asia,109581085,4051,5.08573172094436,18086,89,1.21371311481356,957
2020-06-01,Philippines,Asia,109581085,3809,7.17277073867265,21895,46,1.23196443984835,1003
2020-06-08,Philippines,Asia,109581085,4035,7.15816967864481,25930,85,1.19546178977877,1088
2020-06-15,Philippines,Asia,109581085,4122,7.44380291543928,30052,81,1.51485997788761,1169
2020-06-22,Philippines,Asia,109581085,5403,8.69219354781895,35455,75,1.42360335271366,1244
2020-06-29,Philippines,Asia,109581085,6375,10.7482053129881,41830,46,1.10420516460482,1290
2020-07-06,Philippines,Asia,109581085,14429,18.985028301189,56259,244,2.64644213004462,1534
2020-07-13,Philippines,Asia,109581085,11197,23.385422767077,67456,297,4.93698342191082,1831
2020-07-20,Philippines,Asia,109581085,12992,22.0740650633273,80448,101,3.6320136819233,1932
2020-07-27,Philippines,Asia,109581085,22737,32.6050796084014,103185,127,2.08065105396611,2059
2020-08-03,Philippines,Asia,109581085,26728,45.1400896422955,129913,211,3.08447393087959,2270
2020-08-10,Philippines,Asia,109581085,31340,52.9908971060106,161253,395,5.53015148554151,2665
2020-08-17,Philippines,Asia,109581085,28348,54.4692544338286,189601,333,6.64348231266372,2998
2020-08-24,Philippines,Asia,109581085,27795,51.234207071412,217396,522,7.80244145237292,3520
2020-08-31,Philippines,Asia,109581085,19969,43.5878144480866,237365,355,8.00320602775561,3875
2020-09-07,Philippines,Asia,109581085,23851,39.9886531512259,261216,496,7.76593880230334,4371
2020-09-14,Philippines,Asia,109581085,25527,45.0606963783941,286743,613,10.1203597317913,4984
2020-09-21,Philippines,Asia,109581085,17483,39.2494744873169,304226,360,8.87926962942555,5344
2020-09-28,Philippines,Asia,109581085,18271,32.6278937646949,322497,432,7.22752471377702,5776
2020-10-05,Philippines,Asia,109581085,16844,32.0447639298333,339341,545,8.91577227949513,6321
2020-10-12,Philippines,Asia,109581085,17277,31.1376730756042,356618,331,7.99408036523822,6652
2020-10-19,Philippines,Asia,109581085,13410,28.0039205671307,370028,325,5.98643461141127,6977
2020-10-26,Philippines,Asia,109581085,13085,24.1784428398387,383113,261,5.3476382351936,7238
2020-11-02,Philippines,Asia,109581085,13282,24.061634359616,396395,301,5.12862233477612,7539
2020-11-09,Philippines,Asia,109581085,11443,22.5632005742597,407838,293,5.4206435353327604,7832
2020-11-16,Philippines,Asia,109581085,10980,20.4624730627553,418818,291,5.32938691015881,8123
2020-11-23,Philippines,Asia,109581085,11046,20.1001842608147,429864,250,4.93698342191082,8373
2020-11-30,Philippines,Asia,109581085,9970,19.1784923465578,439834,181,3.93316054499734,8554
2020-12-07,Philippines,Asia,109581085,9566,17.8278942939833,449400,179,3.28523850626228,8733
2020-12-14,Philippines,Asia,109581085,10389,18.2102595534622,459789,214,3.58638536933632,8947
2020-12-21,Philippines,Asia,109581085,10097,18.6948322331359,469886,162,3.4312491065406,9109
2020-12-28,Philippines,Asia,109581085,7921,16.4426187238427,477807,148,2.82895538039252,9257
2021-01-04,Philippines,Asia,109581085,9883,16.2473295459705,487690,148,2.70119610514899,9405
2021-01-11,Philippines,Asia,109581085,12887,20.7791335521089,500577,490,5.82217268609815,9895
2021-01-18,Philippines,Asia,109581085,13042,23.6619303413541,513619,347,7.6381795270598,10242
2021-01-25,Philippines,Asia,109581085,11999,22.8515715098094,525618,507,7.79331578985552,10749
2021-02-01,Philippines,Asia,109581085,11692,21.619607069961,537310,430,8.55074577879933,11179
2021-02-08,Philippines,Asia,109581085,11866,21.4982357584797,549176,336,6.99025748832474,11515
2021-02-15,Philippines,Asia,109581085,11993,21.7729182002533,561169,573,8.29522722831226,12088
2021-02-22,Philippines,Asia,109581085,15183,24.7999004572733,576352,230,7.32790700146837,12318
2020-03-02,Poland,Europe,37958138,11,NA,11,0,NA,0
2020-03-09,Poland,Europe,37958138,114,0.329310146878121,125,3,0.0790344352507491,3
2020-03-16,Poland,Europe,37958138,509,1.64128177204056,634,4,0.184413682251748,7
2020-03-23,Poland,Europe,37958138,1228,4.57609380101837,1862,15,0.500551423254744,22
2020-03-30,Poland,Europe,37958138,2240,9.1363807149866,4102,72,2.29199862227172,94
2020-04-06,Poland,Europe,37958138,2572,12.6771234142202,6674,138,5.53241046755244,232
2020-04-13,Poland,Europe,37958138,2613,13.6597848925045,9287,128,7.00771992556642,360
2020-04-20,Poland,Europe,37958138,2330,13.0222404481484,11617,175,7.98247796032566,535
2020-04-27,Poland,Europe,37958138,2076,11.60752405716,13693,143,8.37765013657941,678
2020-05-04,Poland,Europe,37958138,2303,11.5363930654344,15996,122,6.98137511381617,800
2020-05-11,Poland,Europe,37958138,2533,12.7403509624208,18529,125,6.50716850231168,925
2020-05-18,Poland,Europe,37958138,2797,14.0417846628831,21326,71,5.16358310304894,996
2020-05-25,Poland,Europe,37958138,2460,13.8494675371063,23786,68,3.66192883328471,1064
2020-06-01,Poland,Europe,37958138,2775,13.7915089512557,26561,93,4.2415146917902,1157
2020-06-08,Poland,Europe,37958138,2831,14.76890146719,29392,90,4.8211005502957,1247
2020-06-15,Poland,Europe,37958138,2539,14.1471639098841,31931,109,5.24261753829969,1356
2020-06-22,Poland,Europe,37958138,1976,11.8946825052377,33907,82,5.03185904429769,1438
2020-06-29,Poland,Europe,37958138,2043,10.5879798424254,35950,79,4.2415146917902,1517
2020-07-06,Poland,Europe,37958138,1941,10.4957730012995,37891,54,3.50385996278321,1571
2020-07-13,Poland,Europe,37958138,2213,10.9436348010537,40104,53,2.81889485727672,1624
2020-07-20,Poland,Europe,37958138,2961,13.6308055995792,43065,47,2.63448117502497,1671
2020-07-27,Poland,Europe,37958138,3829,17.8881271784195,46894,60,2.81889485727672,1731
2020-08-03,Poland,Europe,37958138,4897,22.9884827332679,51791,76,3.58289439803396,1807
2020-08-10,Poland,Europe,37958138,4893,25.7915707034945,56684,70,3.84634251553646,1877
2020-08-17,Poland,Europe,37958138,5078,26.268411796174,61762,78,3.89903213903696,1955
2020-08-24,Poland,Europe,37958138,5108,26.8348252488044,66870,78,4.10979063303896,2033
2020-08-31,Poland,Europe,37958138,3954,23.8736684080763,70824,87,4.3468939387912,2120
2020-09-07,Poland,Europe,37958138,3328,19.1842919165318,74152,68,4.08344582128871,2188
2020-09-14,Poland,Europe,37958138,5088,22.1717935690102,79240,105,4.5576524327932,2293
2020-09-21,Poland,Europe,37958138,8090,34.7171929244791,87330,139,6.42813406706093,2432
2020-09-28,Poland,Europe,37958138,10810,49.791694207972,98140,172,8.19323645432766,2604
2020-10-05,Poland,Europe,37958138,27676,101.390642502011,125816,400,15.0692323211428,3004
2020-10-12,Poland,Europe,37958138,49950,204.504235692488,175766,569,25.528122585992,3573
2020-10-19,Poland,Europe,37958138,77922,336.876376812793,253688,865,37.7784600498581,4438
2020-10-26,Poland,Europe,37958138,126214,537.792449144897,379902,1345,58.2220339680519,5783
2020-11-02,Poland,Europe,37958138,166523,771.210115733285,546425,2089,90.4680835503575,7872
2020-11-09,Poland,Europe,37958138,166547,877.466644965567,712972,2476,120.26406563989,10348
2020-11-16,Poland,Europe,37958138,148359,829.613928902414,861331,3270,151.377288316935,13618
2020-11-23,Poland,Europe,37958138,123744,716.85023116782,985075,3411,176.009687303418,17029
2020-11-30,Poland,Europe,37958138,78374,532.476066133697,1063449,3060,170.477276835866,20089
2020-12-07,Poland,Europe,37958138,72227,396.755499439936,1135676,2775,153.721976562707,22864
2020-12-14,Poland,Europe,37958138,67024,366.854138103402,1202700,2533,139.838260770325,25397
2020-12-21,Poland,Europe,37958138,58310,330.19006359058,1261010,1750,112.83482872632,27147
2020-12-28,Poland,Europe,37958138,61937,316.788457853228,1322947,2014,99.1618714279399,29161
2021-01-04,Poland,Europe,37958138,67438,340.836002018856,1390385,2103,108.461589975778,31264
2021-01-11,Poland,Europe,37958138,48529,305.512878424121,1438914,2143,111.86007069156,33407
2021-01-18,Poland,Europe,37958138,39205,231.133571409641,1478119,1994,108.988486210783,35401
2021-01-25,Poland,Europe,37958138,35266,196.192447585285,1513385,1779,99.3989747336922,37180
2021-02-01,Poland,Europe,37958138,39301,196.445357778087,1552686,1952,98.2924926401817,39132
2021-02-08,Poland,Europe,37958138,38811,205.784593543551,1591497,1700,96.2112525119119,40832
2021-02-15,Poland,Europe,37958138,47270,226.778774027325,1638767,1339,80.0618829090089,42171
2021-02-22,Poland,Europe,37958138,73005,316.862223326128,1711772,1622,78.0069875924894,43793
2020-03-02,Portugal,Europe,10295909,30,NA,30,0,NA,0
2020-03-09,Portugal,Europe,10295909,215,2.37958591125854,245,0,0,0
2020-03-16,Portugal,Europe,10295909,1355,15.248775023167,1600,14,1.35976337786202,14
2020-03-23,Portugal,Europe,10295909,4362,55.5269087945513,5962,105,11.5579887118272,119
2020-03-30,Portugal,Europe,10295909,5316,93.9984997924904,11278,176,27.292393512802,295
2020-04-06,Portugal,Europe,10295909,5307,103.176902593059,16585,209,37.3934928912056,504
2020-04-13,Portugal,Europe,10295909,3621,86.7140531253724,20206,210,40.6957753802991,714
2020-04-20,Portugal,Europe,10295909,3640,70.5231563332582,23846,214,41.181405158107,928
2020-04-27,Portugal,Europe,10295909,1678,51.6515831676446,25524,135,33.896958490989,1063
2020-05-04,Portugal,Europe,10295909,2057,36.2765444022475,27581,72,20.1050728012456,1135
2020-05-11,Portugal,Europe,10295909,1455,34.1106355932245,29036,83,15.0545231120438,1218
2020-05-18,Portugal,Europe,10295909,1587,29.5457156818305,30623,98,17.5797979566447,1316
2020-05-25,Portugal,Europe,10295909,1877,33.6444310065289,32500,94,18.648183467822,1410
2020-06-01,Portugal,Europe,10295909,1993,37.5877448023288,34493,69,15.8315307565364,1479
2020-06-08,Portugal,Europe,10295909,2197,40.6957753802991,36690,38,10.3924772450883,1517
2020-06-15,Portugal,Europe,10295909,2443,45.0664433805699,39133,13,4.95342373364023,1530
2020-06-22,Portugal,Europe,10295909,2513,48.1356235763156,41646,34,4.56491991139393,1564
2020-06-29,Portugal,Europe,10295909,2251,46.2708052295334,43897,50,8.15858026717214,1614
2020-07-06,Portugal,Europe,10295909,2615,47.2614899762614,46512,46,9.32409173391101,1660
2020-07-13,Portugal,Europe,10295909,2124,46.0279903406295,48636,29,7.28444666711798,1689
2020-07-20,Portugal,Europe,10295909,1528,35.4703989710865,50164,28,5.53617946700966,1717
2020-07-27,Portugal,Europe,10295909,1299,27.4575076372567,51463,21,4.75917182251708,1738
2020-08-03,Portugal,Europe,10295909,1205,24.3203392726179,52668,18,3.78791226690135,1756
2020-08-10,Portugal,Europe,10295909,1434,25.6315396726991,54102,22,3.88503822246292,1778
2020-08-17,Portugal,Europe,10295909,1495,28.4481923839848,55597,18,3.88503822246292,1796
2020-08-24,Portugal,Europe,10295909,2171,35.6063753088727,57768,23,3.9821641780245,1819
2020-08-31,Portugal,Europe,10295909,2490,45.2704078872492,60258,21,4.27354204470921,1840
2020-09-07,Portugal,Europe,10295909,3725,60.3637813815177,63983,27,4.66204586695551,1867
2020-09-14,Portugal,Europe,10295909,4594,80.7990824316726,68577,45,6.99306880043326,1912
2020-09-21,Portugal,Europe,10295909,5027,93.4448818457894,73604,41,8.35283217829528,1953
2020-09-28,Portugal,Europe,10295909,4643,93.9207990280411,78247,42,8.06145431161056,1995
2020-10-05,Portugal,Europe,10295909,8417,126.846497963414,86664,85,12.3349963563198,2080
2020-10-12,Portugal,Europe,10295909,13247,210.413670128592,99911,101,18.0654277344526,2181
2020-10-19,Portugal,Europe,10295909,18775,311.016734899269,118686,135,22.9217255125312,2316
2020-10-26,Portugal,Europe,10295909,25655,431.530620560069,144341,228,35.256721868851,2544
2020-11-02,Portugal,Europe,10295909,34983,588.952369334267,179324,352,56.3330542257124,2896
2020-11-09,Portugal,Europe,10295909,37977,708.630971777237,217301,485,81.2944248050366,3381
2020-11-16,Portugal,Europe,10295909,43457,790.935506520114,260758,516,97.2230815171346,3897
2020-11-23,Portugal,Europe,10295909,34041,752.706730411079,294799,530,101.593749517405,4427
2020-11-30,Portugal,Europe,10295909,27675,599.422547343804,322474,536,103.536268628637,4963
2020-12-07,Portugal,Europe,10295909,26270,523.945967276906,348744,596,109.946581695701,5559
2020-12-14,Portugal,Europe,10295909,25377,501.626422688856,374121,575,113.734493962602,6134
2020-12-21,Portugal,Europe,10295909,22545,465.44700424217,396666,543,108.586818317839,6677
2020-12-28,Portugal,Europe,10295909,34957,558.493669670157,431623,519,103.147764806391,7196
2021-01-04,Portugal,Europe,10295909,57670,899.648588580183,489293,729,121.213192540843,7925
2021-01-11,Portugal,Europe,10295909,67210,1212.90893305292,556503,1103,177.934750588802,9028
2021-01-18,Portugal,Europe,10295909,86610,1493.99144844812,643113,1693,271.564171750158,10721
2021-01-25,Portugal,Europe,10295909,83208,1649.37355215552,726321,2036,362.182688289106,12757
2021-02-01,Portugal,Europe,10295909,41598,1212.19020098177,767919,1597,352.858596555195,14354
2021-02-08,Portugal,Europe,10295909,19140,589.923628889882,787059,1057,257.772286060415,15411
2021-02-15,Portugal,Europe,10295909,10466,287.551104035593,797525,551,156.17853654301,15962
2021-02-22,Portugal,Europe,10295909,7431,173.826322668547,804956,389,91.2983982278787,16351
2020-03-23,Puerto Rico,America,2860840,127,NA,127,5,NA,5
2020-03-30,Puerto Rico,America,2860840,348,16.6035150515233,475,15,6.99095370590456,20
2020-04-06,Puerto Rico,America,2860840,422,26.9151717677326,897,24,13.6323597265139,44
2020-04-13,Puerto Rico,America,2860840,316,25.7966191747878,1213,18,14.6810027823996,62
2020-04-20,Puerto Rico,America,2860840,158,16.5685602829938,1371,22,13.9819074118091,84
2020-04-27,Puerto Rico,America,2860840,437,20.7980872750661,1808,13,12.234168985333,97
2020-05-04,Puerto Rico,America,2860840,390,28.9075935739154,2198,14,9.43778750297116,111
2020-05-11,Puerto Rico,America,2860840,448,29.2920960277401,2646,12,9.08823981767593,123
2020-05-18,Puerto Rico,America,2860840,543,34.6401756127571,3189,4,5.59276296472365,127
2020-05-25,Puerto Rico,America,2860840,587,39.4988884383608,3776,9,4.54411990883796,136
2020-06-01,Puerto Rico,America,2860840,1209,62.7787642790229,4985,6,5.24321527942842,142
2020-06-08,Puerto Rico,America,2860840,826,71.1329539575789,5811,5,3.84502453824751,147
2020-06-15,Puerto Rico,America,2860840,714,53.8303435354651,6525,2,2.4468337970666,149
2020-06-22,Puerto Rico,America,2860840,664,48.1676710336824,7189,4,2.09728611177137,153
2020-06-29,Puerto Rico,America,2860840,727,48.6220830245662,7916,2,2.09728611177137,155
2020-07-06,Puerto Rico,America,2860840,1905,92.000950769704,9821,12,4.89366759413319,167
2020-07-13,Puerto Rico,America,2860840,2242,144.957425091931,12063,11,8.03959676179024,178
2020-07-20,Puerto Rico,America,2860840,3080,186.02927811412,15143,23,11.8846213000378,201
2020-07-27,Puerto Rico,America,2860840,3268,221.892870625411,18411,29,18.1764796353519,230
2020-08-03,Puerto Rico,America,2860840,3710,243.91437479901,22121,49,27.2647194530278,279
2020-08-10,Puerto Rico,America,2860840,3885,265.481466981726,26006,56,36.7025069559989,335
2020-08-17,Puerto Rico,America,2860840,3890,271.77332531704,29896,55,38.7997930677703,390
2020-08-24,Puerto Rico,America,2860840,2952,239.160526278995,32848,44,34.6052208442276,434
2020-08-31,Puerto Rico,America,2860840,1685,162.085261671397,34533,43,30.4106486206848,477
2020-09-07,Puerto Rico,America,2860840,2847,158.415010975797,37380,62,36.7025069559989,539
2020-09-14,Puerto Rico,America,2860840,4458,255.344584108164,41838,69,45.7907467736749,608
2020-09-21,Puerto Rico,America,2860840,4466,311.936354357461,46304,36,36.7025069559989,644
2020-09-28,Puerto Rico,America,2860840,4371,308.895289495393,50675,42,27.2647194530278,686
2020-10-05,Puerto Rico,America,2860840,2996,257.511779756994,53671,44,30.0611009353896,730
2020-10-12,Puerto Rico,America,2860840,3622,231.330658128382,57293,36,27.9638148236182,766
2020-10-19,Puerto Rico,America,2860840,5210,308.720515652745,62503,35,24.8178856559612,801
2020-10-26,Puerto Rico,America,2860840,4158,327.45627158457,66661,31,23.070147229485,832
2020-11-02,Puerto Rico,America,2860840,5404,334.237496679297,72065,40,24.8178856559612,872
2020-11-09,Puerto Rico,America,2860840,5959,397.191034800968,78024,63,36.0034115854085,935
2020-11-16,Puerto Rico,America,2860840,6900,449.483368521134,84924,82,50.6844143678081,1017
2020-11-23,Puerto Rico,America,2860840,5671,439.41639518463103,90595,77,55.5780819619413,1094
2020-11-30,Puerto Rico,America,2860840,7509,460.703849219111,98104,98,61.1708449266649,1192
2020-12-07,Puerto Rico,America,2860840,9054,578.955831154486,107158,80,62.2194879825506,1272
2020-12-14,Puerto Rico,America,2860840,8229,604.123264495743,115387,110,66.4140602060933,1382
2020-12-21,Puerto Rico,America,2860840,13317,753.135442737098,128704,74,64.3167740943219,1456
2020-12-28,Puerto Rico,America,2860840,7836,739.398218704996,136540,106,62.918583353141,1562
2021-01-04,Puerto Rico,America,2860840,5800,476.643223668573,142340,80,65.0158694649124,1642
2021-01-11,Puerto Rico,America,2860840,7978,481.606800799765,150318,61,49.2862236266271,1703
2021-01-18,Puerto Rico,America,2860840,7630,545.574027208792,157948,75,47.538485200151,1778
2021-01-25,Puerto Rico,America,2860840,5521,459.690160931754,163469,58,46.4898421442653,1836
2021-02-01,Puerto Rico,America,2860840,5033,368.912627060584,168502,52,38.4502453824751,1888
2021-02-08,Puerto Rico,America,2860840,4850,345.457977377274,173352,32,29.3620055647992,1920
2021-02-15,Puerto Rico,America,2860840,4713,334.272451447827,178065,66,34.2556731589323,1986
2021-02-22,Puerto Rico,America,2860840,4609,325.848352232212,182674,51,40.8970791795417,2037
2019-12-30,Qatar,Asia,2881060,0,NA,0,0,NA,0
2020-01-06,Qatar,Asia,2881060,0,0,0,0,0,0
2020-01-13,Qatar,Asia,2881060,0,0,0,0,0,0
2020-01-20,Qatar,Asia,2881060,0,0,0,0,0,0
2020-01-27,Qatar,Asia,2881060,0,0,0,0,0,0
2020-02-03,Qatar,Asia,2881060,0,0,0,0,0,0
2020-02-10,Qatar,Asia,2881060,0,0,0,0,0,0
2020-02-17,Qatar,Asia,2881060,0,0,0,0,0,0
2020-02-24,Qatar,Asia,2881060,3,0.104128341652031,3,0,0,0
2020-03-02,Qatar,Asia,2881060,12,0.520641708260154,15,0,0,0
2020-03-09,Qatar,Asia,2881060,386,13.8143599925028,401,0,0,0
2020-03-16,Qatar,Asia,2881060,93,16.6258252171076,494,0,0,0
2020-03-23,Qatar,Asia,2881060,140,8.08730120164106,634,1,0.347094472173436,1
2020-03-30,Qatar,Asia,2881060,970,38.5274864112514,1604,3,1.38837788869375,4
2020-04-06,Qatar,Asia,2881060,1375,81.3936537246708,2979,3,2.08256683304062,7
2020-04-13,Qatar,Asia,2881060,2469,133.423115103469,5448,1,1.38837788869375,8
2020-04-20,Qatar,Asia,2881060,4839,253.656640264347,10287,2,1.04128341652031,10
2020-04-27,Qatar,Asia,2881060,5264,350.669545236823,15551,2,1.38837788869375,12
2020-05-04,Qatar,Asia,2881060,6969,424.600667809764,22520,2,1.38837788869375,14
2020-05-11,Qatar,Asia,2881060,10084,591.900203397361,32604,1,1.04128341652031,15
2020-05-18,Qatar,Asia,2881060,11110,735.632024324381,43714,8,3.12385024956093,23
2020-05-25,Qatar,Asia,2881060,13196,843.647824064754,56910,15,7.98317285998903,38
2020-06-01,Qatar,Asia,2881060,11880,870.374098422109,68790,16,10.7599286373765,54
2020-06-08,Qatar,Asia,2881060,10812,787.626776255961,79602,19,12.1483065260703,73
2020-06-15,Qatar,Asia,2881060,7767,644.866819851027,87369,25,15.272156775631201,98
2020-06-22,Qatar,Asia,2881060,7044,514.081622736076,94413,12,12.8424954704171,110
2020-06-29,Qatar,Asia,2881060,5386,431.438428911581,99799,18,10.4128341652031,128
2020-07-06,Qatar,Asia,2881060,3799,318.806272691301,103598,19,12.8424954704171,147
2020-07-13,Qatar,Asia,2881060,3050,237.725003991586,106648,10,10.0657396930297,157
2020-07-20,Qatar,Asia,2881060,2657,198.08681526938,109305,8,6.24770049912185,165
2020-07-27,Qatar,Asia,2881060,1802,154.769425142135,111107,12,6.94188944346872,177
2020-08-03,Qatar,Asia,2881060,1840,126.411806765566,112947,7,6.59479497129529,184
2020-08-10,Qatar,Asia,2881060,2133,137.900633794506,115080,9,5.55351155477498,193
2020-08-17,Qatar,Asia,2881060,1928,140.955065149632,117008,0,3.12385024956093,193
2020-08-24,Qatar,Asia,2881060,1567,121.309518024616,118575,4,1.38837788869375,197
2020-08-31,Qatar,Asia,2881060,1520,107.14806355994,120095,6,3.47094472173436,203
2020-09-07,Qatar,Asia,2881060,1645,109.855400442893,121740,2,2.77675577738749,205
2020-09-14,Qatar,Asia,2881060,1636,113.881696320104,123376,5,2.42966130521405,210
2020-09-21,Qatar,Asia,2881060,1708,116.068391494797,125084,4,3.12385024956093,214
2020-09-28,Qatar,Asia,2881060,1414,108.362894212547,126498,2,2.08256683304062,216
2020-10-05,Qatar,Asia,2881060,1487,100.692106377514,127985,4,2.08256683304062,220
2020-10-12,Qatar,Asia,2881060,1446,101.802808688469,129431,4,2.77675577738749,224
2020-10-19,Qatar,Asia,2881060,1739,110.549589387239,131170,6,3.47094472173436,230
2020-10-26,Qatar,Asia,2881060,1550,114.159371897843,132720,2,2.77675577738749,232
2020-11-02,Qatar,Asia,2881060,1483,105.273753410203,134203,0,0.694188944346872,232
2020-11-09,Qatar,Asia,2881060,1582,106.384455721158,135785,2,0.694188944346872,234
2020-11-16,Qatar,Asia,2881060,1444,105.030787279682,137229,2,1.38837788869375,236
2020-11-23,Qatar,Asia,2881060,1419,99.3731473832548,138648,1,1.04128341652031,237
2020-11-30,Qatar,Asia,2881060,1260,92.9866090952636,139908,2,1.04128341652031,239
2020-12-07,Qatar,Asia,2881060,1213,85.8364629684908,141121,2,1.38837788869375,241
2020-12-14,Qatar,Asia,2881060,880,72.6468730259002,142001,2,1.38837788869375,243
2020-12-21,Qatar,Asia,2881060,1061,67.371037048864,143062,1,1.04128341652031,244
2020-12-28,Qatar,Asia,2881060,1582,91.7370689954392,144644,1,0.694188944346872,245
2021-01-04,Qatar,Asia,2881060,1424,104.336598335335,146068,1,0.694188944346872,246
2021-01-11,Qatar,Asia,2881060,1436,99.2690190416028,147504,2,1.04128341652031,248
2021-01-18,Qatar,Asia,2881060,1515,102.427578738381,149019,0,0.694188944346872,248
2021-01-25,Qatar,Asia,2881060,2316,132.971892289643,151335,0,0,248
2021-02-01,Qatar,Asia,2881060,2763,176.289282416888,154098,2,0.694188944346872,250
2021-02-08,Qatar,Asia,2881060,3146,205.098123607283,157244,5,2.42966130521405,255
2021-02-15,Qatar,Asia,2881060,3645,235.711856052981,160889,2,2.42966130521405,257
2021-02-22,Qatar,Asia,2881060,3248,239.25221966915,164137,2,1.38837788869375,259
2019-12-30,Romania,Europe,19328838,0,NA,0,0,NA,0
2020-01-06,Romania,Europe,19328838,0,0,0,0,0,0
2020-01-13,Romania,Europe,19328838,0,0,0,0,0,0
2020-01-20,Romania,Europe,19328838,0,0,0,0,0,0
2020-01-27,Romania,Europe,19328838,0,0,0,0,0,0
2020-02-03,Romania,Europe,19328838,0,0,0,0,0,0
2020-02-10,Romania,Europe,19328838,0,0,0,0,0,0
2020-02-17,Romania,Europe,19328838,0,0,0,0,0,0
2020-02-24,Romania,Europe,19328838,3,0.0155208502445931,3,0,0,0
2020-03-02,Romania,Europe,19328838,12,0.0776042512229654,15,0,0,0
2020-03-09,Romania,Europe,19328838,124,0.703611877754886,139,0,0,0
2020-03-16,Romania,Europe,19328838,294,2.16257180074664,433,2,0.103472334963954,2
2020-03-23,Romania,Europe,19328838,1327,8.38643274882846,1760,38,2.06944669927908,40
2020-03-30,Romania,Europe,19328838,2104,17.7506790630663,3864,108,7.55348045236863,148
2020-04-06,Romania,Europe,19328838,2436,23.4882200368175,6300,158,13.7618205502059,306
2020-04-13,Romania,Europe,19328838,2446,25.2575969647011,8746,128,14.7965438998454,434
2020-04-20,Romania,Europe,19328838,2290,24.5022489194643,11036,174,15.624322579557,608
2020-04-27,Romania,Europe,19328838,2127,22.8518651767892,13163,172,17.900713948764,780
2020-05-04,Romania,Europe,19328838,2199,22.3810660527032,15362,172,17.7972416138001,952
2020-05-11,Romania,Europe,19328838,1509,19.1837709023171,16871,145,16.4003650917867,1097
2020-05-18,Romania,Europe,19328838,1199,14.0101541541194,18070,82,11.7441100184088,1179
2020-05-25,Romania,Europe,19328838,1187,12.3442495611997,19257,83,8.53646763452619,1262
2020-06-01,Romania,Europe,19328838,1222,12.4632427464082,20479,64,7.60521661985061,1326
2020-06-08,Romania,Europe,19328838,1520,14.1860571235581,21999,84,7.65695278733259,1410
2020-06-15,Romania,Europe,19328838,2046,18.449117324073,24045,102,9.62292715164771,1512
2020-06-22,Romania,Europe,19328838,2268,22.3189826517248,26313,100,10.4507058313593,1612
2020-06-29,Romania,Europe,19328838,2660,25.4955833351182,28973,138,12.3132078607105,1750
2020-07-06,Romania,Europe,19328838,3562,32.1902434072861,32535,134,14.0722375550977,1884
2020-07-13,Romania,Europe,19328838,4923,43.8981381084574,37458,142,14.2791822250256,2026
2020-07-20,Romania,Europe,19328838,7340,63.4440621831483,44798,161,15.676058747039,2187
2020-07-27,Romania,Europe,19328838,8388,81.3706442156533,53186,226,20.0218968155251,2413
2020-08-03,Romania,Europe,19328838,8582,87.7962762169149,61768,287,26.5406539182542,2700
2020-08-10,Romania,Europe,19328838,8693,89.3742293251152,70461,291,29.9035048045827,2991
2020-08-17,Romania,Europe,19328838,8064,86.6942958495487,78525,281,29.5930877996908,3272
2020-08-24,Romania,Europe,19328838,8260,84.4541197975791,86785,306,30.3691303119205,3578
2020-08-31,Romania,Europe,19328838,8229,85.3077665610318,95014,315,32.1281600063077,3893
2020-09-07,Romania,Europe,19328838,8481,86.4511358623835,103495,270,30.2656579769565,4163
2020-09-14,Romania,Europe,19328838,9286,91.9196487652284,112781,272,28.0410027752315,4435
2020-09-21,Romania,Europe,19328838,9892,99.2196219969354,122673,283,28.7135729524972,4718
2020-09-28,Romania,Europe,19328838,11392,110.11525886864,134065,229,26.4889177507722,4947
2020-10-05,Romania,Europe,19328838,21218,168.711642158727,155283,464,35.85316406501,5411
2020-10-12,Romania,Europe,19328838,25105,239.657448626762,180388,461,47.8559549208287,5872
2020-10-19,Romania,Europe,19328838,29260,281.263674515768,209648,519,50.7014441323374,6391
2020-10-26,Romania,Europe,19328838,37015,342.881449986802,246663,676,61.8247201409624,7067
2020-11-02,Romania,Europe,19328838,57088,486.852856855648,303751,812,76.9834172131817,7879
2020-11-09,Romania,Europe,19328838,56530,587.815987696726,360281,1047,96.1775353489951,8926
2020-11-16,Romania,Europe,19328838,58364,594.417522667426,418645,1121,112.164011100926,10047
2020-11-23,Romania,Europe,19328838,52891,575.590731320734,471536,1146,117.285891681642,11193
2020-11-30,Romania,Europe,19328838,42040,491.136611523155,513576,1127,117.596308686534,12320
2020-12-07,Romania,Europe,19328838,42759,438.717526630416,556335,1065,113.405679120493,13385
2020-12-14,Romania,Europe,19328838,34959,402.083146436428,591294,1009,107.30081135762,14394
2020-12-21,Romania,Europe,19328838,27135,321.250558362588,618429,940,100.833790422373,15334
2020-12-28,Romania,Europe,19328838,22000,254.205658922694,640429,645,82.0018254589334,15979
2021-01-04,Romania,Europe,19328838,32842,283.731489704658,673271,746,71.9650089674299,16725
2021-01-11,Romania,Europe,19328838,21882,283.121002928371,695153,546,66.8431283867142,17271
2021-01-18,Romania,Europe,19328838,17408,203.271402036687,712561,570,57.7375629098863,17841
2021-01-25,Romania,Europe,19328838,17495,180.574745362344,730056,561,58.5136054221159,18402
2021-02-01,Romania,Europe,19328838,16581,176.296164311585,746637,559,57.9445075798142,18961
2021-02-08,Romania,Europe,19328838,16657,171.960673476595,763294,484,53.9608226837019,19445
2021-02-15,Romania,Europe,19328838,18035,179.483112228474,781329,449,48.2698442606845,19894
2021-02-22,Romania,Europe,19328838,22761,211.062868859473,804090,509,49.5632484477339,20403
2019-12-30,Russia,Europe,145934460,0,NA,0,0,NA,0
2020-01-06,Russia,Europe,145934460,0,0,0,0,0,0
2020-01-13,Russia,Europe,145934460,0,0,0,0,0,0
2020-01-20,Russia,Europe,145934460,0,0,0,0,0,0
2020-01-27,Russia,Europe,145934460,2,0.00137047822700684,2,0,0,0
2020-02-03,Russia,Europe,145934460,0,0.00137047822700684,2,0,0,0
2020-02-10,Russia,Europe,145934460,0,0,2,0,0,0
2020-02-17,Russia,Europe,145934460,0,0,2,0,0,0
2020-02-24,Russia,Europe,145934460,0,0,2,0,0,0
2020-03-02,Russia,Europe,145934460,8,0.00548191290802734,10,0,0,0
2020-03-09,Russia,Europe,145934460,53,0.0417995859237085,63,0,0,0
2020-03-16,Russia,Europe,145934460,304,0.24463036352072,367,0,0,0
2020-03-23,Russia,Europe,145934460,1167,1.00798673596353,1534,8,0.0548191290802734,8
2020-03-30,Russia,Europe,145934460,3855,3.44127082801417,5389,37,0.308357601076538,45
2020-04-06,Russia,Europe,145934460,10381,9.75506401983466,15770,85,0.83599171847417,130
2020-04-13,Russia,Europe,145934460,27083,25.6717981482921,42853,231,2.1653555986708,361
2020-04-20,Russia,Europe,145934460,38096,44.6632001790393,80949,386,4.22792533031609,747
2020-04-27,Russia,Europe,145934460,53738,62.9282487494729,134687,533,6.29734745309641,1280
2020-05-04,Russia,Europe,145934460,75001,88.2169982333165,209688,635,8.00359284571992,1915
2020-05-11,Russia,Europe,145934460,72064,100.77469022738,281752,716,9.25758042343118,2631
2020-05-18,Russia,Europe,145934460,62729,92.3654358264662,344481,910,11.1419879855656,3541
2020-05-25,Russia,Europe,145934460,61362,85.0320068337526,405843,1152,14.1296305204405,4693
2020-06-01,Russia,Europe,145934460,61830,84.4159768707131,467673,1166,15.8838426510092,5859
2020-06-08,Russia,Europe,145934460,61291,84.3673248936543,528964,1089,15.4521420095021,6948
2020-06-15,Russia,Europe,145934460,55716,80.1777729536944,584680,1163,15.431584836097,8111
2020-06-22,Russia,Europe,145934460,49757,72.274225018546,634437,962,14.5613311619476,9073
2020-06-29,Russia,Europe,145934460,46814,66.1742264301386,681251,1088,14.0474018268201,10161
2020-07-06,Russia,Europe,145934460,45911,63.5387967996044,727162,1174,15.5001087474473,11335
2020-07-13,Russia,Europe,145934460,44384,61.8736657537911,771546,1007,14.9450650655095,12342
2020-07-20,Russia,Europe,145934460,40939,58.4666568814521,812485,927,13.2525244551561,13269
2020-07-27,Russia,Europe,145934460,38385,54.3559074395451,850870,859,12.238370567171,14128
2020-08-03,Russia,Europe,145934460,36666,51.427880707545,887536,803,11.3886740664268,14931
2020-08-10,Russia,Europe,145934460,35317,49.3255671073165,922853,754,10.6691729972482,15685
2020-08-17,Russia,Europe,145934460,33896,47.4274547629121,956749,698,9.94967192806963,16383
2020-08-24,Russia,Europe,145934460,33577,46.2351387054161,990326,710,9.64816671812812,17093
2020-08-31,Russia,Europe,145934460,35179,47.114300488041,1025505,727,9.84688606104412,17820
2020-09-07,Russia,Europe,145934460,37306,49.6695571422953,1062811,758,10.1758008355258,18578
2020-09-14,Russia,Europe,145934460,40588,53.3760155072352,1103399,840,10.9501210337846,19418
2020-09-21,Russia,Europe,145934460,48039,60.7306869124674,1151438,906,11.9642749217697,20324
2020-09-28,Russia,Europe,145934460,63563,76.4740555452084,1215001,1034,13.2936388019663,21358
2020-10-05,Russia,Europe,145934460,83717,100.922016636783,1298718,1239,15.5754850499327,22597
2020-10-12,Russia,Europe,145934460,100616,126.312181509426,1399334,1590,19.3854145210117,24187
2020-10-19,Russia,Europe,145934460,114543,147.435362422282,1513877,1863,23.661306589273,26050
2020-10-26,Russia,Europe,145934460,122904,162.707971784046,1636781,2185,27.7384793146184,28235
2020-11-02,Russia,Europe,145934460,137553,178.47532378576,1774334,2302,30.7466790228984,30537
2020-11-09,Russia,Europe,145934460,151491,198.064254323482,1925825,2649,33.9261885095542,33186
2020-11-16,Russia,Europe,145934460,163504,215.846894558009,2089329,2993,38.6611907838628,36179
2020-11-23,Russia,Europe,145934460,179987,235.373468336403,2269316,3348,43.4510121872517,39527
2020-11-30,Russia,Europe,145934460,191454,254.525901558823,2460770,3614,47.706347082108,43141
2020-12-07,Russia,Europe,145934460,193158,263.55118592277603,2653928,3800,50.8036278751434,46941
2020-12-14,Russia,Europe,145934460,108740,206.872317888455,2762668,2210,41.1828707215554,49151
2020-12-21,Russia,Europe,145934460,315367,290.614704710594,3078035,6114,57.0393038080245,55265
2020-12-28,Russia,Europe,145934460,182103,340.885901794545,3260138,3723,67.4069715953312,58988
2021-01-04,Russia,Europe,145934460,165131,237.938318338246,3425269,3285,48.0215570743195,62273
2021-01-11,Russia,Europe,145934460,165797,226.764809353459,3591066,3764,48.3025051108559,66037
2021-01-18,Russia,Europe,145934460,147624,214.768328193355,3738690,3881,52.3865302273363,69918
2021-01-25,Russia,Europe,145934460,129397,189.82562446183,3868087,3701,51.9548295858292,73619
2021-02-01,Russia,Europe,145934460,115110,167.54575992538,3983197,3449,48.9945966154944,77068
2021-02-08,Russia,Europe,145934460,102893,149.384182461086,4086090,3452,47.2883512228709,80520
2021-02-15,Russia,Europe,145934460,91240,133.027524821759,4177330,3110,44.9653906280943,83630
2021-02-22,Russia,Europe,145934460,80320,117.559622312646,4257650,2825,40.6689413864279,86455
2020-03-09,Rwanda,Africa,12952209,5,NA,5,0,NA,0
2020-03-16,Rwanda,Africa,12952209,14,0.146693123929671,19,0,0,0
2020-03-23,Rwanda,Africa,12952209,51,0.501844897654138,70,0,0,0
2020-03-30,Rwanda,Africa,12952209,34,0.656258712316949,104,0,0,0
2020-04-06,Rwanda,Africa,12952209,22,0.432358681055872,126,0,0,0
2020-04-13,Rwanda,Africa,12952209,21,0.331989701525045,147,0,0,0
2020-04-20,Rwanda,Africa,12952209,44,0.501844897654138,191,0,0,0
2020-04-27,Rwanda,Africa,12952209,68,0.864717362111745,259,0,0,0
2020-05-04,Rwanda,Africa,12952209,25,0.718024238182074,284,0,0,0
2020-05-11,Rwanda,Africa,12952209,8,0.254782794193639,292,0,0,0
2020-05-18,Rwanda,Africa,12952209,35,0.331989701525045,327,0,0,0
2020-05-25,Rwanda,Africa,12952209,43,0.602213877184965,370,1,0.0772069073314058,1
2020-06-01,Rwanda,Africa,12952209,69,0.864717362111745,439,1,0.154413814662812,2
2020-06-08,Rwanda,Africa,12952209,143,1.6367864354258,582,0,0.0772069073314058,2
2020-06-15,Rwanda,Africa,12952209,146,2.23127962187763,728,0,0,2
2020-06-22,Rwanda,Africa,12952209,172,2.4551796531387,900,0,0,2
2020-06-29,Rwanda,Africa,12952209,205,2.910700406394,1105,1,0.0772069073314058,3
2020-07-06,Rwanda,Africa,12952209,232,3.37394185038243,1337,1,0.154413814662812,4
2020-07-13,Rwanda,Africa,12952209,245,3.68276947970806,1582,1,0.154413814662812,5
2020-07-20,Rwanda,Africa,12952209,239,3.73681431484004,1821,0,0.0772069073314058,5
2020-07-27,Rwanda,Africa,12952209,241,3.70593155190748,2062,0,0,5
2020-08-03,Rwanda,Africa,12952209,78,2.46290034387185,2140,2,0.154413814662812,7
2020-08-10,Rwanda,Africa,12952209,313,3.01879007665797,2453,1,0.231620721994217,8
2020-08-17,Rwanda,Africa,12952209,636,7.32693550575041,3089,4,0.386034536657029,12
2020-08-24,Rwanda,Africa,12952209,931,12.0983223788313,4020,4,0.617655258651246,16
2020-08-31,Rwanda,Africa,12952209,354,9.92108759208564,4374,3,0.540448351319841,19
2020-09-07,Rwanda,Africa,12952209,217,4.40851440862327,4591,3,0.463241443988435,22
2020-09-14,Rwanda,Africa,12952209,120,2.60187277706838,4711,4,0.540448351319841,26
2020-09-21,Rwanda,Africa,12952209,109,1.76803817788919,4820,3,0.540448351319841,29
2020-09-28,Rwanda,Africa,12952209,46,1.19670706363679,4866,0,0.231620721994217,29
2020-10-05,Rwanda,Africa,12952209,30,0.586772495718684,4896,2,0.154413814662812,31
2020-10-12,Rwanda,Africa,12952209,78,0.833834599179183,4974,3,0.386034536657029,34
2020-10-19,Rwanda,Africa,12952209,92,1.3125174246339,5066,0,0.231620721994217,34
2020-10-26,Rwanda,Africa,12952209,80,1.32795880610018,5146,1,0.0772069073314058,35
2020-11-02,Rwanda,Africa,12952209,76,1.20442775436993,5222,1,0.154413814662812,36
2020-11-09,Rwanda,Africa,12952209,233,2.38569343654044,5455,9,0.772069073314058,45
2020-11-16,Rwanda,Africa,12952209,210,3.42026599478128,5665,2,0.849275980645464,47
2020-11-23,Rwanda,Africa,12952209,254,3.58240050017723,5919,1,0.231620721994217,48
2020-11-30,Rwanda,Africa,12952209,210,3.58240050017723,6129,3,0.308827629325623,51
2020-12-07,Rwanda,Africa,12952209,530,5.71331114252403,6659,5,0.617655258651246,56
2020-12-14,Rwanda,Africa,12952209,634,8.98688401337563,7293,7,0.926482887976869,63
2020-12-21,Rwanda,Africa,12952209,728,10.5155807785375,8021,12,1.46693123929671,75
2020-12-28,Rwanda,Africa,12952209,655,10.6777152839334,8676,26,2.93386247859342,101
2021-01-04,Rwanda,Africa,12952209,954,12.4225913896232,9630,19,3.47431082991326,120
2021-01-11,Rwanda,Africa,12952209,1402,18.1899473672792,11032,22,3.16548320058764,142
2021-01-18,Rwanda,Africa,12952209,1943,25.8257105023552,12975,32,4.16917299589591,174
2021-01-25,Rwanda,Africa,12952209,2484,34.1794978756133,15459,24,4.32358681055872,198
2021-02-01,Rwanda,Africa,12952209,992,26.8371209883967,16451,22,3.55151773724467,220
2021-02-08,Rwanda,Africa,12952209,892,14.5457813412369,17343,19,3.16548320058764,239
2021-02-15,Rwanda,Africa,12952209,710,12.3685465544912,18053,10,2.23900031261077,249
2021-02-22,Rwanda,Africa,12952209,737,11.1718394908544,18790,12,1.69855196129093,261
2020-03-23,Saint Kitts and Nevis,America,53192,7,NA,7,0,NA,0
2020-03-30,Saint Kitts and Nevis,America,53192,3,18.7998195217326,10,0,0,0
2020-04-06,Saint Kitts and Nevis,America,53192,2,9.3999097608663,12,0,0,0
2020-04-13,Saint Kitts and Nevis,America,53192,3,9.3999097608663,15,0,0,0
2020-04-20,Saint Kitts and Nevis,America,53192,0,5.63994585651978,15,0,0,0
2020-04-27,Saint Kitts and Nevis,America,53192,0,0,15,0,0,0
2020-05-04,Saint Kitts and Nevis,America,53192,0,0,15,0,0,0
2020-05-11,Saint Kitts and Nevis,America,53192,0,0,15,0,0,0
2020-05-18,Saint Kitts and Nevis,America,53192,0,0,15,0,0,0
2020-05-25,Saint Kitts and Nevis,America,53192,0,0,15,0,0,0
2020-06-01,Saint Kitts and Nevis,America,53192,0,0,15,0,0,0
2020-06-08,Saint Kitts and Nevis,America,53192,0,0,15,0,0,0
2020-06-15,Saint Kitts and Nevis,America,53192,0,0,15,0,0,0
2020-06-22,Saint Kitts and Nevis,America,53192,0,0,15,0,0,0
2020-06-29,Saint Kitts and Nevis,America,53192,1,1.87998195217326,16,0,0,0
2020-07-06,Saint Kitts and Nevis,America,53192,1,3.75996390434652,17,0,0,0
2020-07-13,Saint Kitts and Nevis,America,53192,0,1.87998195217326,17,0,0,0
2020-07-20,Saint Kitts and Nevis,America,53192,0,0,17,0,0,0
2020-07-27,Saint Kitts and Nevis,America,53192,0,0,17,0,0,0
2020-08-03,Saint Kitts and Nevis,America,53192,0,0,17,0,0,0
2020-08-10,Saint Kitts and Nevis,America,53192,0,0,17,0,0,0
2020-08-17,Saint Kitts and Nevis,America,53192,0,0,17,0,0,0
2020-08-24,Saint Kitts and Nevis,America,53192,0,0,17,0,0,0
2020-08-31,Saint Kitts and Nevis,America,53192,0,0,17,0,0,0
2020-09-07,Saint Kitts and Nevis,America,53192,0,0,17,0,0,0
2020-09-14,Saint Kitts and Nevis,America,53192,0,0,17,0,0,0
2020-09-21,Saint Kitts and Nevis,America,53192,2,3.75996390434652,19,0,0,0
2020-09-28,Saint Kitts and Nevis,America,53192,0,3.75996390434652,19,0,0,0
2020-10-05,Saint Kitts and Nevis,America,53192,0,0,19,0,0,0
2020-10-12,Saint Kitts and Nevis,America,53192,0,0,19,0,0,0
2020-10-19,Saint Kitts and Nevis,America,53192,0,0,19,0,0,0
2020-10-26,Saint Kitts and Nevis,America,53192,0,0,19,0,0,0
2020-11-02,Saint Kitts and Nevis,America,53192,0,0,19,0,0,0
2020-11-09,Saint Kitts and Nevis,America,53192,0,0,19,0,0,0
2020-11-16,Saint Kitts and Nevis,America,53192,1,1.87998195217326,20,0,0,0
2020-11-23,Saint Kitts and Nevis,America,53192,2,5.63994585651978,22,0,0,0
2020-11-30,Saint Kitts and Nevis,America,53192,3,9.3999097608663,25,0,0,0
2020-12-07,Saint Kitts and Nevis,America,53192,3,11.2798917130396,28,0,0,0
2020-12-14,Saint Kitts and Nevis,America,53192,2,9.3999097608663,30,0,0,0
2020-12-21,Saint Kitts and Nevis,America,53192,2,7.51992780869304,32,0,0,0
2020-12-28,Saint Kitts and Nevis,America,53192,1,5.63994585651978,33,0,0,0
2021-01-04,Saint Kitts and Nevis,America,53192,1,3.75996390434652,34,0,0,0
2021-01-11,Saint Kitts and Nevis,America,53192,1,3.75996390434652,35,0,0,0
2021-01-18,Saint Kitts and Nevis,America,53192,0,1.87998195217326,35,0,0,0
2021-01-25,Saint Kitts and Nevis,America,53192,3,5.63994585651978,38,0,0,0
2021-02-01,Saint Kitts and Nevis,America,53192,2,9.3999097608663,40,0,0,0
2021-02-08,Saint Kitts and Nevis,America,53192,1,5.63994585651978,41,0,0,0
2021-02-15,Saint Kitts and Nevis,America,53192,0,1.87998195217326,41,0,0,0
2021-02-22,Saint Kitts and Nevis,America,53192,0,0,41,0,0,0
2020-03-09,Saint Lucia,America,183629,2,NA,2,0,NA,0
2020-03-16,Saint Lucia,America,183629,0,1.08915258483137,2,0,0,0
2020-03-23,Saint Lucia,America,183629,7,3.8120340469098,9,0,0,0
2020-03-30,Saint Lucia,America,183629,5,6.53491550898823,14,0,0,0
2020-04-06,Saint Lucia,America,183629,1,3.26745775449412,15,0,0,0
2020-04-13,Saint Lucia,America,183629,0,0.544576292415686,15,0,0,0
2020-04-20,Saint Lucia,America,183629,0,0,15,0,0,0
2020-04-27,Saint Lucia,America,183629,3,1.63372887724706,18,0,0,0
2020-05-04,Saint Lucia,America,183629,0,1.63372887724706,18,0,0,0
2020-05-11,Saint Lucia,America,183629,0,0,18,0,0,0
2020-05-18,Saint Lucia,America,183629,0,0,18,0,0,0
2020-05-25,Saint Lucia,America,183629,0,0,18,0,0,0
2020-06-01,Saint Lucia,America,183629,1,0.544576292415686,19,0,0,0
2020-06-08,Saint Lucia,America,183629,0,0.544576292415686,19,0,0,0
2020-06-15,Saint Lucia,America,183629,0,0,19,0,0,0
2020-06-22,Saint Lucia,America,183629,0,0,19,0,0,0
2020-06-29,Saint Lucia,America,183629,3,1.63372887724706,22,0,0,0
2020-07-06,Saint Lucia,America,183629,0,1.63372887724706,22,0,0,0
2020-07-13,Saint Lucia,America,183629,1,0.544576292415686,23,0,0,0
2020-07-20,Saint Lucia,America,183629,1,1.08915258483137,24,0,0,0
2020-07-27,Saint Lucia,America,183629,1,1.08915258483137,25,0,0,0
2020-08-03,Saint Lucia,America,183629,0,0.544576292415686,25,0,0,0
2020-08-10,Saint Lucia,America,183629,0,0,25,0,0,0
2020-08-17,Saint Lucia,America,183629,1,0.544576292415686,26,0,0,0
2020-08-24,Saint Lucia,America,183629,0,0.544576292415686,26,0,0,0
2020-08-31,Saint Lucia,America,183629,0,0,26,0,0,0
2020-09-07,Saint Lucia,America,183629,1,0.544576292415686,27,0,0,0
2020-09-14,Saint Lucia,America,183629,0,0.544576292415686,27,0,0,0
2020-09-21,Saint Lucia,America,183629,0,0,27,0,0,0
2020-09-28,Saint Lucia,America,183629,0,0,27,0,0,0
2020-10-05,Saint Lucia,America,183629,2,1.08915258483137,29,0,0,0
2020-10-12,Saint Lucia,America,183629,4,3.26745775449412,33,0,0,0
2020-10-19,Saint Lucia,America,183629,21,13.6144073103922,54,0,0,0
2020-10-26,Saint Lucia,America,183629,30,27.7733909132,84,0,0,0
2020-11-02,Saint Lucia,America,183629,47,41.9323745160078,131,0,0,0
2020-11-09,Saint Lucia,America,183629,40,47.3781374401647,171,2,10.8915258483137,2
2020-11-16,Saint Lucia,America,183629,49,48.4672900249961,220,0,10.8915258483137,2
2020-11-23,Saint Lucia,America,183629,37,46.833561147749,257,0,0,2
2020-11-30,Saint Lucia,America,183629,8,24.5059331587059,265,0,0,2
2020-12-07,Saint Lucia,America,183629,10,9.80237326348235,275,2,10.8915258483137,4
2020-12-14,Saint Lucia,America,183629,12,11.9806784331451,287,1,16.3372887724706,5
2020-12-21,Saint Lucia,America,183629,18,16.3372887724706,305,0,5.44576292415686,5
2020-12-28,Saint Lucia,America,183629,48,35.9420352994353,353,0,0,5
2021-01-04,Saint Lucia,America,183629,85,72.4286468912862,438,0,0,5
2021-01-11,Saint Lucia,America,183629,173,140.500683443247,611,3,16.3372887724706,8
2021-01-18,Saint Lucia,America,183629,310,263.030349236776,921,5,43.5661033932549,13
2021-01-25,Saint Lucia,America,183629,490,435.661033932549,1411,2,38.120340469098,15
2021-02-01,Saint Lucia,America,183629,616,602.301379411749,2027,4,32.6745775449412,19
2021-02-08,Saint Lucia,America,183629,492,603.39053199658,2519,4,43.5661033932549,23
2021-02-15,Saint Lucia,America,183629,623,607.20256604349,3142,9,70.7949180140392,32
2021-02-22,Saint Lucia,America,183629,248,474.325950694063,3390,4,70.7949180140392,36
2020-03-23,Saint Vincent and the Grenadines,America,110947,1,NA,1,0,NA,0
2020-03-30,Saint Vincent and the Grenadines,America,110947,6,6.30931886396207,7,0,0,0
2020-04-06,Saint Vincent and the Grenadines,America,110947,5,9.91464392908326,12,0,0,0
2020-04-13,Saint Vincent and the Grenadines,America,110947,0,4.50665633140148,12,0,0,0
2020-04-20,Saint Vincent and the Grenadines,America,110947,2,1.80266253256059,14,0,0,0
2020-04-27,Saint Vincent and the Grenadines,America,110947,3,4.50665633140148,17,0,0,0
2020-05-04,Saint Vincent and the Grenadines,America,110947,0,2.70399379884089,17,0,0,0
2020-05-11,Saint Vincent and the Grenadines,America,110947,0,0,17,0,0,0
2020-05-18,Saint Vincent and the Grenadines,America,110947,1,0.901331266280296,18,0,0,0
2020-05-25,Saint Vincent and the Grenadines,America,110947,8,8.11198139652266,26,0,0,0
2020-06-01,Saint Vincent and the Grenadines,America,110947,0,7.21065013024237,26,0,0,0
2020-06-08,Saint Vincent and the Grenadines,America,110947,1,0.901331266280296,27,0,0,0
2020-06-15,Saint Vincent and the Grenadines,America,110947,2,2.70399379884089,29,0,0,0
2020-06-22,Saint Vincent and the Grenadines,America,110947,0,1.80266253256059,29,0,0,0
2020-06-29,Saint Vincent and the Grenadines,America,110947,0,0,29,0,0,0
2020-07-06,Saint Vincent and the Grenadines,America,110947,6,5.40798759768178,35,0,0,0
2020-07-13,Saint Vincent and the Grenadines,America,110947,15,18.9279565918862,50,0,0,0
2020-07-20,Saint Vincent and the Grenadines,America,110947,2,15.322631526765,52,0,0,0
2020-07-27,Saint Vincent and the Grenadines,America,110947,3,4.50665633140148,55,0,0,0
2020-08-03,Saint Vincent and the Grenadines,America,110947,2,4.50665633140148,57,0,0,0
2020-08-10,Saint Vincent and the Grenadines,America,110947,0,1.80266253256059,57,0,0,0
2020-08-17,Saint Vincent and the Grenadines,America,110947,1,0.901331266280296,58,0,0,0
2020-08-24,Saint Vincent and the Grenadines,America,110947,2,2.70399379884089,60,0,0,0
2020-08-31,Saint Vincent and the Grenadines,America,110947,1,2.70399379884089,61,0,0,0
2020-09-07,Saint Vincent and the Grenadines,America,110947,3,3.60532506512118,64,0,0,0
2020-09-14,Saint Vincent and the Grenadines,America,110947,0,2.70399379884089,64,0,0,0
2020-09-21,Saint Vincent and the Grenadines,America,110947,0,0,64,0,0,0
2020-09-28,Saint Vincent and the Grenadines,America,110947,0,0,64,0,0,0
2020-10-05,Saint Vincent and the Grenadines,America,110947,0,0,64,0,0,0
2020-10-12,Saint Vincent and the Grenadines,America,110947,3,2.70399379884089,67,0,0,0
2020-10-19,Saint Vincent and the Grenadines,America,110947,6,8.11198139652266,73,0,0,0
2020-10-26,Saint Vincent and the Grenadines,America,110947,2,7.21065013024237,75,0,0,0
2020-11-02,Saint Vincent and the Grenadines,America,110947,1,2.70399379884089,76,0,0,0
2020-11-09,Saint Vincent and the Grenadines,America,110947,2,2.70399379884089,78,0,0,0
2020-11-16,Saint Vincent and the Grenadines,America,110947,6,7.21065013024237,84,0,0,0
2020-11-23,Saint Vincent and the Grenadines,America,110947,1,6.30931886396207,85,0,0,0
2020-11-30,Saint Vincent and the Grenadines,America,110947,2,2.70399379884089,87,0,0,0
2020-12-07,Saint Vincent and the Grenadines,America,110947,11,11.7173064616438,98,0,0,0
2020-12-14,Saint Vincent and the Grenadines,America,110947,6,15.322631526765,104,0,0,0
2020-12-21,Saint Vincent and the Grenadines,America,110947,5,9.91464392908326,109,0,0,0
2020-12-28,Saint Vincent and the Grenadines,America,110947,15,18.0266253256059,124,0,0,0
2021-01-04,Saint Vincent and the Grenadines,America,110947,125,126.186377279241,249,0,0,0
2021-01-11,Saint Vincent and the Grenadines,America,110947,245,333.49256852371,494,1,9.01331266280296,1
2021-01-18,Saint Vincent and the Grenadines,America,110947,252,447.961639341307,746,1,18.0266253256059,2
2021-01-25,Saint Vincent and the Grenadines,America,110947,205,411.908388690095,951,0,9.01331266280296,2
2021-02-01,Saint Vincent and the Grenadines,America,110947,332,484.014889992519,1283,2,18.0266253256059,4
2021-02-08,Saint Vincent and the Grenadines,America,110947,170,452.468295672709,1453,2,36.0532506512118,6
2021-02-15,Saint Vincent and the Grenadines,America,110947,50,198.292878581665,1503,0,18.0266253256059,6
2021-02-22,Saint Vincent and the Grenadines,America,110947,125,157.732971599052,1628,2,18.0266253256059,8
2019-12-30,San Marino,Europe,34453,0,NA,0,0,NA,0
2020-01-06,San Marino,Europe,34453,0,0,0,0,0,0
2020-01-13,San Marino,Europe,34453,0,0,0,0,0,0
2020-01-20,San Marino,Europe,34453,0,0,0,0,0,0
2020-01-27,San Marino,Europe,34453,0,0,0,0,0,0
2020-02-03,San Marino,Europe,34453,0,0,0,0,0,0
2020-02-10,San Marino,Europe,34453,0,0,0,0,0,0
2020-02-17,San Marino,Europe,34453,0,0,0,0,0,0
2020-02-24,San Marino,Europe,34453,8,23.2200388935652,8,1,29.0250486169564,1
2020-03-02,San Marino,Europe,34453,29,107.392679882739,37,0,29.0250486169564,1
2020-03-09,San Marino,Europe,34453,61,261.225437552608,98,6,174.150291701739,7
2020-03-16,San Marino,Europe,34453,53,330.885554233303,151,13,551.475923722172,20
2020-03-23,San Marino,Europe,34453,78,380.228136882129,229,4,493.425826488259,24
2020-03-30,San Marino,Europe,34453,37,333.788059094999,266,8,348.300583403477,32
2020-04-06,San Marino,Europe,34453,90,368.618117435347,356,3,319.275534786521,35
2020-04-13,San Marino,Europe,34453,105,565.98844803065106,461,4,203.175340318695,39
2020-04-20,San Marino,Europe,34453,77,528.255884828607,538,2,174.150291701739,41
2020-04-27,San Marino,Europe,34453,44,351.203088265173,582,0,58.0500972339129,41
2020-05-04,San Marino,Europe,34453,46,261.225437552608,628,0,0,41
2020-05-11,San Marino,Europe,34453,26,208.980350042086,654,0,0,41
2020-05-18,San Marino,Europe,34453,11,107.392679882739,665,1,29.0250486169564,42
2020-05-25,San Marino,Europe,34453,6,49.3425826488259,671,0,29.0250486169564,42
2020-06-01,San Marino,Europe,34453,16,63.8551069573042,687,0,0,42
2020-06-08,San Marino,Europe,34453,7,66.7576118189998,694,0,0,42
2020-06-15,San Marino,Europe,34453,2,26.1225437552608,696,0,0,42
2020-06-22,San Marino,Europe,34453,2,11.6100194467826,698,0,0,42
2020-06-29,San Marino,Europe,34453,0,5.80500972339129,698,0,0,42
2020-07-06,San Marino,Europe,34453,1,2.90250486169564,699,0,0,42
2020-07-13,San Marino,Europe,34453,0,2.90250486169564,699,0,0,42
2020-07-20,San Marino,Europe,34453,0,0,699,0,0,42
2020-07-27,San Marino,Europe,34453,0,0,699,0,0,42
2020-08-03,San Marino,Europe,34453,11,31.9275534786521,710,0,0,42
2020-08-10,San Marino,Europe,34453,0,31.9275534786521,710,0,0,42
2020-08-17,San Marino,Europe,34453,0,0,710,0,0,42
2020-08-24,San Marino,Europe,34453,0,0,710,0,0,42
2020-08-31,San Marino,Europe,34453,6,17.4150291701739,716,0,0,42
2020-09-07,San Marino,Europe,34453,6,34.8300583403477,722,0,0,42
2020-09-14,San Marino,Europe,34453,1,20.3175340318695,723,0,0,42
2020-09-21,San Marino,Europe,34453,4,14.5125243084782,727,0,0,42
2020-09-28,San Marino,Europe,34453,5,26.1225437552608,732,0,0,42
2020-10-05,San Marino,Europe,34453,20,72.5626215423911,752,0,0,42
2020-10-12,San Marino,Europe,34453,7,78.3676312657824,759,0,0,42
2020-10-19,San Marino,Europe,34453,60,194.467825733608,819,0,0,42
2020-10-26,San Marino,Europe,34453,109,490.523321626564,928,0,0,42
2020-11-02,San Marino,Europe,34453,115,650.161089019824,1043,0,0,42
2020-11-09,San Marino,Europe,34453,210,943.314080051084,1253,0,0,42
2020-11-16,San Marino,Europe,34453,142,1021.68171131687,1395,1,29.0250486169564,43
2020-11-23,San Marino,Europe,34453,191,966.534118944649,1586,2,87.0751458508693,45
2020-11-30,San Marino,Europe,34453,203,1143.58691550808,1789,3,145.125243084782,48
2020-12-07,San Marino,Europe,34453,158,1047.80425507213,1947,3,174.150291701739,51
2020-12-14,San Marino,Europe,34453,160,922.996546019215,2107,4,203.175340318695,55
2020-12-21,San Marino,Europe,34453,168,952.021594636171,2275,2,174.150291701739,57
2020-12-28,San Marino,Europe,34453,218,1120.36687661452,2493,5,203.175340318695,62
2021-01-04,San Marino,Europe,34453,174,1137.78190578469,2667,2,203.175340318695,64
2021-01-11,San Marino,Europe,34453,120,853.336429338519,2787,1,87.0751458508693,65
2021-01-18,San Marino,Europe,34453,87,600.818506370998,2874,0,29.0250486169564,65
2021-01-25,San Marino,Europe,34453,151,690.796157083563,3025,2,58.0500972339129,67
2021-02-01,San Marino,Europe,34453,112,763.358778625954,3137,2,116.100194467826,69
2021-02-08,San Marino,Europe,34453,180,847.531419615128,3317,3,145.125243084782,72
2021-02-15,San Marino,Europe,34453,155,972.339128668041,3472,0,87.0751458508693,72
2021-02-22,San Marino,Europe,34453,244,1158.09943981656,3716,2,58.0500972339129,74
2020-04-06,São Tomé and Príncipe,Africa,219161,4,NA,4,0,NA,0
2020-04-13,São Tomé and Príncipe,Africa,219161,0,1.82514224702388,4,0,0,0
2020-04-20,São Tomé and Príncipe,Africa,219161,4,1.82514224702388,8,0,0,0
2020-04-27,São Tomé and Príncipe,Africa,219161,10,6.38799786458357,18,1,4.56285561755969,1
2020-05-04,São Tomé and Príncipe,Africa,219161,190,91.2571123511939,208,4,22.8142780877985,5
2020-05-11,São Tomé and Príncipe,Africa,219161,27,99.013966901045407,235,2,27.3771337053582,7
2020-05-18,São Tomé and Príncipe,Africa,219161,64,41.5219861197932,299,2,18.2514224702388,9
2020-05-25,São Tomé and Príncipe,Africa,219161,184,113.15881931548,483,3,22.8142780877985,12
2020-06-01,São Tomé and Príncipe,Africa,219161,31,98.1013957775334,514,0,13.6885668526791,12
2020-06-08,São Tomé and Príncipe,Africa,219161,147,81.2188299925626,661,0,0,12
2020-06-15,São Tomé and Príncipe,Africa,219161,37,83.9565433630984,698,0,0,12
2020-06-22,São Tomé and Príncipe,Africa,219161,15,23.7268492113104,713,1,4.56285561755969,13
2020-06-29,São Tomé and Príncipe,Africa,219161,7,10.0382823586313,720,0,4.56285561755969,13
2020-07-06,São Tomé and Príncipe,Africa,219161,9,7.30056898809551,729,1,4.56285561755969,14
2020-07-13,São Tomé and Príncipe,Africa,219161,17,11.8634246056552,746,0,4.56285561755969,14
2020-07-20,São Tomé and Príncipe,Africa,219161,117,61.1422652752999,863,0,0,14
2020-07-27,São Tomé and Príncipe,Africa,219161,11,58.4045519047641,874,1,4.56285561755969,15
2020-08-03,São Tomé and Príncipe,Africa,219161,4,6.84428342633954,878,0,4.56285561755969,15
2020-08-10,São Tomé and Príncipe,Africa,219161,7,5.01914117931566,885,0,0,15
2020-08-17,São Tomé and Príncipe,Africa,219161,7,6.38799786458357,892,0,0,15
2020-08-24,São Tomé and Príncipe,Africa,219161,4,5.01914117931566,896,0,0,15
2020-08-31,São Tomé and Príncipe,Africa,219161,2,2.73771337053582,898,0,0,15
2020-09-07,São Tomé and Príncipe,Africa,219161,8,4.56285561755969,906,0,0,15
2020-09-14,São Tomé and Príncipe,Africa,219161,2,4.56285561755969,908,0,0,15
2020-09-21,São Tomé and Príncipe,Africa,219161,3,2.28142780877985,911,0,0,15
2020-09-28,São Tomé and Príncipe,Africa,219161,2,2.28142780877985,913,0,0,15
2020-10-05,São Tomé and Príncipe,Africa,219161,16,8.21314011160745,929,0,0,15
2020-10-12,São Tomé and Príncipe,Africa,219161,4,9.12571123511939,933,0,0,15
2020-10-19,São Tomé and Príncipe,Africa,219161,7,5.01914117931566,940,0,0,15
2020-10-26,São Tomé and Príncipe,Africa,219161,9,7.30056898809551,949,1,4.56285561755969,16
2020-11-02,São Tomé and Príncipe,Africa,219161,13,10.0382823586313,962,0,4.56285561755969,16
2020-11-09,São Tomé and Príncipe,Africa,219161,3,7.30056898809551,965,0,0,16
2020-11-16,São Tomé and Príncipe,Africa,219161,14,7.75685454985148,979,1,4.56285561755969,17
2020-11-23,São Tomé and Príncipe,Africa,219161,10,10.9508534821433,989,0,4.56285561755969,17
2020-11-30,São Tomé and Príncipe,Africa,219161,10,9.12571123511939,999,0,0,17
2020-12-07,São Tomé and Príncipe,Africa,219161,10,9.12571123511939,1009,0,0,17
2020-12-14,São Tomé and Príncipe,Africa,219161,3,5.9317123028276,1012,0,0,17
2020-12-21,São Tomé and Príncipe,Africa,219161,2,2.28142780877985,1014,0,0,17
2020-12-28,São Tomé and Príncipe,Africa,219161,10,5.47542674107163,1024,0,0,17
2021-01-04,São Tomé and Príncipe,Africa,219161,42,23.7268492113104,1066,0,0,17
2021-01-11,São Tomé and Príncipe,Africa,219161,76,53.8416962872044,1142,0,0,17
2021-01-18,São Tomé and Príncipe,Africa,219161,47,56.1231240959842,1189,0,0,17
2021-01-25,São Tomé and Príncipe,Africa,219161,58,47.9099839843768,1247,0,0,17
2021-02-01,São Tomé and Príncipe,Africa,219161,92,68.4428342633954,1339,1,4.56285561755969,18
2021-02-08,São Tomé and Príncipe,Africa,219161,143,107.227107012653,1482,1,9.12571123511939,19
2021-02-15,São Tomé and Príncipe,Africa,219161,128,123.653387235868,1610,2,13.6885668526791,21
2021-02-22,São Tomé and Príncipe,Africa,219161,176,138.710810773815,1786,8,45.6285561755969,29
2020-03-02,Saudi Arabia,Asia,34813867,11,NA,11,0,NA,0
2020-03-09,Saudi Arabia,Asia,34813867,107,0.338945397820932,118,0,0,0
2020-03-16,Saudi Arabia,Asia,34813867,393,1.43620931280056,511,0,0,0
2020-03-23,Saudi Arabia,Asia,34813867,718,3.19125709304284,1229,8,0.229793490048089,8
2020-03-30,Saudi Arabia,Asia,34813867,1156,5.38291250437649,2385,26,0.976622332704379,34
2020-04-06,Saudi Arabia,Asia,34813867,2077,9.28652941656841,4462,25,1.46493349905657,59
2020-04-13,Saudi Arabia,Asia,34813867,4900,20.040864750819,9362,38,1.8096237341287,97
2020-04-20,Saudi Arabia,Asia,34813867,8160,37.5137872503506,17522,42,2.29793490048089,139
2020-04-27,Saudi Arabia,Asia,34813867,9489,50.6953163232341,27011,45,2.49900420427297,184
2020-05-04,Saudi Arabia,Asia,34813867,12037,61.8316833346896,39048,62,3.07348792939319,246
2020-05-11,Saudi Arabia,Asia,34813867,15704,79.6837650928005,54752,66,3.67669584076943,312
2020-05-18,Saudi Arabia,Asia,34813867,17808,96.2604929811446,72560,78,4.13628282086561,390
2020-05-25,Saudi Arabia,Asia,34813867,12701,87.6346198484644,85261,113,5.48631957489813,503
2020-06-01,Saudi Arabia,Asia,34813867,16653,84.3169763358951,101914,209,9.24918797443559,712
2020-06-08,Saudi Arabia,Asia,34813867,25627,121.445859490415,127541,260,13.4716433540692,972
2020-06-15,Saudi Arabia,Asia,34813867,30071,159.987972608731,157612,295,15.9419233720862,1267
2020-06-22,Saudi Arabia,Asia,34813867,24881,157.845148314033,182493,284,16.6313038422305,1551
2020-06-29,Saudi Arabia,Asia,34813867,27016,149.069909412821,209509,365,18.6419968801512,1916
2020-07-06,Saudi Arabia,Asia,34813867,22750,142.948785321665,232259,307,19.3026531640395,2223
2020-07-13,Saudi Arabia,Asia,34813867,18661,118.949727704768,250920,263,16.3727861659264,2486
2020-07-20,Saudi Arabia,Asia,34813867,16021,99.6212227730979,266941,247,14.6493349905657,2733
2020-07-27,Saudi Arabia,Asia,34813867,11894,80.1835659336551,278835,184,12.3801242763408,2917
2020-08-03,Saudi Arabia,Asia,34813867,9855,62.4722326881986,288690,250,12.4662968351088,3167
2020-08-10,Saudi Arabia,Asia,34813867,9852,56.6067538547212,298542,241,14.1035754517015,3408
2020-08-17,Saudi Arabia,Asia,34813867,8937,53.9698735564193,307479,241,13.8450577753974,3649
2020-08-24,Saudi Arabia,Asia,34813867,7342,46.7601028061606,314821,221,13.2705740502772,3870
2020-08-31,Saudi Arabia,Asia,34813867,6006,38.3410438145237,320827,211,12.4088484625968,4081
2020-09-07,Saudi Arabia,Asia,34813867,4824,31.1082937152601,325651,187,11.4322261298924,4268
2020-09-14,Saudi Arabia,Asia,34813867,4103,25.6420810707412,329754,217,11.6045712474285,4485
2020-09-21,Saudi Arabia,Asia,34813867,3439,21.6637812742836,333193,198,11.9205372962446,4683
2020-09-28,Saudi Arabia,Asia,34813867,3194,19.0527527436122,336387,192,11.2024326398444,4875
2020-10-05,Saudi Arabia,Asia,34813867,2880,17.4470707319012,339267,168,10.340707052164,5043
2020-10-12,Saudi Arabia,Asia,34813867,2935,16.7031143078705,342202,142,8.90449773936346,5185
2020-10-19,Saudi Arabia,Asia,34813867,2673,16.1085236523711,344875,111,7.26721912277082,5296
2020-10-26,Saudi Arabia,Asia,34813867,2781,15.6661711840285,347656,106,6.23314841755442,5402
2020-11-02,Saudi Arabia,Asia,34813867,2936,16.4216172825616,350592,138,7.00870144646672,5540
2020-11-09,Saudi Arabia,Asia,34813867,2663,16.0826718847406,353255,117,7.32466749528284,5657
2020-11-16,Saudi Arabia,Asia,34813867,2003,13.4027053070548,355258,123,6.89380470144268,5780
2020-11-23,Saudi Arabia,Asia,34813867,1870,11.1248773369531,357128,104,6.52039028011453,5884
2020-11-30,Saudi Arabia,Asia,34813867,1585,9.92420635145185,358713,81,5.31397445736206,5965
2020-12-07,Saudi Arabia,Asia,34813867,1175,7.92787540665908,359888,83,4.71076654598583,6048
2020-12-14,Saudi Arabia,Asia,34813867,1122,6.59794558300576,361010,74,4.50969724219375,6122
2020-12-21,Saudi Arabia,Asia,34813867,1210,6.6984802349018,362220,63,3.93521351707353,6185
2020-12-28,Saudi Arabia,Asia,34813867,935,6.16133795191439,363155,71,3.84904095830549,6256
2021-01-04,Saudi Arabia,Asia,34813867,654,4.56427319608017,363809,35,3.04476374313718,6291
2021-01-11,Saudi Arabia,Asia,34813867,1120,5.09567064181638,364929,32,1.92452047915275,6323
2021-01-18,Saudi Arabia,Asia,34813867,1442,7.35913651879006,366371,29,1.75217536161668,6352
2021-01-25,Saudi Arabia,Asia,34813867,1703,9.03375657751551,368074,23,1.49365768531258,6375
2021-02-01,Saudi Arabia,Asia,34813867,2204,11.2225395702236,370278,27,1.43620931280056,6402
2021-02-08,Saudi Arabia,Asia,34813867,2454,13.37972595805,372732,31,1.66600280284865,6433
2021-02-15,Saudi Arabia,Asia,34813867,2601,14.5200761524136,375333,33,1.83834792038471,6466
2021-02-22,Saudi Arabia,Asia,34813867,2050,13.3596190276708,377383,28,1.75217536161668,6494
2020-03-09,Senegal,Africa,16743930,26,NA,26,0,NA,0
2020-03-16,Senegal,Africa,16743930,41,0.400145007772966,67,0,0,0
2020-03-23,Senegal,Africa,16743930,75,0.692788371666628,142,0,0,0
2020-03-30,Senegal,Africa,16743930,80,0.925708600071787,222,2,0.119446270977005,2
2020-04-06,Senegal,Africa,16743930,58,0.824179269741333,280,0,0.119446270977005,2
2020-04-13,Senegal,Africa,16743930,87,0.865985464583285,367,2,0.119446270977005,4
2020-04-20,Senegal,Africa,16743930,304,2.33517459760044,671,5,0.418061948419517,9
2020-04-27,Senegal,Africa,16743930,511,4.86743554231295,1182,0,0.298615677442512,9
2020-05-04,Senegal,Africa,16743930,527,6.19926146370655,1709,10,0.597231354885024,19
2020-05-11,Senegal,Africa,16743930,771,7.75206298640761,2480,7,1.01529330330454,26
2020-05-18,Senegal,Africa,16743930,567,7.99095552836162,3047,9,0.955570167816038,35
2020-05-25,Senegal,Africa,16743930,598,6.95774528441053,3645,7,0.955570167816038,42
2020-06-01,Senegal,Africa,16743930,683,7.65053365607716,4328,7,0.836123896839034,49
2020-06-08,Senegal,Africa,16743930,762,8.6299930780886,5090,11,1.07501643879304,60
2020-06-15,Senegal,Africa,16743930,798,9.31680913620638,5888,24,2.09030974209758,84
2020-06-22,Senegal,Africa,16743930,698,8.93458106907996,6586,21,2.68754109698261,105
2020-06-29,Senegal,Africa,16743930,814,9.03013808586156,7400,28,2.92643363893662,133
2020-07-06,Senegal,Africa,16743930,735,9.25111368716902,8135,15,2.5680948260056,148
2020-07-13,Senegal,Africa,16743930,675,8.42096210387884,8810,19,2.03058660660908,167
2020-07-20,Senegal,Africa,16743930,871,9.23319674652247,9681,24,2.5680948260056,191
2020-07-27,Senegal,Africa,16743930,663,9.16152898393627,10344,18,2.5083716905171,209
2020-08-03,Senegal,Africa,16743930,831,8.92263644198226,11175,23,2.4486485550286,232
2020-08-10,Senegal,Africa,16743930,987,10.8576660318097,12162,21,2.62781796149411,253
2020-08-17,Senegal,Africa,16743930,787,10.5948842356603,12949,16,2.20975601307459,269
2020-08-24,Senegal,Africa,16743930,607,8.32540508709723,13556,15,1.85141720014357,284
2020-08-31,Senegal,Africa,16743930,431,6.19926146370655,13987,6,1.25418584525855,290
2020-09-07,Senegal,Africa,16743930,293,4.32395500936757,14280,7,0.776400761350531,297
2020-09-14,Senegal,Africa,16743930,434,4.34187195001413,14714,5,0.716677625862029,302
2020-09-21,Senegal,Africa,16743930,195,3.7565852222268,14909,6,0.656954490373526,308
2020-09-28,Senegal,Africa,16743930,185,2.26947914856309,15094,4,0.597231354885024,312
2020-10-05,Senegal,Africa,16743930,174,2.14406056403724,15268,2,0.358338812931014,314
2020-10-12,Senegal,Africa,16743930,150,1.93502958982748,15418,3,0.298615677442512,317
2020-10-19,Senegal,Africa,16743930,133,1.69016473432462,15551,4,0.418061948419517,321
2020-10-26,Senegal,Africa,16743930,79,1.26613047235625,15630,4,0.477785083908019,325
2020-11-02,Senegal,Africa,16743930,78,0.937653227169488,15708,1,0.298615677442512,326
2020-11-09,Senegal,Africa,16743930,85,0.973487108462589,15793,2,0.179169406465507,328
2020-11-16,Senegal,Africa,16743930,89,1.03918255749994,15882,2,0.23889254195401,330
2020-11-23,Senegal,Africa,16743930,193,1.68419242077577,16075,3,0.298615677442512,333
2020-11-30,Senegal,Africa,16743930,402,3.55352656156589,16477,5,0.477785083908019,338
2020-12-07,Senegal,Africa,16743930,598,5.97231354885024,17075,11,0.955570167816038,349
2020-12-14,Senegal,Africa,16743930,683,7.65053365607716,17758,16,1.61252465818957,365
2020-12-21,Senegal,Africa,16743930,970,9.87223429624945,18728,25,2.4486485550286,390
2020-12-28,Senegal,Africa,16743930,1075,12.2133812073987,19803,34,3.52366499382164,424
2021-01-04,Senegal,Africa,16743930,1730,16.7523395045249,21533,45,4.71812770359169,469
2021-01-11,Senegal,Africa,16743930,1691,20.4312846506167,23224,57,6.09175981982725,526
2021-01-18,Senegal,Africa,16743930,1769,20.6642048790218,24993,56,6.74871431020077,582
2021-01-25,Senegal,Africa,16743930,1934,22.1154770713924,26927,56,6.68899117471227,638
2021-02-01,Senegal,Africa,16743930,1833,22.4977051385189,28760,44,5.97231354885024,682
2021-02-08,Senegal,Africa,16743930,2247,24.367039279309,31007,66,6.56954490373526,748
2021-02-15,Senegal,Africa,16743930,2092,25.9138684884612,33099,66,7.88345388448232,814
2021-02-22,Senegal,Africa,16743930,1421,20.9807374971109,34520,58,7.4056688005743,872
2020-03-09,Serbia,Europe,6926705,55,NA,55,0,NA,0
2020-03-16,Serbia,Europe,6926705,133,2.71413319897412,188,1,0.144368787179474,1
2020-03-23,Serbia,Europe,6926705,553,9.90369880051193,741,12,1.87679423333317,13
2020-03-30,Serbia,Europe,6926705,1167,24.8314313948696,1908,38,7.21843935897371,51
2020-04-06,Serbia,Europe,6926705,1722,41.7081426161501,3630,29,9.67270874102477,80
2020-04-13,Serbia,Europe,6926705,2688,63.6666351461481,6318,42,10.2501838897427,122
2020-04-20,Serbia,Europe,6926705,1724,63.695508903584,8042,34,10.97202782564,156
2020-04-27,Serbia,Europe,6926705,1422,45.4184204466626,9464,37,10.2501838897427,193
2020-05-04,Serbia,Europe,6926705,650,29.9132127035871,10114,22,8.51775844358898,215
2020-05-11,Serbia,Europe,6926705,496,16.5446630107678,10610,15,5.34164512564055,230
2020-05-18,Serbia,Europe,6926705,549,15.0865382602551,11159,8,3.32048210512791,238
2020-05-25,Serbia,Europe,6926705,253,11.5783767317938,11412,5,1.87679423333317,243
2020-06-01,Serbia,Europe,6926705,411,9.58608746871709,11823,6,1.58805665897422,249
2020-06-08,Serbia,Europe,6926705,487,12.9643170887168,12310,5,1.58805665897422,254
2020-06-15,Serbia,Europe,6926705,584,15.4618971069217,12894,7,1.73242544615369,261
2020-06-22,Serbia,Europe,6926705,1152,25.0624214543567,14046,9,2.30990059487159,270
2020-06-29,Serbia,Europe,6926705,2085,46.7321764099958,16131,41,7.21843935897371,311
2020-07-06,Serbia,Europe,6926705,2229,62.2806947892252,18360,82,17.7573608230753,393
2020-07-13,Serbia,Europe,6926705,2534,68.7628533335836,20894,79,23.2433747358954,472
2020-07-20,Serbia,Europe,6926705,2836,77.5260387153777,23730,62,20.3559989923059,534
2020-07-27,Serbia,Europe,6926705,2463,76.5010203264034,26193,56,17.035516887178,590
2020-08-03,Serbia,Europe,6926705,1906,63.0747231187123,28099,51,15.4474602282037,641
2020-08-10,Serbia,Europe,6926705,1583,50.3702698469186,29682,33,12.1269781230758,674
2020-08-17,Serbia,Europe,6926705,975,36.9295357605095,30657,24,8.22902086923003,698
2020-08-24,Serbia,Europe,6926705,708,24.2972668823055,31365,13,5.34164512564055,711
2020-08-31,Serbia,Europe,6926705,540,18.0172246399984,31905,13,3.75358846666633,724
2020-09-07,Serbia,Europe,6926705,503,15.0576645028192,32408,9,3.17611331794843,733
2020-09-14,Serbia,Europe,6926705,500,14.4801893541013,32908,8,2.45426938205106,741
2020-09-21,Serbia,Europe,6926705,476,14.0903936287167,33384,6,2.02116302051264,747
2020-09-28,Serbia,Europe,6926705,517,14.3358205669218,33901,7,1.87679423333317,754
2020-10-05,Serbia,Europe,6926705,886,20.2549408412802,34787,9,2.30990059487159,763
2020-10-12,Serbia,Europe,6926705,1373,32.6129090238432,36160,13,3.17611331794843,776
2020-10-19,Serbia,Europe,6926705,3326,67.838893095635,39486,16,4.18669482820475,792
2020-10-26,Serbia,Europe,6926705,8917,176.75070614383,48403,34,7.21843935897371,826
2020-11-02,Serbia,Europe,6926705,14344,335.816235858175,62747,64,14.1481411435885,890
2020-11-09,Serbia,Europe,6926705,21821,522.109718834569,84568,119,26.4194880538438,1009
2020-11-16,Serbia,Europe,6926705,36552,842.723921402745,121120,190,44.6099552384575,1199
2020-11-23,Serbia,Europe,6926705,48094,1222.02403595938,169214,350,77.9591450769161,1549
2020-11-30,Serbia,Europe,6926705,50438,1422.4945338368,219652,400,108.276590384606,1949
2020-12-07,Serbia,Europe,6926705,46780,1403.52447520141,266432,382,112.896391574349,2331
2020-12-14,Serbia,Europe,6926705,37315,1214.06931578579,303747,402,113.185129148708,2733
2020-12-21,Serbia,Europe,6926705,24872,897.786176832996,328619,340,107.12164008717,3073
2020-12-28,Serbia,Europe,6926705,15251,579.250884800204,343870,252,85.4663220102488,3325
2021-01-04,Serbia,Europe,6926705,15819,448.553821766626,359689,257,73.4837126743524,3582
2021-01-11,Serbia,Europe,6926705,12844,413.804254692527,372533,168,61.3567345512766,3750
2021-01-18,Serbia,Europe,6926705,11070,345.243517660995,383603,136,43.8881113025602,3886
2021-01-25,Serbia,Europe,6926705,11660,328.150253258945,395263,134,38.979572538458,4020
2021-02-01,Serbia,Europe,6926705,12618,350.498541514328,407881,106,34.6485089230738,4126
2021-02-08,Serbia,Europe,6926705,12998,369.815085238941,420879,104,30.3174453076896,4230
2021-02-15,Serbia,Europe,6926705,15761,415.19019504945,436640,107,30.4618140948691,4337
2021-02-22,Serbia,Europe,6926705,22619,554.087405194822,459259,106,30.750551669228,4443
2020-03-09,Seychelles,Africa,98340,3,NA,3,0,NA,0
2020-03-16,Seychelles,Africa,98340,4,7.11816148057759,7,0,0,0
2020-03-23,Seychelles,Africa,98340,1,5.08440105755542,8,0,0,0
2020-03-30,Seychelles,Africa,98340,2,3.05064063453325,10,0,0,0
2020-04-06,Seychelles,Africa,98340,0,2.03376042302217,10,0,0,0
2020-04-13,Seychelles,Africa,98340,1,1.01688021151108,11,0,0,0
2020-04-20,Seychelles,Africa,98340,0,1.01688021151108,11,0,0,0
2020-04-27,Seychelles,Africa,98340,0,0,11,0,0,0
2020-05-04,Seychelles,Africa,98340,0,0,11,0,0,0
2020-05-11,Seychelles,Africa,98340,0,0,11,0,0,0
2020-05-18,Seychelles,Africa,98340,0,0,11,0,0,0
2020-05-25,Seychelles,Africa,98340,0,0,11,0,0,0
2020-06-01,Seychelles,Africa,98340,0,0,11,0,0,0
2020-06-08,Seychelles,Africa,98340,0,0,11,0,0,0
2020-06-15,Seychelles,Africa,98340,0,0,11,0,0,0
2020-06-22,Seychelles,Africa,98340,0,0,11,0,0,0
2020-06-29,Seychelles,Africa,98340,0,0,11,0,0,0
2020-07-06,Seychelles,Africa,98340,89,90.5023388244865,100,0,0,0
2020-07-13,Seychelles,Africa,98340,0,90.5023388244865,100,0,0,0
2020-07-20,Seychelles,Africa,98340,14,14.2363229611552,114,0,0,0
2020-07-27,Seychelles,Africa,98340,0,14.2363229611552,114,0,0,0
2020-08-03,Seychelles,Africa,98340,12,12.202562538133,126,0,0,0
2020-08-10,Seychelles,Africa,98340,1,13.2194427496441,127,0,0,0
2020-08-17,Seychelles,Africa,98340,5,6.1012812690665,132,0,0,0
2020-08-24,Seychelles,Africa,98340,4,9.15192190359976,136,0,0,0
2020-08-31,Seychelles,Africa,98340,1,5.08440105755542,137,0,0,0
2020-09-07,Seychelles,Africa,98340,2,3.05064063453325,139,0,0,0
2020-09-14,Seychelles,Africa,98340,2,4.06752084604434,141,0,0,0
2020-09-21,Seychelles,Africa,98340,2,4.06752084604434,143,0,0,0
2020-09-28,Seychelles,Africa,98340,2,4.06752084604434,145,0,0,0
2020-10-05,Seychelles,Africa,98340,3,5.08440105755542,148,0,0,0
2020-10-12,Seychelles,Africa,98340,1,4.06752084604434,149,0,0,0
2020-10-19,Seychelles,Africa,98340,4,5.08440105755542,153,0,0,0
2020-10-26,Seychelles,Africa,98340,0,4.06752084604434,153,0,0,0
2020-11-02,Seychelles,Africa,98340,5,5.08440105755542,158,0,0,0
2020-11-09,Seychelles,Africa,98340,0,5.08440105755542,158,0,0,0
2020-11-16,Seychelles,Africa,98340,8,8.13504169208867,166,0,0,0
2020-11-23,Seychelles,Africa,98340,7,15.2532031726663,173,0,0,0
2020-11-30,Seychelles,Africa,98340,11,18.3038438071995,184,0,0,0
2020-12-07,Seychelles,Africa,98340,18,29.4895261338214,202,0,0,0
2020-12-14,Seychelles,Africa,98340,3,21.3544844417328,205,0,0,0
2020-12-21,Seychelles,Africa,98340,12,15.2532031726663,217,0,0,0
2020-12-28,Seychelles,Africa,98340,80,93.5529794590197,297,0,0,0
2021-01-04,Seychelles,Africa,98340,234,319.30038641448,531,2,20.3376042302217,2
2021-01-11,Seychelles,Africa,98340,174,414.887126296522,705,0,20.3376042302217,2
2021-01-18,Seychelles,Africa,98340,364,547.081553792963,1069,1,10.1688021151108,3
2021-01-25,Seychelles,Africa,98340,154,526.743949562742,1223,2,30.5064063453325,5
2021-02-01,Seychelles,Africa,98340,290,451.494813910921,1513,2,40.6752084604434,7
2021-02-08,Seychelles,Africa,98340,397,698.596705308115,1910,1,30.5064063453325,8
2021-02-15,Seychelles,Africa,98340,491,902.989627821843,2401,2,30.5064063453325,10
2021-02-22,Seychelles,Africa,98340,217,719.951189749848,2618,1,30.5064063453325,11
2020-03-30,Sierra Leone,Africa,7976985,6,NA,6,0,NA,0
2020-04-06,Sierra Leone,Africa,7976985,4,0.125360646911082,10,0,0,0
2020-04-13,Sierra Leone,Africa,7976985,25,0.363545876042139,35,0,0,0
2020-04-20,Sierra Leone,Africa,7976985,58,1.04049336936198,93,4,0.501442587644329,4
2020-04-27,Sierra Leone,Africa,7976985,64,1.5293998923152,157,4,1.00288517528866,8
2020-05-04,Sierra Leone,Africa,7976985,150,2.68271784389716,307,10,1.75504905675515,18
2020-05-11,Sierra Leone,Africa,7976985,198,4.36255051250567,505,14,3.00865552586598,32
2020-05-18,Sierra Leone,Africa,7976985,202,5.01442587644329,707,8,2.75793423204381,40
2020-05-25,Sierra Leone,Africa,7976985,154,4.46283903003453,861,6,1.75504905675515,46
2020-06-01,Sierra Leone,Africa,7976985,108,3.28444894907036,969,2,1.00288517528866,48
2020-06-08,Sierra Leone,Africa,7976985,200,3.86110792486134,1169,3,0.626803234555412,51
2020-06-15,Sierra Leone,Africa,7976985,158,4.48791115941675,1327,4,0.877524528377576,55
2020-06-22,Sierra Leone,Africa,7976985,100,3.23430469030592,1427,5,1.12824582219974,60
2020-06-29,Sierra Leone,Africa,7976985,115,2.69525390858827,1542,2,0.877524528377576,62
2020-07-06,Sierra Leone,Africa,7976985,93,2.60750145575051,1635,1,0.376081940733247,63
2020-07-13,Sierra Leone,Africa,7976985,76,2.11859493279729,1711,2,0.376081940733247,65
2020-07-20,Sierra Leone,Africa,7976985,72,1.85533757428402,1783,1,0.376081940733247,66
2020-07-27,Sierra Leone,Africa,7976985,60,1.65476053922629,1843,1,0.250721293822165,67
2020-08-03,Sierra Leone,Africa,7976985,73,1.6672966039174,1916,1,0.250721293822165,68
2020-08-10,Sierra Leone,Africa,7976985,40,1.41657531009523,1956,1,0.250721293822165,69
2020-08-17,Sierra Leone,Africa,7976985,36,0.952740916524226,1992,0,0.125360646911082,69
2020-08-24,Sierra Leone,Africa,7976985,30,0.827380269613143,2022,1,0.125360646911082,70
2020-08-31,Sierra Leone,Africa,7976985,32,0.77723601084871,2054,1,0.250721293822165,71
2020-09-07,Sierra Leone,Africa,7976985,55,1.09063762812642,2109,1,0.250721293822165,72
2020-09-14,Sierra Leone,Africa,7976985,59,1.42911137478634,2168,0,0.125360646911082,72
2020-09-21,Sierra Leone,Africa,7976985,47,1.32882285725747,2215,0,0,72
2020-09-28,Sierra Leone,Africa,7976985,54,1.26614253380193,2269,0,0,72
2020-10-05,Sierra Leone,Africa,7976985,37,1.14078188689085,2306,0,0,72
2020-10-12,Sierra Leone,Africa,7976985,24,0.764699946157602,2330,1,0.125360646911082,73
2020-10-19,Sierra Leone,Africa,7976985,16,0.501442587644329,2346,1,0.250721293822165,74
2020-10-26,Sierra Leone,Africa,7976985,20,0.451298328879896,2366,0,0.125360646911082,74
2020-11-02,Sierra Leone,Africa,7976985,15,0.438762264188788,2381,0,0,74
2020-11-09,Sierra Leone,Africa,7976985,10,0.313401617277706,2391,0,0,74
2020-11-16,Sierra Leone,Africa,7976985,14,0.300865552586598,2405,0,0,74
2020-11-23,Sierra Leone,Africa,7976985,6,0.250721293822165,2411,0,0,74
2020-11-30,Sierra Leone,Africa,7976985,15,0.263257358513273,2426,0,0,74
2020-12-07,Sierra Leone,Africa,7976985,19,0.42622619949768,2445,1,0.125360646911082,75
2020-12-14,Sierra Leone,Africa,7976985,64,1.04049336936198,2509,0,0.125360646911082,75
2020-12-21,Sierra Leone,Africa,7976985,51,1.44164743947745,2560,1,0.125360646911082,76
2020-12-28,Sierra Leone,Africa,7976985,113,2.05591460934175,2673,0,0.125360646911082,76
2021-01-04,Sierra Leone,Africa,7976985,173,3.58531450165696,2846,1,0.125360646911082,77
2021-01-11,Sierra Leone,Africa,7976985,160,4.17450954213904,3006,0,0.125360646911082,77
2021-01-18,Sierra Leone,Africa,7976985,167,4.09929315399239,3173,0,0,77
2021-01-25,Sierra Leone,Africa,7976985,461,7.87264862601597,3634,2,0.250721293822165,79
2021-02-01,Sierra Leone,Africa,7976985,151,7.67207159095824,3785,0,0.250721293822165,79
2021-02-08,Sierra Leone,Africa,7976985,36,2.34424409723724,3821,0,0,79
2021-02-15,Sierra Leone,Africa,7976985,36,0.902596657759793,3857,0,0,79
2021-02-22,Sierra Leone,Africa,7976985,30,0.827380269613143,3887,0,0,79
2019-12-30,Singapore,Asia,5850343,0,NA,0,0,NA,0
2020-01-06,Singapore,Asia,5850343,0,0,0,0,0,0
2020-01-13,Singapore,Asia,5850343,0,0,0,0,0,0
2020-01-20,Singapore,Asia,5850343,4,0.0683720595527476,4,0,0,0
2020-01-27,Singapore,Asia,5850343,14,0.307674267987364,18,0,0,0
2020-02-03,Singapore,Asia,5850343,25,0.666627580639289,43,0,0,0
2020-02-10,Singapore,Asia,5850343,32,0.974301848626653,75,0,0,0
2020-02-17,Singapore,Asia,5850343,14,0.786278684856597,89,0,0,0
2020-02-24,Singapore,Asia,5850343,17,0.529883461533794,106,0,0,0
2020-03-02,Singapore,Asia,5850343,44,1.0426739081794,150,0,0,0
2020-03-09,Singapore,Asia,5850343,76,2.05116178658243,226,0,0,0
2020-03-16,Singapore,Asia,5850343,229,5.213369540897,455,2,0.341860297763738,2
2020-03-23,Singapore,Asia,5850343,389,10.5634832008995,844,1,0.512790446645607,3
2020-03-30,Singapore,Asia,5850343,465,14.5974347145116,1309,3,0.683720595527476,6
2020-04-06,Singapore,Asia,5850343,1223,28.8530091312595,2532,2,0.854650744409345,8
2020-04-13,Singapore,Asia,5850343,4056,90.2340255947386,6588,3,0.854650744409345,11
2020-04-20,Singapore,Asia,5850343,7036,189.595721139769,13624,1,0.683720595527476,12
2020-04-27,Singapore,Asia,5850343,4581,198.569553956067,18205,6,1.19651104217308,18
2020-05-04,Singapore,Asia,5850343,5131,166.007360594071,23336,2,1.36744119105495,20
2020-05-11,Singapore,Asia,5850343,4702,168.075615395542,28038,2,0.683720595527476,22
2020-05-18,Singapore,Asia,5850343,3578,141.530163274188,31616,1,0.512790446645607,23
2020-05-25,Singapore,Asia,5850343,3268,117.018779924528,34884,0,0.170930148881869,23
2020-06-01,Singapore,Asia,5850343,3026,107.583435706248,37910,2,0.341860297763738,25
2020-06-08,Singapore,Asia,5850343,2694,97.7720451604291,40604,1,0.512790446645607,26
2020-06-15,Singapore,Asia,5850343,1491,71.5342673070622,42095,0,0.170930148881869,26
2020-06-22,Singapore,Asia,5850343,1364,48.8005575057736,43459,0,0,26
2020-06-29,Singapore,Asia,5850343,1205,43.9119552477521,44664,0,0,26
2020-07-06,Singapore,Asia,5850343,1297,42.7667232502436,45961,0,0,26
2020-07-13,Singapore,Asia,5850343,1951,55.518112356831,47912,1,0.170930148881869,27
2020-07-20,Singapore,Asia,5850343,2457,75.3460096271278,50369,0,0.170930148881869,27
2020-07-27,Singapore,Asia,5850343,2456,83.9779821456622,52825,0,0,27
2020-08-03,Singapore,Asia,5850343,2279,80.935425495565,55104,0,0,27
2020-08-10,Singapore,Asia,5850343,643,49.9457895032821,55747,0,0,27
2020-08-17,Singapore,Asia,5850343,606,21.3491755953454,56353,0,0,27
2020-08-24,Singapore,Asia,5850343,418,17.5032472455034,56771,0,0,27
2020-08-31,Singapore,Asia,5850343,251,11.435226960197,57022,0,0,27
2020-09-07,Singapore,Asia,5850343,384,10.8540644539987,57406,0,0,27
2020-09-14,Singapore,Asia,5850343,170,9.46953024805554,57576,0,0,27
2020-09-21,Singapore,Asia,5850343,124,5.02534637712695,57700,0,0,27
2020-09-28,Singapore,Asia,5850343,112,4.03395151361211,57812,0,0,27
2020-10-05,Singapore,Asia,5850343,64,3.00837062032089,57876,0,0,27
2020-10-12,Singapore,Asia,5850343,35,1.6922084739305,57911,1,0.170930148881869,28
2020-10-19,Singapore,Asia,5850343,59,1.60674339948957,57970,0,0.170930148881869,28
2020-10-26,Singapore,Asia,5850343,49,1.84604560792419,58019,0,0,28
2020-11-02,Singapore,Asia,5850343,37,1.46999928038407,58056,0,0,28
2020-11-09,Singapore,Asia,5850343,63,1.70930148881869,58119,0,0,28
2020-11-16,Singapore,Asia,5850343,41,1.77767354837144,58160,0,0,28
2020-11-23,Singapore,Asia,5850343,53,1.60674339948957,58213,1,0.170930148881869,29
2020-11-30,Singapore,Asia,5850343,47,1.70930148881869,58260,0,0.170930148881869,29
2020-12-07,Singapore,Asia,5850343,60,1.828952593036,58320,0,0,29
2020-12-14,Singapore,Asia,5850343,102,2.76906841188628,58422,0,0,29
2020-12-21,Singapore,Asia,5850343,102,3.48697503719013,58524,0,0,29
2020-12-28,Singapore,Asia,5850343,173,4.7005790942514,58697,0,0,29
2021-01-04,Singapore,Asia,5850343,210,6.54662470217558,58907,0,0,29
2021-01-11,Singapore,Asia,5850343,206,7.11069419348575,59113,0,0,29
2021-01-18,Singapore,Asia,5850343,195,6.85429897016295,59308,0,0,29
2021-01-25,Singapore,Asia,5850343,228,7.23034529770306,59536,0,0,29
2021-02-01,Singapore,Asia,5850343,163,6.68336882128108,59699,0,0,29
2021-02-08,Singapore,Asia,5850343,101,4.51255593048134,59800,0,0,29
2021-02-15,Singapore,Asia,5850343,69,2.90581253099177,59869,0,0,29
2021-02-22,Singapore,Asia,5850343,67,2.32465002479342,59936,0,0,29
2020-03-23,Sint Maarten,America,42882,3,NA,3,0,NA,0
2020-03-30,Sint Maarten,America,42882,22,58.2995196119584,25,4,93.2792313791334,4
2020-04-06,Sint Maarten,America,42882,25,109.603096870482,50,5,209.87827060305,9
2020-04-13,Sint Maarten,America,42882,17,97.9431929480901,67,1,139.9188470687,10
2020-04-20,Sint Maarten,America,42882,7,55.9675388274801,74,3,93.2792313791334,13
2020-04-27,Sint Maarten,America,42882,2,20.987827060305,76,0,69.9594235343501,13
2020-05-04,Sint Maarten,America,42882,0,4.66396156895667,76,2,46.6396156895667,15
2020-05-11,Sint Maarten,America,42882,1,2.33198078447834,77,0,46.6396156895667,15
2020-05-18,Sint Maarten,America,42882,0,2.33198078447834,77,0,0,15
2020-05-25,Sint Maarten,America,42882,0,0,77,0,0,15
2020-06-01,Sint Maarten,America,42882,0,0,77,0,0,15
2020-06-08,Sint Maarten,America,42882,0,0,77,0,0,15
2020-06-15,Sint Maarten,America,42882,0,0,77,0,0,15
2020-06-22,Sint Maarten,America,42882,0,0,77,0,0,15
2020-06-29,Sint Maarten,America,42882,1,2.33198078447834,78,0,0,15
2020-07-06,Sint Maarten,America,42882,0,2.33198078447834,78,0,0,15
2020-07-13,Sint Maarten,America,42882,1,2.33198078447834,79,0,0,15
2020-07-20,Sint Maarten,America,42882,15,37.3116925516534,94,0,0,15
2020-07-27,Sint Maarten,America,42882,52,156.242712560049,146,1,23.3198078447834,16
2020-08-03,Sint Maarten,America,42882,43,221.538174525442,189,1,46.6396156895667,17
2020-08-10,Sint Maarten,America,42882,128,398.768714145796,317,0,23.3198078447834,17
2020-08-17,Sint Maarten,America,42882,79,482.720022387016,396,0,0,17
2020-08-24,Sint Maarten,America,42882,67,340.469194533837,463,0,0,17
2020-08-31,Sint Maarten,America,42882,48,268.177790215009,511,2,46.6396156895667,19
2020-09-07,Sint Maarten,America,42882,38,200.550347465137,549,0,46.6396156895667,19
2020-09-14,Sint Maarten,America,42882,35,170.234597266919,584,1,23.3198078447834,20
2020-09-21,Sint Maarten,America,42882,60,221.538174525442,644,2,69.9594235343501,22
2020-09-28,Sint Maarten,America,42882,35,221.538174525442,679,0,46.6396156895667,22
2020-10-05,Sint Maarten,America,42882,31,153.91073177557,710,0,0,22
2020-10-12,Sint Maarten,America,42882,43,172.566578051397,753,0,0,22
2020-10-19,Sint Maarten,America,42882,31,172.566578051397,784,0,0,22
2020-10-26,Sint Maarten,America,42882,47,181.89450118931,831,0,0,22
2020-11-02,Sint Maarten,America,42882,65,261.181847861574,896,1,23.3198078447834,23
2020-11-09,Sint Maarten,America,42882,37,237.86204001679,933,1,46.6396156895667,24
2020-11-16,Sint Maarten,America,42882,74,258.849867077095,1007,1,46.6396156895667,25
2020-11-23,Sint Maarten,America,42882,59,310.153444335619,1066,0,23.3198078447834,25
2020-11-30,Sint Maarten,America,42882,75,312.485425120097,1141,1,23.3198078447834,26
2020-12-07,Sint Maarten,America,42882,108,426.752483559535,1249,0,23.3198078447834,26
2020-12-14,Sint Maarten,America,42882,89,459.400214542232,1338,0,0,26
2020-12-21,Sint Maarten,America,42882,73,377.78088708549,1411,1,23.3198078447834,27
2020-12-28,Sint Maarten,America,42882,51,289.165617275314,1462,0,23.3198078447834,27
2021-01-04,Sint Maarten,America,42882,113,382.444848654447,1575,0,0,27
2021-01-11,Sint Maarten,America,42882,81,452.404272188797,1656,0,0,27
2021-01-18,Sint Maarten,America,42882,102,426.752483559535,1758,0,0,27
2021-01-25,Sint Maarten,America,42882,112,499.043887878364,1870,0,0,27
2021-02-01,Sint Maarten,America,42882,68,419.756541206101,1938,0,0,27
2021-02-08,Sint Maarten,America,42882,63,305.489482766662,2001,0,0,27
2021-02-15,Sint Maarten,America,42882,41,242.526001585747,2042,0,0,27
2021-02-22,Sint Maarten,America,42882,18,137.586866284222,2060,0,0,27
2020-03-02,Slovakia,Europe,5457873,5,NA,5,0,NA,0
2020-03-09,Slovakia,Europe,5457873,56,1.11765151002964,61,0,0,0
2020-03-16,Slovakia,Europe,5457873,124,3.29798806238254,185,0,0,0
2020-03-23,Slovakia,Europe,5457873,151,5.03859287308444,336,0,0,0
2020-03-30,Slovakia,Europe,5457873,149,5.49664677063757,485,0,0,0
2020-04-06,Slovakia,Europe,5457873,257,7.43879529626285,742,2,0.366443118042505,2
2020-04-13,Slovakia,Europe,5457873,419,12.3857773898367,1161,10,2.19865870825503,12
2020-04-20,Slovakia,Europe,5457873,218,11.6712133096538,1379,6,2.93154494434004,18
2020-04-27,Slovakia,Europe,5457873,29,4.52557250782493,1408,6,2.19865870825503,24
2020-05-04,Slovakia,Europe,5457873,49,1.42912816036577,1457,2,1.46577247217002,26
2020-05-11,Slovakia,Europe,5457873,37,1.57570540758277,1494,2,0.73288623608501,28
2020-05-18,Slovakia,Europe,5457873,15,0.952752106910513,1509,0,0.366443118042505,28
2020-05-25,Slovakia,Europe,5457873,13,0.513020365259507,1522,0,0,28
2020-06-01,Slovakia,Europe,5457873,6,0.34812096214038,1528,0,0,28
2020-06-08,Slovakia,Europe,5457873,20,0.476376053455256,1548,0,0,28
2020-06-15,Slovakia,Europe,5457873,39,1.08100719822539,1587,0,0,28
2020-06-22,Slovakia,Europe,5457873,77,2.12537008464653,1664,0,0,28
2020-06-29,Slovakia,Europe,5457873,100,3.24302159467617,1764,0,0,28
2020-07-06,Slovakia,Europe,5457873,137,4.34235094880368,1901,0,0,28
2020-07-13,Slovakia,Europe,5457873,78,3.93926351895693,1979,0,0,28
2020-07-20,Slovakia,Europe,5457873,200,5.09355934079082,2179,0,0,28
2020-07-27,Slovakia,Europe,5457873,165,6.68758690427571,2344,1,0.183221559021252,29
2020-08-03,Slovakia,Europe,5457873,252,7.64033901118623,2596,2,0.549664677063757,31
2020-08-10,Slovakia,Europe,5457873,306,10.2237629933859,2902,0,0.366443118042505,31
2020-08-17,Slovakia,Europe,5457873,454,13.9248384856152,3356,2,0.366443118042505,33
2020-08-24,Slovakia,Europe,5457873,520,17.84577984867,3876,0,0.366443118042505,33
2020-08-31,Slovakia,Europe,5457873,738,23.0492721248736,4614,4,0.73288623608501,37
2020-09-07,Slovakia,Europe,5457873,918,30.3414901739194,5532,1,0.916107795106262,38
2020-09-14,Slovakia,Europe,5457873,1145,37.7986076260844,6677,1,0.366443118042505,39
2020-09-21,Slovakia,Europe,5457873,2401,64.9703648289361,9078,5,1.09932935412751,44
2020-09-28,Slovakia,Europe,5457873,4061,118.397771439533,13139,11,2.93154494434004,55
2020-10-05,Slovakia,Europe,5457873,6712,197.384585533595,19851,6,3.11476650336129,61
2020-10-12,Slovakia,Europe,5457873,9984,305.906714941883,29835,27,6.0463114477013304,88
2020-10-19,Slovakia,Europe,5457873,14008,439.585164403789,43843,71,17.9557127840827,159
2020-10-26,Slovakia,Europe,5457873,16103,551.698436368893,59946,60,24.0020242317841,219
2020-11-02,Slovakia,Europe,5457873,15549,579.932878614068,75495,132,35.1785393320805,351
2020-11-09,Slovakia,Europe,5457873,11272,491.418543450901,86767,159,53.3174736751845,510
2020-11-16,Slovakia,Europe,5457873,9474,380.11144634549,96241,161,58.6308988868008,671
2020-11-23,Slovakia,Europe,5457873,9492,347.498008839707,105733,145,56.0657970605032,816
2020-11-30,Slovakia,Europe,5457873,10998,375.420974434546,116731,180,59.547006681907,996
2020-12-07,Slovakia,Europe,5457873,16253,499.297070488815,132984,179,65.7765396886296,1175
2020-12-14,Slovakia,Europe,5457873,18352,634.038204993044,151336,380,102.42085149288,1555
2020-12-21,Slovakia,Europe,5457873,16756,643.254249411813,168092,324,128.987977550962,1879
2020-12-28,Slovakia,Europe,5457873,20007,673.57741742983,188099,642,176.99202601453,2521
2021-01-04,Slovakia,Europe,5457873,20970,750.786982401386,209069,486,206.673918575973,3007
2021-01-11,Slovakia,Europe,5457873,15316,664.837749064517,224385,519,184.137666816359,3526
2021-01-18,Slovakia,Europe,5457873,12642,512.250834711618,237027,542,194.398074121549,4068
2021-01-25,Slovakia,Europe,5457873,12886,467.727995869453,249913,574,204.475259867718,4642
2021-02-01,Slovakia,Europe,5457873,14170,495.724250087901,264083,629,220.415535502567,5271
2021-02-08,Slovakia,Europe,5457873,14171,519.268220422131,278254,681,240.020242317841,5952
2021-02-15,Slovakia,Europe,5457873,14538,526.010773794114,292792,625,239.287356081756,6577
2021-02-22,Slovakia,Europe,5457873,16133,561.958843674083,308925,693,241.486014790011,7270
2020-03-02,Slovenia,Europe,2095861,16,NA,16,0,NA,0
2020-03-09,Slovenia,Europe,2095861,203,10.4491662376465,219,0,0,0
2020-03-16,Slovenia,Europe,2095861,195,18.9898089615676,414,1,0.477130878431346,1
2020-03-23,Slovenia,Europe,2095861,316,24.3813878878418,730,10,5.24843966274481,11
2020-03-30,Slovenia,Europe,2095861,267,27.8167302125475,997,17,12.8825337176464,28
2020-04-06,Slovenia,Europe,2095861,208,22.663716725489,1205,25,20.0394968941166,53
2020-04-13,Slovenia,Europe,2095861,125,15.888458251763801,1330,21,21.9480204078419,74
2020-04-20,Slovenia,Europe,2095861,77,9.6380437443132,1407,8,13.836795474509,82
2020-04-27,Slovenia,Europe,2095861,32,5.2007265749016804,1439,14,10.4968793254896,96
2020-05-04,Slovenia,Europe,2095861,21,2.52879365568614,1460,6,9.54261756862693,102
2020-05-11,Slovenia,Europe,2095861,6,1.28825337176464,1466,2,3.81704702745077,104
2020-05-18,Slovenia,Europe,2095861,3,0.429417790588212,1469,2,1.90852351372539,106
2020-05-25,Slovenia,Europe,2095861,4,0.333991614901943,1473,2,1.90852351372539,108
2020-06-01,Slovenia,Europe,2095861,12,0.763409405490154,1485,0,0.954261756862693,108
2020-06-08,Slovenia,Europe,2095861,10,1.04968793254896,1495,1,0.477130878431346,109
2020-06-15,Slovenia,Europe,2095861,25,1.66995807450971,1520,0,0.477130878431346,109
2020-06-22,Slovenia,Europe,2095861,61,4.10332555450958,1581,2,0.954261756862693,111
2020-06-29,Slovenia,Europe,2095861,119,8.58835581176424,1700,0,0.954261756862693,111
2020-07-06,Slovenia,Europe,2095861,141,12.405402839215,1841,0,0,111
2020-07-13,Slovenia,Europe,2095861,105,11.7374196094111,1946,0,0,111
2020-07-20,Slovenia,Europe,2095861,136,11.4988541701955,2082,4,1.90852351372539,115
2020-07-27,Slovenia,Europe,2095861,98,11.1648625552935,2180,2,2.86278527058808,117
2020-08-03,Slovenia,Europe,2095861,69,7.96808566980348,2249,3,2.38565439215673,120
2020-08-10,Slovenia,Europe,2095861,167,11.2602887309798,2416,4,3.33991614901942,124
2020-08-17,Slovenia,Europe,2095861,235,19.1806613129401,2651,3,3.33991614901942,127
2020-08-24,Slovenia,Europe,2095861,214,21.4231764415675,2865,1,1.90852351372539,128
2020-08-31,Slovenia,Europe,2095861,309,24.9539449419594,3174,2,1.43139263529404,130
2020-09-07,Slovenia,Europe,2095861,528,39.9358545247037,3702,1,1.43139263529404,131
2020-09-14,Slovenia,Europe,2095861,718,59.4505074525458,4420,2,1.43139263529404,133
2020-09-21,Slovenia,Europe,2095861,930,78.6311687654859,5350,3,2.38565439215673,136
2020-09-28,Slovenia,Europe,2095861,1148,99.1477965380338,6498,4,3.33991614901942,140
2020-10-05,Slovenia,Europe,2095861,2167,158.168886199991,8665,2,2.86278527058808,142
2020-10-12,Slovenia,Europe,2095861,4479,317.101181805473,13144,19,10.0197484470583,161
2020-10-19,Slovenia,Europe,2095861,9806,681.581459839178,22950,22,19.5623660156852,183
2020-10-26,Slovenia,Europe,2095861,12699,1073.78304190975,35649,53,35.784815882351,236
2020-11-02,Slovenia,Europe,2095861,9512,1059.75539408386,45161,146,94.9490448078379,382
2020-11-09,Slovenia,Europe,2095861,9881,925.29991254191,55042,129,131.21099156862,511
2020-11-16,Slovenia,Europe,2095861,10266,961.275580775634,65308,152,134.073776839208,663
2020-11-23,Slovenia,Europe,2095861,10073,970.436493641515,75381,264,198.48644542744,927
2020-11-30,Slovenia,Europe,2095861,10424,977.975161520731,85805,331,283.892872666651,1258
2020-12-07,Slovenia,Europe,2095861,10509,998.778067820337,96314,954,613.11317878428,2212
2020-12-14,Slovenia,Europe,2095861,9585,958.746787119947,105899,156,529.615275058795,2368
2020-12-21,Slovenia,Europe,2095861,9428,907.168939161519,115327,216,177.492686776461,2584
2020-12-28,Slovenia,Europe,2095861,10531,952.305520261124,125858,307,249.539449419594,2891
2021-01-04,Slovenia,Europe,2095861,13855,1163.53136014268,139713,256,268.624684556848,3147
2021-01-11,Slovenia,Europe,2095861,9721,1124.88375898974,149434,224,229.022821647046,3371
2021-01-18,Slovenia,Europe,2095861,8705,879.161356597599,158139,210,207.074801239204,3581
2021-01-25,Slovenia,Europe,2095861,8334,812.983303759171,166473,171,181.786864682343,3752
2021-02-01,Slovenia,Europe,2095861,7527,756.777286279959,174000,139,147.910572313717,3891
2021-02-08,Slovenia,Europe,2095861,5482,620.699559751339,179482,86,107.354447647053,3977
2021-02-15,Slovenia,Europe,2095861,5285,513.726816807031,184767,80,79.2037258196035,4057
2021-02-22,Slovenia,Europe,2095861,5557,517.305298395266,190324,56,64.8897994666631,4113
2020-10-12,Solomon Islands,Oceania,686878,3,NA,3,0,NA,0
2020-10-19,Solomon Islands,Oceania,686878,1,0.582345045262769,4,0,0,0
2020-10-26,Solomon Islands,Oceania,686878,4,0.727931306578461,8,0,0,0
2020-11-02,Solomon Islands,Oceania,686878,5,1.31027635184123,13,0,0,0
2020-11-09,Solomon Islands,Oceania,686878,3,1.16469009052554,16,0,0,0
2020-11-16,Solomon Islands,Oceania,686878,0,0.436758783947077,16,0,0,0
2020-11-23,Solomon Islands,Oceania,686878,1,0.145586261315692,17,0,0,0
2020-11-30,Solomon Islands,Oceania,686878,0,0.145586261315692,17,0,0,0
2020-12-07,Solomon Islands,Oceania,686878,0,0,17,0,0,0
2020-12-14,Solomon Islands,Oceania,686878,0,0,17,0,0,0
2020-12-21,Solomon Islands,Oceania,686878,0,0,17,0,0,0
2020-12-28,Solomon Islands,Oceania,686878,0,0,17,0,0,0
2021-01-04,Solomon Islands,Oceania,686878,0,0,17,0,0,0
2021-01-11,Solomon Islands,Oceania,686878,0,0,17,0,0,0
2021-01-18,Solomon Islands,Oceania,686878,0,0,17,0,0,0
2021-01-25,Solomon Islands,Oceania,686878,0,0,17,0,0,0
2021-02-01,Solomon Islands,Oceania,686878,0,0,17,0,0,0
2021-02-08,Solomon Islands,Oceania,686878,1,0.145586261315692,18,0,0,0
2021-02-15,Solomon Islands,Oceania,686878,0,0.145586261315692,18,0,0,0
2021-02-22,Solomon Islands,Oceania,686878,0,0,18,0,0,0
2020-03-16,Somalia,Africa,15893219,1,NA,1,0,NA,0
2020-03-23,Somalia,Africa,15893219,2,0.0188759747160094,3,0,0,0
2020-03-30,Somalia,Africa,15893219,4,0.0377519494320188,7,0,0,0
2020-04-06,Somalia,Africa,15893219,18,0.138423814584069,25,2,0.125839831440063,2
2020-04-13,Somalia,Africa,15893219,139,0.987842676804491,164,5,0.440439410040219,7
2020-04-20,Somalia,Africa,15893219,272,2.58600853609329,436,16,1.32131823012066,23
2020-04-27,Somalia,Africa,15893219,286,3.51093129717775,722,9,1.57299789300078,32
2020-05-04,Somalia,Africa,15893219,332,3.88845079149793,1054,19,1.76175764016088,51
2020-05-11,Somalia,Africa,15893219,367,4.39810210883019,1421,5,1.51007797728075,56
2020-05-18,Somalia,Africa,15893219,173,3.39767544888169,1594,5,0.629199157200313,61
2020-05-25,Somalia,Africa,15893219,382,3.49205532246174,1976,17,1.38423814584069,78
2020-06-01,Somalia,Africa,15893219,358,4.65607376328232,2334,5,1.38423814584069,83
2020-06-08,Somalia,Africa,15893219,269,3.94507871564596,2603,5,0.629199157200313,88
2020-06-15,Somalia,Africa,15893219,176,2.79993624954139,2779,2,0.440439410040219,90
2020-06-22,Somalia,Africa,15893219,115,1.83096954745291,2894,0,0.125839831440063,90
2020-06-29,Somalia,Africa,15893219,103,1.37165416269668,2997,2,0.125839831440063,92
2020-07-06,Somalia,Africa,15893219,62,1.03817860938052,3059,1,0.188759747160094,93
2020-07-13,Somalia,Africa,15893219,60,0.767622971784382,3119,0,0.0629199157200313,93
2020-07-20,Somalia,Africa,15893219,59,0.748746997068372,3178,0,0,93
2020-07-27,Somalia,Africa,15893219,34,0.585155216196291,3212,0,0,93
2020-08-03,Somalia,Africa,15893219,15,0.308307587028153,3227,0,0,93
2020-08-10,Somalia,Africa,15893219,29,0.276847629168138,3256,0,0,93
2020-08-17,Somalia,Africa,15893219,13,0.264263646024131,3269,0,0,93
2020-08-24,Somalia,Africa,15893219,41,0.339767544888169,3310,4,0.251679662880125,97
2020-08-31,Somalia,Africa,15893219,52,0.585155216196291,3362,0,0.251679662880125,97
2020-09-07,Somalia,Africa,15893219,27,0.497067334188247,3389,1,0.0629199157200313,98
2020-09-14,Somalia,Africa,15893219,53,0.50335932576025,3442,0,0.0629199157200313,98
2020-09-21,Somalia,Africa,15893219,146,1.25210632282862,3588,1,0.0629199157200313,99
2020-09-28,Somalia,Africa,15893219,157,1.90647344631695,3745,0,0.0629199157200313,99
2020-10-05,Somalia,Africa,15893219,119,1.73658967387286,3864,0,0,99
2020-10-12,Somalia,Africa,15893219,0,0.748746997068372,3864,0,0,99
2020-10-19,Somalia,Africa,15893219,77,0.484483351044241,3941,5,0.314599578600157,104
2020-10-26,Somalia,Africa,15893219,0,0.484483351044241,3941,0,0.314599578600157,104
2020-11-02,Somalia,Africa,15893219,288,1.8120935727369,4229,3,0.188759747160094,107
2020-11-09,Somalia,Africa,15893219,72,2.26511696592113,4301,0,0.188759747160094,107
2020-11-16,Somalia,Africa,15893219,144,1.35907017955268,4445,6,0.377519494320188,113
2020-11-23,Somalia,Africa,15893219,0,0.906046786368451,4445,0,0.377519494320188,113
2020-11-30,Somalia,Africa,15893219,80,0.50335932576025,4525,8,0.50335932576025,121
2020-12-07,Somalia,Africa,15893219,54,0.843126870648419,4579,0,0.50335932576025,121
2020-12-14,Somalia,Africa,15893219,83,0.862002845364429,4662,3,0.188759747160094,124
2020-12-21,Somalia,Africa,15893219,28,0.698411064492347,4690,3,0.377519494320188,127
2020-12-28,Somalia,Africa,15893219,24,0.327183561744163,4714,3,0.377519494320188,130
2021-01-04,Somalia,Africa,15893219,12,0.226511696592113,4726,0,0.188759747160094,130
2021-01-11,Somalia,Africa,15893219,18,0.188759747160094,4744,0,0,130
2021-01-18,Somalia,Africa,15893219,10,0.176175764016088,4754,0,0,130
2021-01-25,Somalia,Africa,15893219,30,0.251679662880125,4784,0,0,130
2021-02-01,Somalia,Africa,15893219,78,0.679535089776338,4862,4,0.251679662880125,134
2021-02-08,Somalia,Africa,15893219,321,2.51050463722925,5183,18,1.38423814584069,152
2021-02-15,Somalia,Africa,15893219,834,7.26725026566362,6017,50,4.27855426896213,202
2021-02-22,Somalia,Africa,15893219,1240,13.0495905203345,7257,37,5.47403266764272,239
2020-03-02,South Africa,Africa,59308690,3,NA,3,0,NA,0
2020-03-09,South Africa,Africa,59308690,48,0.0859907713355328,51,0,0,0
2020-03-16,South Africa,Africa,59308690,223,0.456931353567243,274,0,0,0
2020-03-23,South Africa,Africa,59308690,1006,2.07220897983078,1280,2,0.0337218711119736,2
2020-03-30,South Africa,Africa,59308690,375,2.32849520028178,1655,9,0.185470291115855,11
2020-04-06,South Africa,Africa,59308690,518,1.50568154514962,2173,14,0.387801517787697,25
2020-04-13,South Africa,Africa,59308690,985,2.53419861406482,3158,29,0.725020228907433,54
2020-04-20,South Africa,Africa,59308690,1388,4.00110000743567,4546,33,1.04537800447118,87
2020-04-27,South Africa,Africa,59308690,2237,6.11208913904522,6783,44,1.29829203781099,131
2020-05-04,South Africa,Africa,59308690,3232,9.22124565556919,10015,63,1.80412010449059,194
2020-05-11,South Africa,Africa,59308690,5500,14.7229689274877,15515,70,2.24250442894625,264
2020-05-18,South Africa,Africa,59308690,7068,21.1908238067642,22583,165,3.9623198556569,429
2020-05-25,South Africa,Africa,59308690,10100,28.9468541625182,32683,254,7.06473199795848,683
2020-06-01,South Africa,Africa,59308690,15602,43.3359765659973,48285,315,9.5938723313565,998
2020-06-08,South Africa,Africa,59308690,21753,62.9840247693888,70038,482,13.4381656381215,1480
2020-06-15,South Africa,Africa,59308690,27264,82.6472478147806,97302,450,15.7143919381797,1930
2020-06-22,South Africa,Africa,59308690,40832,114.816226762048,138134,526,16.4562731026431,2456
2020-06-29,South Africa,Africa,59308690,58616,167.678631917178,196750,743,21.3965272205473,3199
2020-07-06,South Africa,Africa,59308690,79492,232.863008776623,276242,880,27.3652984073666,4079
2020-07-13,South Africa,Africa,59308690,88086,282.552185860116,364328,954,30.9229558096798,5033
2020-07-20,South Africa,Africa,59308690,81105,285.271854765297,445433,1736,45.3559166456045,6769
2020-07-27,South Africa,Africa,59308690,66052,248.120469361235,511485,1597,56.1974982081041,8366
2020-08-03,South Africa,Africa,59308690,48373,192.931255099379,559858,2042,61.356944488236,10408
2020-08-10,South Africa,Africa,59308690,27487,127.907057127716,587345,1431,58.5580291859422,11839
2020-08-17,South Africa,Africa,59308690,22428,84.1613598277082,609773,1220,44.6983401589211,13059
2020-08-24,South Africa,Africa,59308690,15283,63.5842740751819,625056,969,36.9085879320552,14028
2020-08-31,South Africa,Africa,59308690,13461,48.4650731621285,638517,861,30.8555120674559,14889
2020-09-07,South Africa,Africa,59308690,11276,41.7088962848446,649793,558,23.9256675539453,15447
2020-09-14,South Africa,Africa,59308690,11418,38.2642071507565,661211,506,17.94003543157,15953
2020-09-21,South Africa,Africa,59308690,9555,35.3624401415712,670766,445,16.0347497137435,16398
2020-09-28,South Africa,Africa,59308690,10523,33.8533864093103,681289,578,17.2487370737745,16976
2020-10-05,South Africa,Africa,59308690,11182,36.5966606242694,692471,804,23.3018129383738,17780
2020-10-12,South Africa,Africa,59308690,11322,37.9438493751927,703793,691,25.2070986562003,18471
2020-10-19,South Africa,Africa,59308690,12075,39.4495309203424,715868,497,20.0307914405123,18968
2020-10-26,South Africa,Africa,59308690,10955,38.8307345854377,726823,443,15.8492794226276,19411
2020-11-02,South Africa,Africa,59308690,10455,36.0992630253678,737278,398,14.1800468025849,19809
2020-11-09,South Africa,Africa,59308690,13746,40.8051501390437,751024,432,13.9945765114691,20241
2020-11-16,South Africa,Africa,59308690,16655,51.2589301837555,767679,662,18.4458634982496,20903
2020-11-23,South Africa,Africa,59308690,20023,61.8425394322485,787702,574,20.8401163471997,21477
2020-11-30,South Africa,Africa,59308690,26863,79.0541824477998,814565,729,21.9697990294508,22206
2020-12-07,South Africa,Africa,59308690,46399,123.526586070271,860964,1070,30.3328230652203,23276
2020-12-14,South Africa,Africa,59308690,60958,181.013945848408,921922,1415,41.8994248566273,24691
2020-12-21,South Africa,Africa,59308690,89949,254.44332019473,1011871,2380,63.98725043497,27071
2020-12-28,South Africa,Africa,59308690,88877,301.51736617349,1100748,2506,82.3825311265516,29577
2021-01-04,South Africa,Africa,59308690,130849,370.478592597476,1231597,3586,102.716819407072,33163
2021-01-11,South Africa,Africa,59308690,106329,399.904297329784,1337926,3942,126.929122865469,37105
2021-01-18,South Africa,Africa,59308690,75060,305.838823956489,1412986,3769,130.014674072214,40874
2021-01-25,South Africa,Africa,59308690,43323,199.604813392439,1456309,3525,122.983663945368,44399
2021-02-01,South Africa,Africa,59308690,19826,106.475121942501,1476135,1891,91.3188269712246,46290
2021-02-08,South Africa,Africa,59308690,15672,59.852949036642,1491807,1609,59.0132744459539,47899
2021-02-15,South Africa,Africa,59308690,11989,46.6390338414151,1503796,1154,46.5867649411916,49053
2021-02-22,South Africa,Africa,59308690,8429,34.4266582182139,1512225,888,34.4300304053251,49941
2019-12-30,South Korea,Asia,51269183,0,NA,0,0,NA,0
2020-01-06,South Korea,Asia,51269183,0,0,0,0,0,0
2020-01-13,South Korea,Asia,51269183,1,0.00195048943924072,1,0,0,0
2020-01-20,South Korea,Asia,51269183,3,0.00780195775696289,4,0,0,0
2020-01-27,South Korea,Asia,51269183,11,0.0273068521493701,15,0,0,0
2020-02-03,South Korea,Asia,51269183,12,0.0448612571025366,27,0,0,0
2020-02-10,South Korea,Asia,51269183,3,0.0292573415886108,30,0,0,0
2020-02-17,South Korea,Asia,51269183,732,1.43360973784193,762,7,0.136534260746851,7
2020-02-24,South Korea,Asia,51269183,3450,8.1569468349047,4212,15,0.429107676632959,22
2020-03-02,South Korea,Asia,51269183,3170,12.9122400877736,7382,29,0.858215353265918,51
2020-03-09,South Korea,Asia,51269183,854,7.84876950350467,8236,24,1.03375940279758,75
2020-03-16,South Korea,Asia,51269183,725,3.0798228245611,8961,38,1.20930345232925,113
2020-03-23,South Korea,Asia,51269183,700,2.77944745091803,9661,45,1.6189062345698,158
2020-03-30,South Korea,Asia,51269183,623,2.58049752811548,10284,28,1.42385729064573,186
2020-04-06,South Korea,Asia,51269183,253,1.70862874877487,10537,31,1.15078876915203,217
2020-04-13,South Korea,Asia,51269183,137,0.760690881303882,10674,19,0.975244719620361,236
2020-04-20,South Korea,Asia,51269183,64,0.392048377287385,10738,7,0.507127254202588,243
2020-04-27,South Korea,Asia,51269183,63,0.247712158783572,10801,9,0.312078310278516,252
2020-05-04,South Korea,Asia,51269183,108,0.333533694110164,10909,4,0.253563627101294,256
2020-05-11,South Korea,Asia,51269183,156,0.514929211959551,11065,7,0.21455383831648,263
2020-05-18,South Korea,Asia,51269183,141,0.579295363454495,11206,4,0.21455383831648,267
2020-05-25,South Korea,Asia,51269183,297,0.854314374387437,11503,4,0.156039155139258,271
2020-06-01,South Korea,Asia,51269183,311,1.18589757905836,11814,2,0.117029366354443,273
2020-06-08,South Korea,Asia,51269183,307,1.20540247345077,12121,4,0.117029366354443,277
2020-06-15,South Korea,Asia,51269183,317,1.21710541008621,12438,3,0.136534260746851,280
2020-06-22,South Korea,Asia,51269183,319,1.2405112833571,12757,2,0.0975244719620362,282
2020-06-29,South Korea,Asia,51269183,334,1.27366960382419,13091,1,0.0585146831772217,283
2020-07-06,South Korea,Asia,51269183,388,1.4082533751318,13479,6,0.136534260746851,289
2020-07-13,South Korea,Asia,51269183,292,1.32633281868369,13771,7,0.253563627101294,296
2020-07-20,South Korea,Asia,51269183,404,1.35754064971154,14175,3,0.195048943924072,299
2020-07-27,South Korea,Asia,51269183,214,1.20540247345077,14389,2,0.0975244719620362,301
2020-08-03,South Korea,Asia,51269183,237,0.879670737097566,14626,4,0.117029366354443,305
2020-08-10,South Korea,Asia,51269183,889,2.19625110858505,15515,0,0.0780195775696289,305
2020-08-17,South Korea,Asia,51269183,2150,5.92753740585256,17665,4,0.0780195775696289,309
2020-08-24,South Korea,Asia,51269183,2282,8.64456919471488,19947,15,0.370592993455737,324
2020-08-31,South Korea,Asia,51269183,1349,7.08222715388307,21296,12,0.526632148594995,336
2020-09-07,South Korea,Asia,51269183,989,4.56024430894481,22285,27,0.760690881303882,363
2020-09-14,South Korea,Asia,51269183,760,3.41140602923202,23045,22,0.955739825227954,385
2020-09-21,South Korea,Asia,51269183,616,2.68387346839524,23661,21,0.838710458873511,406
2020-09-28,South Korea,Asia,51269183,503,2.18259768251037,24164,16,0.721681092519067,422
2020-10-05,South Korea,Asia,51269183,539,2.03240999568883,24703,11,0.526632148594995,433
2020-10-12,South Korea,Asia,51269183,572,2.16699376699644,25275,11,0.429107676632959,444
2020-10-19,South Korea,Asia,51269183,680,2.44201277792939,25955,13,0.468117465417774,457
2020-10-26,South Korea,Asia,51269183,777,2.84186311297373,26732,11,0.468117465417774,468
2020-11-02,South Korea,Asia,51269183,821,3.11688212390668,27553,12,0.448612571025366,480
2020-11-09,South Korea,Asia,51269183,1216,3.97314698773335,28769,14,0.507127254202588,494
2020-11-16,South Korea,Asia,51269183,2235,6.73113905481973,31004,15,0.56564193737981,509
2020-11-23,South Korea,Asia,51269183,3197,10.5950586339556,34201,17,0.624156620557031,526
2020-11-30,South Korea,Asia,51269183,3960,13.9596529166458,38161,23,0.780195775696289,549
2020-12-07,South Korea,Asia,51269183,5323,18.1063934644716,43484,38,1.18979855793684,587
2020-12-14,South Korea,Asia,51269183,7107,24.2445837297622,50591,111,2.90622926446868,698
2020-12-21,South Korea,Asia,51269183,7089,27.6891480794613,57680,121,4.52513549903848,819
2020-12-28,South Korea,Asia,51269183,6584,26.6690421027384,64264,162,5.51988511305125,981
2021-01-04,South Korea,Asia,51269183,4850,22.3018962482784,69114,159,6.26107109996272,1140
2021-01-11,South Korea,Asia,51269183,3615,16.5108931031727,72729,124,5.51988511305125,1264
2021-01-18,South Korea,Asia,51269183,2792,12.4967858372153,75521,96,4.29107676632959,1360
2021-01-25,South Korea,Asia,51269183,2987,11.2718784693721,78508,65,3.14028799717756,1425
2021-02-01,South Korea,Asia,51269183,2677,11.0475721838594,81185,49,2.22355796073442,1474
2021-02-08,South Korea,Asia,51269183,2684,10.4565738837695,83869,53,1.98949922802554,1527
2021-02-15,South Korea,Asia,51269183,3455,11.9740546674988,87324,35,1.71643070653184,1562
2021-02-22,South Korea,Asia,51269183,2705,12.0150149457229,90029,43,1.52138176260776,1605
2020-03-30,South Sudan,Africa,11193729,1,NA,1,0,NA,0
2020-04-06,South Sudan,Africa,11193729,3,0.0357342937282116,4,0,0,0
2020-04-13,South Sudan,Africa,11193729,0,0.0268007202961587,4,0,0,0
2020-04-20,South Sudan,Africa,11193729,2,0.0178671468641058,6,0,0,0
2020-04-27,South Sudan,Africa,11193729,40,0.375210084146222,46,0,0,0
2020-05-04,South Sudan,Africa,11193729,110,1.34003601480793,156,0,0,0
2020-05-11,South Sudan,Africa,11193729,126,2.10832332996448,282,4,0.357342937282116,4
2020-05-18,South Sudan,Africa,11193729,281,3.63596438684553,563,2,0.536014405923174,6
2020-05-25,South Sudan,Africa,11193729,431,6.36070428362166,994,4,0.536014405923174,10
2020-06-01,South Sudan,Africa,11193729,323,6.73591436776788,1317,4,0.714685874564232,14
2020-06-08,South Sudan,Africa,11193729,376,6.24456782900497,1693,13,1.51870748344899,27
2020-06-15,South Sudan,Africa,11193729,189,5.04746898910989,1882,7,1.78671468641058,34
2020-06-22,South Sudan,Africa,11193729,107,2.64433773588766,1989,2,0.80402160888476,36
2020-06-29,South Sudan,Africa,11193729,47,1.37577030853615,2036,2,0.357342937282116,38
2020-07-06,South Sudan,Africa,11193729,103,1.34003601480793,2139,3,0.446678671602645,41
2020-07-13,South Sudan,Africa,11193729,61,1.46510604285667,2200,2,0.446678671602645,43
2020-07-20,South Sudan,Africa,11193729,62,1.09882953214251,2262,2,0.357342937282116,45
2020-07-27,South Sudan,Africa,11193729,167,2.04578831594011,2429,1,0.268007202961587,46
2020-08-03,South Sudan,Africa,11193729,41,1.858183273867,2470,1,0.178671468641058,47
2020-08-10,South Sudan,Africa,11193729,19,0.536014405923174,2489,0,0.0893357343205289,47
2020-08-17,South Sudan,Africa,11193729,10,0.259073629529534,2499,0,0,47
2020-08-24,South Sudan,Africa,11193729,20,0.268007202961587,2519,0,0,47
2020-08-31,South Sudan,Africa,11193729,25,0.40201080444238,2544,1,0.0893357343205289,48
2020-09-07,South Sudan,Africa,11193729,34,0.527080832491121,2578,1,0.178671468641058,49
2020-09-14,South Sudan,Africa,11193729,64,0.875490196341184,2642,0,0.0893357343205289,49
2020-09-21,South Sudan,Africa,11193729,44,0.964825930661713,2686,0,0,49
2020-09-28,South Sudan,Africa,11193729,40,0.750420168292443,2726,1,0.0893357343205289,50
2020-10-05,South Sudan,Africa,11193729,51,0.812955182316813,2777,5,0.536014405923174,55
2020-10-12,South Sudan,Africa,11193729,65,1.03629451811814,2842,0,0.446678671602645,55
2020-10-19,South Sudan,Africa,11193729,41,0.946958783797607,2883,1,0.0893357343205289,56
2020-10-26,South Sudan,Africa,11193729,43,0.750420168292443,2926,3,0.357342937282116,59
2020-11-02,South Sudan,Africa,11193729,29,0.643217287107808,2955,0,0.268007202961587,59
2020-11-09,South Sudan,Africa,11193729,48,0.687885154268073,3003,0,0,59
2020-11-16,South Sudan,Africa,11193729,44,0.821888755748866,3047,1,0.0893357343205289,60
2020-11-23,South Sudan,Africa,11193729,62,0.946958783797607,3109,1,0.178671468641058,61
2020-11-30,South Sudan,Africa,11193729,72,1.19709883989509,3181,1,0.178671468641058,62
2020-12-07,South Sudan,Africa,11193729,42,1.01842737125403,3223,0,0.0893357343205289,62
2020-12-14,South Sudan,Africa,11193729,5,0.419877951306486,3228,0,0,62
2020-12-21,South Sudan,Africa,11193729,263,2.39419767979018,3491,0,0,62
2020-12-28,South Sudan,Africa,11193729,98,3.22502000897109,3589,1,0.0893357343205289,63
2021-01-04,South Sudan,Africa,11193729,73,1.52764105688105,3662,0,0.0893357343205289,63
2021-01-11,South Sudan,Africa,11193729,8,0.723619447996284,3670,0,0,63
2021-01-18,South Sudan,Africa,11193729,118,1.12563025243867,3788,1,0.0893357343205289,64
2021-01-25,South Sudan,Africa,11193729,249,3.27862144956341,4037,0,0.0893357343205289,64
2021-02-01,South Sudan,Africa,11193729,572,7.33446378771543,4609,2,0.178671468641058,66
2021-02-08,South Sudan,Africa,11193729,804,12.2925970425048,5413,8,0.893357343205289,74
2021-02-15,South Sudan,Africa,11193729,1170,17.6348739548724,6583,12,1.78671468641058,86
2021-02-22,South Sudan,Africa,11193729,1343,22.4500700347489,7926,7,1.69737895209005,93
2019-12-30,Spain,Europe,47332614,0,NA,0,0,NA,0
2020-01-06,Spain,Europe,47332614,0,0,0,0,0,0
2020-01-13,Spain,Europe,47332614,0,0,0,0,0,0
2020-01-20,Spain,Europe,47332614,0,0,0,0,0,0
2020-01-27,Spain,Europe,47332614,1,0.00211270816355082,1,0,0,0
2020-02-03,Spain,Europe,47332614,1,0.00422541632710165,2,0,0,0
2020-02-10,Spain,Europe,47332614,0,0.00211270816355082,2,0,0,0
2020-02-17,Spain,Europe,47332614,0,0,2,0,0,0
2020-02-24,Spain,Europe,47332614,134,0.28310289391581,136,0,0,0
2020-03-02,Spain,Europe,47332614,1391,3.22187994941501,1527,5,0.105635408177541,5
2020-03-09,Spain,Europe,47332614,9964,23.9898011971196,11491,283,6.08459951102637,288
2020-03-16,Spain,Europe,47332614,29771,83.948458878692,41262,1432,36.2329450048966,1720
2020-03-23,Spain,Europe,47332614,54860,178.80060458947,96122,4808,131.832989405571,6528
2020-03-30,Spain,Europe,47332614,46276,213.670852828876,142398,5890,226.017519336667,12418
2020-04-06,Spain,Europe,47332614,32553,166.542671824548,174951,4554,220.651240601248,16972
2020-04-13,Spain,Europe,47332614,20519,112.125647655969,195470,3880,178.185806513877,20852
2020-04-20,Spain,Europe,47332614,16100,77.3652602410676,211570,2338,131.36819360959,23190
2020-04-27,Spain,Europe,47332614,7635,50.1451282618788,219205,2238,96.6775255640857,25428
2020-05-04,Spain,Europe,47332614,8565,34.2258722495233,227770,1316,75.0856481325963,26744
2020-05-11,Spain,Europe,47332614,3836,26.1996939361938,231606,965,48.1908732105943,27709
2020-05-18,Spain,Europe,47332614,3794,16.1199632878928,235400,-875,1.90143734719574,26834
2020-05-25,Spain,Europe,47332614,4238,16.9692719696402,239638,293,-12.2959615118658,27127
2020-06-01,Spain,Europe,47332614,2079,13.3459774691506,241717,9,6.38037865392349,27136
2020-06-08,Spain,Europe,47332614,2392,9.44591819923573,244109,0,0.190143734719574,27136
2020-06-15,Spain,Europe,47332614,2395,10.1135339789178,246504,1188,25.0989729829838,28324
2020-06-22,Spain,Europe,47332614,2466,10.2698743830206,248970,22,25.563768778965,28346
2020-06-29,Spain,Europe,47332614,2819,11.1656626443661,251789,42,1.35213322467253,28388
2020-07-06,Spain,Europe,47332614,4164,14.7530411060754,255953,18,1.26762489813049,28406
2020-07-13,Spain,Europe,47332614,8883,27.5645034098476,264836,16,0.71832077560728,28422
2020-07-20,Spain,Europe,47332614,13946,48.2310146657018,278782,12,0.591558285794231,28434
2020-07-27,Spain,Europe,47332614,18272,68.0672316132804,297054,38,1.05635408177541,28472
2020-08-03,Spain,Europe,47332614,25926,93.3774754126193,322980,104,3.00004559224217,28576
2020-08-10,Spain,Europe,47332614,36102,131.047061968731,359082,70,3.67611220457843,28646
2020-08-17,Spain,Europe,47332614,46354,174.205464333747,405436,226,6.25361616411044,28872
2020-08-24,Spain,Europe,47332614,57422,219.24840238065,462858,222,9.46493257270769,29094
2020-08-31,Spain,Europe,47332614,62691,253.76371564858,525549,422,13.6058405732673,29516
2020-09-07,Spain,Europe,47332614,68181,276.494342780223,593730,332,15.9298195531732,29848
2020-09-14,Spain,Europe,47332614,77738,308.284262517173,671468,815,24.232762635928,30663
2020-09-21,Spain,Europe,47332614,76798,326.48946876249,748266,748,33.0216285962994,31411
2020-09-28,Spain,Europe,47332614,65146,299.886247567058,813412,814,33.0005015146639,32225
2020-10-05,Spain,Europe,47332614,75556,297.262264027928,888968,899,36.1906908416256,33124
2020-10-12,Spain,Europe,47332614,85481,340.224184533734,974449,868,37.3315532499431,33992
2020-10-19,Spain,Europe,47332614,123871,442.299679455692,1098320,1039,40.2893446789142,35031
2020-10-26,Spain,Europe,47332614,142377,562.50432312908,1240697,1226,47.8528399044262,36257
2020-11-02,Spain,Europe,47332614,140521,597.680914052201,1381218,3088,91.1422301755825,39345
2020-11-09,Spain,Europe,47332614,115646,541.206112132324,1496864,1908,105.550899850999,41253
2020-11-16,Spain,Europe,47332614,85752,425.495198722809,1582616,1878,79.9871310720342,43131
2020-11-23,Spain,Europe,47332614,65571,319.701337433001,1648187,1938,80.6209435210994,45069
2020-11-30,Spain,Europe,47332614,54141,252.916519674996,1702328,1577,74.2616919488115,46646
2020-12-07,Spain,Europe,47332614,49556,219.08149843573,1751884,1367,62.1981283349362,48013
2020-12-14,Spain,Europe,47332614,67365,247.019951190526,1819249,1247,55.2261913952185,49260
2020-12-21,Spain,Europe,47332614,60164,269.431559389473,1879413,862,44.5570151692869,50122
2020-12-28,Spain,Europe,47332614,79431,294.923496090877,1958844,956,38.409034413354,51078
2021-01-04,Spain,Europe,47332614,152938,490.927883256141,2111782,1197,45.4866067612492,52275
2021-01-11,Spain,Europe,47332614,224669,797.773391513936,2336451,1494,56.8529766811527,53769
2021-01-18,Spain,Europe,47332614,256931,1017.48025156608,2593382,2439,83.0928120724539,56208
2021-01-25,Spain,Europe,47332614,229423,1027.5240661756,2822805,2873,112.22705764782,59081
2021-02-01,Spain,Europe,47332614,166280,836.004958441552,2989085,3214,128.600545915339,62295
2021-02-08,Spain,Europe,47332614,97201,556.65845964053506,3086286,3154,134.537255854917,65449
2021-02-15,Spain,Europe,47332614,67685,348.355998255241,3153971,2187,112.83974301525,67636
2021-02-22,Spain,Europe,47332614,50560,249.817176799067,3204531,1973,87.8886596037143,69609
2019-12-30,Sri Lanka,Asia,21413250,0,NA,0,0,NA,0
2020-01-06,Sri Lanka,Asia,21413250,0,0,0,0,0,0
2020-01-13,Sri Lanka,Asia,21413250,0,0,0,0,0,0
2020-01-20,Sri Lanka,Asia,21413250,0,0,0,0,0,0
2020-01-27,Sri Lanka,Asia,21413250,1,0.00467000572075701,1,0,0,0
2020-02-03,Sri Lanka,Asia,21413250,0,0.00467000572075701,1,0,0,0
2020-02-10,Sri Lanka,Asia,21413250,0,0,1,0,0,0
2020-02-17,Sri Lanka,Asia,21413250,0,0,1,0,0,0
2020-02-24,Sri Lanka,Asia,21413250,0,0,1,0,0,0
2020-03-02,Sri Lanka,Asia,21413250,0,0,1,0,0,0
2020-03-09,Sri Lanka,Asia,21413250,18,0.0840601029736262,19,0,0,0
2020-03-16,Sri Lanka,Asia,21413250,68,0.401620491985103,87,0,0,0
2020-03-23,Sri Lanka,Asia,21413250,33,0.471670577796458,120,1,0.0467000572075701,1
2020-03-30,Sri Lanka,Asia,21413250,46,0.368930451939804,166,4,0.23350028603785,5
2020-04-06,Sri Lanka,Asia,21413250,44,0.420300514868131,210,2,0.28020034324542,7
2020-04-13,Sri Lanka,Asia,21413250,85,0.602430737977654,295,0,0.0934001144151402,7
2020-04-20,Sri Lanka,Asia,21413250,228,1.46171179059694,523,0,0,7
2020-04-27,Sri Lanka,Asia,21413250,195,1.97541241988021,718,0,0,7
2020-05-04,Sri Lanka,Asia,21413250,145,1.58780194505738,863,2,0.0934001144151402,9
2020-05-11,Sri Lanka,Asia,21413250,118,1.22821150455909,981,0,0.0934001144151402,9
2020-05-18,Sri Lanka,Asia,21413250,160,1.29826159037045,1141,0,0,9
2020-05-25,Sri Lanka,Asia,21413250,492,3.04484372993357,1633,1,0.0467000572075701,10
2020-06-01,Sri Lanka,Asia,21413250,202,3.24098397020536,1835,1,0.0934001144151402,11
2020-06-08,Sri Lanka,Asia,21413250,54,1.19552146451379,1889,0,0.0467000572075701,11
2020-06-15,Sri Lanka,Asia,21413250,61,0.537050657887056,1950,0,0,11
2020-06-22,Sri Lanka,Asia,21413250,87,0.691160846672037,2037,0,0,11
2020-06-29,Sri Lanka,Asia,21413250,39,0.588420720815383,2076,0,0,11
2020-07-06,Sri Lanka,Asia,21413250,541,2.70860331803907,2617,0,0,11
2020-07-13,Sri Lanka,Asia,21413250,107,3.02616370705054,2724,0,0,11
2020-07-20,Sri Lanka,Asia,21413250,58,0.770550943924906,2782,0,0,11
2020-07-27,Sri Lanka,Asia,21413250,41,0.462330566354944,2823,0,0,11
2020-08-03,Sri Lanka,Asia,21413250,21,0.289540354686935,2844,0,0,11
2020-08-10,Sri Lanka,Asia,21413250,49,0.326900400452991,2893,0,0,11
2020-08-17,Sri Lanka,Asia,21413250,60,0.509030623562514,2953,1,0.0467000572075701,12
2020-08-24,Sri Lanka,Asia,21413250,59,0.555730680770084,3012,0,0.0467000572075701,12
2020-08-31,Sri Lanka,Asia,21413250,111,0.793900972528691,3123,0,0,12
2020-09-07,Sri Lanka,Asia,21413250,111,1.03674127000806,3234,0,0,12
2020-09-14,Sri Lanka,Asia,21413250,53,0.765880938204149,3287,1,0.0467000572075701,13
2020-09-21,Sri Lanka,Asia,21413250,73,0.588420720815383,3360,0,0.0467000572075701,13
2020-09-28,Sri Lanka,Asia,21413250,42,0.537050657887056,3402,0,0,13
2020-10-05,Sri Lanka,Asia,21413250,1350,6.50064796329376,4752,0,0,13
2020-10-12,Sri Lanka,Asia,21413250,786,9.97513221953697,5538,0,0,13
2020-10-19,Sri Lanka,Asia,21413250,2334,14.5704178487619,7872,2,0.0934001144151402,15
2020-10-26,Sri Lanka,Asia,21413250,3188,25.7877715900202,11060,6,0.373600457660561,21
2020-11-02,Sri Lanka,Asia,21413250,2869,28.2862246506252,13929,14,0.934001144151402,35
2020-11-09,Sri Lanka,Asia,21413250,3358,29.0801256231539,17287,23,1.72790211668009,58
2020-11-16,Sri Lanka,Asia,21413250,2884,29.1501757089652,20171,29,2.42840297479364,87
2020-11-23,Sri Lanka,Asia,21413250,3313,28.9400254515312,23484,29,2.70860331803907,116
2020-11-30,Sri Lanka,Asia,21413250,4393,35.9870640841535,27877,24,2.47510303200121,140
2020-12-07,Sri Lanka,Asia,21413250,4913,43.4590732373647,32790,12,1.68120205947252,152
2020-12-14,Sri Lanka,Asia,21413250,4471,43.8233336835838,37261,24,1.68120205947252,176
2020-12-21,Sri Lanka,Asia,21413250,3793,38.5929272763359,41054,15,1.82130223109523,191
2020-12-28,Sri Lanka,Asia,21413250,3720,35.0857529800474,44774,22,1.72790211668009,213
2021-01-04,Sri Lanka,Asia,21413250,3606,34.2124619102658,48380,19,1.91470234551037,232
2021-01-11,Sri Lanka,Asia,21413250,4682,38.7050074136341,53062,32,2.38170291758607,264
2021-01-18,Sri Lanka,Asia,21413250,5368,46.9335574936079,58430,19,2.38170291758607,283
2021-01-25,Sri Lanka,Asia,21413250,5727,51.813713471799,64157,33,2.42840297479364,316
2021-02-01,Sri Lanka,Asia,21413250,5191,50.987122459225,69348,40,3.40910417615262,356
2021-02-08,Sri Lanka,Asia,21413250,6306,53.6910557715433,75654,41,3.78270463381318,397
2021-02-15,Sri Lanka,Asia,21413250,4345,49.7402309317829,79999,48,4.15630509147374,445
2021-02-22,Sri Lanka,Asia,21413250,3243,35.4360034091042,83242,26,3.45580423336019,471
2020-03-09,Sudan,Africa,43849269,1,NA,1,1,NA,1
2020-03-16,Sudan,Africa,43849269,1,0.00456107945607942,2,0,0.0228053972803971,1
2020-03-23,Sudan,Africa,43849269,3,0.00912215891215883,5,0,0,1
2020-03-30,Sudan,Africa,43849269,7,0.0228053972803971,12,1,0.0228053972803971,2
2020-04-06,Sudan,Africa,43849269,7,0.0319275561925559,19,0,0.0228053972803971,2
2020-04-13,Sudan,Africa,43849269,47,0.123149145314144,66,8,0.182443178243177,10
2020-04-20,Sudan,Africa,43849269,171,0.497157660712656,237,11,0.433302548327545,21
2020-04-27,Sudan,Africa,43849269,441,1.3956903135603,678,20,0.70696731569231,41
2020-05-04,Sudan,Africa,43849269,685,2.56788773377271,1363,29,1.11746446673946,70
2020-05-11,Sudan,Africa,43849269,926,3.67394950187197,2289,27,1.27710224770224,97
2020-05-18,Sudan,Africa,43849269,1345,5.17910572237818,3634,49,1.73321019331018,146
2020-05-25,Sudan,Africa,43849269,1392,6.24183723564468,5026,140,4.31022008599505,286
2020-06-01,Sudan,Africa,43849269,1057,5.58504179396925,6083,73,4.85754962072458,359
2020-06-08,Sudan,Africa,43849269,1137,5.00350416331912,7220,100,3.9453337295087,459
2020-06-15,Sudan,Africa,43849269,1360,5.69450770091515,8580,62,3.69447435942433,521
2020-06-22,Sudan,Africa,43849269,678,4.64773996574493,9258,51,2.57700989268487,572
2020-06-29,Sudan,Africa,43849269,509,2.70700065718313,9767,36,1.98406956339455,608
2020-07-06,Sudan,Africa,43849269,483,2.26229541021539,10250,42,1.77882098787097,650
2020-07-13,Sudan,Africa,43849269,512,2.26913702939951,10762,30,1.64198860418859,680
2020-07-20,Sudan,Africa,43849269,623,2.58841259132507,11385,37,1.5279616177866,717
2020-07-27,Sudan,Africa,43849269,353,2.22580677456676,11738,35,1.64198860418859,752
2020-08-03,Sudan,Africa,43849269,156,1.16079472157221,11894,21,1.27710224770224,773
2020-08-10,Sudan,Africa,43849269,516,1.53252269724268,12410,30,1.16307526130025,803
2020-08-17,Sudan,Africa,43849269,426,2.14826842381341,12836,12,0.957826685776677,815
2020-08-24,Sudan,Africa,43849269,353,1.77654044814293,13189,8,0.456107945607942,823
2020-08-31,Sudan,Africa,43849269,218,1.30218818471067,13407,9,0.38769175376675,832
2020-09-07,Sudan,Africa,43849269,63,0.640831663579158,13470,2,0.250859370084368,834
2020-09-14,Sudan,Africa,43849269,85,0.337519879749877,13555,2,0.0912215891215883,836
2020-09-21,Sudan,Africa,43849269,51,0.3101534030134,13606,0,0.0456107945607942,836
2020-09-28,Sudan,Africa,43849269,47,0.223492893347891,13653,0,0,836
2020-10-05,Sudan,Africa,43849269,17,0.145954542594541,13670,0,0,836
2020-10-12,Sudan,Africa,43849269,21,0.0866605096655089,13691,0,0,836
2020-10-19,Sudan,Africa,43849269,51,0.164198860418859,13742,1,0.0228053972803971,837
2020-10-26,Sudan,Africa,43849269,77,0.291909085189083,13819,0,0.0228053972803971,837
2020-11-02,Sudan,Africa,43849269,271,0.793627825357818,14090,278,6.33990044395039,1115
2020-11-09,Sudan,Africa,43849269,536,1.84039556052804,14626,1,6.36270584123079,1116
2020-11-16,Sudan,Africa,43849269,1213,3.98866398434145,15839,77,1.77882098787097,1193
2020-11-23,Sudan,Africa,43849269,1788,6.84389972384716,17627,48,2.85067466004964,1241
2020-11-30,Sudan,Africa,43849269,1841,8.2760786730561,19468,54,2.3261505226005,1295
2020-12-07,Sudan,Africa,43849269,1918,8.57254883770126,21386,52,2.41737211172209,1347
2020-12-14,Sudan,Africa,43849269,1437,7.65121078757322,22823,87,3.16995022197519,1434
2020-12-21,Sudan,Africa,43849269,493,4.40144167511664,23316,34,2.75945307092805,1468
2020-12-28,Sudan,Africa,43849269,0,1.12430608592358,23316,0,0.775383507533501,1468
2021-01-04,Sudan,Africa,43849269,0,0,23316,0,0,1468
2021-01-11,Sudan,Africa,43849269,0,0,23316,0,0,1468
2021-01-18,Sudan,Africa,43849269,5206,11.8724898241747,28522,254,5.79257090922086,1722
2021-01-25,Sudan,Africa,43849269,927,13.9865501520675,29449,85,7.73102967805461,1807
2021-02-01,Sudan,Africa,43849269,185,2.53596017758015,29634,24,2.48578830356328,1831
2021-02-08,Sudan,Africa,43849269,299,1.10378122837122,29933,18,0.957826685776677,1849
2021-02-15,Sudan,Africa,43849269,272,1.30218818471067,30205,22,0.912215891215883,1871
2021-02-22,Sudan,Africa,43849269,142,0.944143447408439,30347,9,0.70696731569231,1880
2020-03-16,Suriname,America,586634,5,NA,5,0,NA,0
2020-03-23,Suriname,America,586634,3,1.36371229761657,8,0,0,0
2020-03-30,Suriname,America,586634,2,0.852320186010357,10,1,1.70464037202072,1
2020-04-06,Suriname,America,586634,0,0.340928074404143,10,0,1.70464037202072,1
2020-04-13,Suriname,America,586634,0,0,10,0,0,1
2020-04-20,Suriname,America,586634,0,0,10,0,0,1
2020-04-27,Suriname,America,586634,0,0,10,0,0,1
2020-05-04,Suriname,America,586634,0,0,10,0,0,1
2020-05-11,Suriname,America,586634,0,0,10,0,0,1
2020-05-18,Suriname,America,586634,1,0.170464037202072,11,0,0,1
2020-05-25,Suriname,America,586634,12,2.21603248362693,23,0,0,1
2020-06-01,Suriname,America,586634,99,18.9215081294299,122,0,0,1
2020-06-08,Suriname,America,586634,86,31.5358468823832,208,2,3.40928074404143,3
2020-06-15,Suriname,America,586634,106,32.7290951427977,314,5,11.932482604145,8
2020-06-22,Suriname,America,586634,176,48.0708584909842,490,3,13.6371229761657,11
2020-06-29,Suriname,America,586634,104,47.72993041658,594,3,10.2278422321243,14
2020-07-06,Suriname,America,586634,147,42.7864733377199,741,4,11.932482604145,18
2020-07-13,Suriname,America,586634,288,74.1518561829011,1029,3,11.932482604145,21
2020-07-20,Suriname,America,586634,410,118.983897967046,1439,2,8.52320186010358,23
2020-07-27,Suriname,America,586634,410,139.780510505699,1849,4,10.2278422321243,27
2020-08-03,Suriname,America,586634,542,162.281763416372,2391,2,10.2278422321243,29
2020-08-10,Suriname,America,586634,625,198.931531414817,3016,18,34.0928074404143,47
2020-08-17,Suriname,America,586634,591,207.284269237719,3607,11,49.4345707886007,58
2020-08-24,Suriname,America,586634,402,169.270788941657,4009,9,34.0928074404143,67
2020-08-31,Suriname,America,586634,337,125.972923492331,4346,18,46.0252900445593,85
2020-09-07,Suriname,America,586634,236,97.675893316787,4582,8,44.3206496725386,93
2020-09-14,Suriname,America,586634,141,64.2649420251809,4723,4,20.4556844642486,97
2020-09-21,Suriname,America,586634,112,43.1274014121241,4835,5,15.3417633481864,102
2020-09-28,Suriname,America,586634,106,37.1611601100516,4941,4,15.3417633481864,106
2020-10-05,Suriname,America,586634,110,36.8202320356474,5051,1,8.52320186010358,107
2020-10-12,Suriname,America,586634,79,32.2177030311915,5130,2,5.11392111606214,109
2020-10-19,Suriname,America,586634,40,20.2852204270465,5170,0,3.40928074404143,109
2020-10-26,Suriname,America,586634,40,13.6371229761657,5210,2,3.40928074404143,111
2020-11-02,Suriname,America,586634,29,11.7620185669429,5239,2,6.81856148808286,113
2020-11-09,Suriname,America,586634,35,10.9096983809326,5274,1,5.11392111606214,114
2020-11-16,Suriname,America,586634,22,9.71645012051807,5296,2,5.11392111606214,116
2020-11-23,Suriname,America,586634,16,6.47763341367872,5312,1,5.11392111606214,117
2020-11-30,Suriname,America,586634,12,4.772993041658,5324,0,1.70464037202072,117
2020-12-07,Suriname,America,586634,29,6.98902552528493,5353,0,0,117
2020-12-14,Suriname,America,586634,230,44.1501856353365,5583,1,1.70464037202072,118
2020-12-21,Suriname,America,586634,430,112.506264553367,6013,2,5.11392111606214,120
2020-12-28,Suriname,America,586634,380,138.075870133678,6393,3,8.52320186010358,123
2021-01-04,Suriname,America,586634,671,179.157703099377,7064,15,30.6835266963729,138
2021-01-11,Suriname,America,586634,560,209.84122979575,7624,7,37.5020881844557,145
2021-01-18,Suriname,America,586634,488,178.646310987771,8112,4,18.7510440922279,149
2021-01-25,Suriname,America,586634,337,140.632830691709,8449,7,18.7510440922279,156
2021-02-01,Suriname,America,586634,241,98.5282135027973,8690,6,22.1603248362693,162
2021-02-08,Suriname,America,586634,121,61.7079814671499,8811,5,18.7510440922279,167
2021-02-15,Suriname,America,586634,58,30.5130626591708,8869,2,11.932482604145,169
2021-02-22,Suriname,America,586634,64,20.7966125386527,8933,4,10.2278422321243,173
2019-12-30,Sweden,Europe,10327589,0,NA,0,0,NA,0
2020-01-06,Sweden,Europe,10327589,0,0,0,0,0,0
2020-01-13,Sweden,Europe,10327589,0,0,0,0,0,0
2020-01-20,Sweden,Europe,10327589,0,0,0,0,0,0
2020-01-27,Sweden,Europe,10327589,0,0,0,0,0,0
2020-02-03,Sweden,Europe,10327589,1,0.00968280205573634,1,0,0,0
2020-02-10,Sweden,Europe,10327589,0,0.00968280205573634,1,0,0,0
2020-02-17,Sweden,Europe,10327589,0,0,1,0,0,0
2020-02-24,Sweden,Europe,10327589,13,0.125876426724572,14,0,0,0
2020-03-02,Sweden,Europe,10327589,211,2.16894766048494,225,0,0,0
2020-03-09,Sweden,Europe,10327589,1762,19.104168455967802,1987,7,0.677796143901544,7
2020-03-16,Sweden,Europe,10327589,1957,36.0103408452834,3944,53,5.8096812334418,60
2020-03-23,Sweden,Europe,10327589,3229,50.2150114610487,7173,224,26.8213616943897,284
2020-03-30,Sweden,Europe,10327589,3740,67.4794475264265,10913,496,69.7161748013016,780
2020-04-06,Sweden,Europe,10327589,3751,72.5338701995209,14664,658,111.739535723197,1438
2020-04-13,Sweden,Europe,10327589,4202,77.0073247492711,18866,658,127.42567505349,2096
2020-04-20,Sweden,Europe,10327589,3832,77.7916317157857,22698,535,115.515828524935,2631
2020-04-27,Sweden,Europe,10327589,4153,77.3171744150547,26851,553,105.348886366411,3184
2020-05-04,Sweden,Europe,10327589,3869,77.6754380911169,30720,491,101.088453461887,3675
2020-05-11,Sweden,Europe,10327589,3659,72.8921338755832,34379,374,83.7562377821193,4049
2020-05-18,Sweden,Europe,10327589,4281,76.8814483225465,38660,343,69.4256907396296,4392
2020-05-25,Sweden,Europe,10327589,6021,99.7522267781958,44681,269,59.2587485811064,4661
2020-06-01,Sweden,Europe,10327589,7123,127.270750220598,51804,244,49.6727745459274,4905
2020-06-08,Sweden,Europe,10327589,1,68.9802818450657,51805,197,42.7011570657973,5102
2020-06-15,Sweden,Europe,10327589,7072,68.4864589402231,58877,219,40.2804565518632,5321
2020-06-22,Sweden,Europe,10327589,7457,140.681431067793,66334,134,34.1802912567493,5455
2020-06-29,Sweden,Europe,10327589,4277,113.61799932201,70611,97,22.3672727487509,5552
2020-07-06,Sweden,Europe,10327589,2179,62.5121700718338,72790,81,17.2353876592107,5633
2020-07-13,Sweden,Europe,10327589,1622,36.8043306138538,74412,51,12.781298713572,5684
2020-07-20,Sweden,Europe,10327589,1316,28.4480724397534,75728,30,7.84306966514644,5714
2020-07-27,Sweden,Europe,10327589,1556,27.8090075040748,77284,16,4.45408894563872,5730
2020-08-03,Sweden,Europe,10327589,2014,34.5676033389787,79298,16,3.09849665783563,5746
2020-08-10,Sweden,Europe,10327589,2052,39.370273158624,81350,17,3.19532467839299,5763
2020-08-17,Sweden,Europe,10327589,1687,36.2039968863982,83037,17,3.29215269895036,5780
2020-08-24,Sweden,Europe,10327589,1200,27.9542495349108,84237,11,2.71118457560618,5791
2020-08-31,Sweden,Europe,10327589,1332,24.5168548051244,85569,11,2.13021645226199,5802
2020-09-07,Sweden,Europe,10327589,1592,28.3125132109731,87161,14,2.42070051393409,5816
2020-09-14,Sweden,Europe,10327589,2080,35.5552491486638,89241,12,2.51752853449145,5828
2020-09-21,Sweden,Europe,10327589,2919,48.404327476626,92160,10,2.13021645226199,5838
2020-09-28,Sweden,Europe,10327589,3642,63.5288642876861,95802,18,2.71118457560618,5856
2020-10-05,Sweden,Europe,10327589,4278,76.6877922814318,100080,23,3.9699488428519,5879
2020-10-12,Sweden,Europe,10327589,5620,95.8403747476783,105700,17,3.87312082229454,5896
2020-10-19,Sweden,Europe,10327589,9155,143.063400373504,114855,50,6.48747737734335,5946
2020-10-26,Sweden,Europe,10327589,18474,267.526137997939,133329,91,13.6527508985882,6037
2020-11-02,Sweden,Europe,10327589,25405,424.871671403655,158734,172,25.4657694065866,6209
2020-11-09,Sweden,Europe,10327589,31319,549.247263809588,190053,237,39.6026604079616,6446
2020-11-16,Sweden,Europe,10327589,31944,612.563106452048,221997,350,56.8380480671723,6796
2020-11-23,Sweden,Europe,10327589,35560,653.627869970426,257557,429,75.4290280141861,7225
2020-11-30,Sweden,Europe,10327589,36838,701.015503231199,294395,468,86.854734439955,7693
2020-12-07,Sweden,Europe,10327589,43631,779.165398623047,338026,536,97.2153326395929,8229
2020-12-14,Sweden,Europe,10327589,46178,869.602769823625,384204,628,112.707815928771,8857
2020-12-21,Sweden,Europe,10327589,37134,806.693604867506,421338,688,127.42567505349,9545
2020-12-28,Sweden,Europe,10327589,41327,759.722332095129,462665,629,127.522503074048,10174
2021-01-04,Sweden,Europe,10327589,39461,782.254212478827,502126,647,123.552554231196,10821
2021-01-11,Sweden,Europe,10327589,28953,662.439219841146,531079,578,118.61432518277,11399
2021-01-18,Sweden,Europe,10327589,23244,505.41321890327,554323,500,104.380606160838,11899
2021-01-25,Sweden,Europe,10327589,20672,425.229935079717,574995,371,84.3372059054635,12270
2021-02-01,Sweden,Europe,10327589,19619,390.129777627673,594614,258,60.9048249305816,12528
2021-02-08,Sweden,Europe,10327589,21295,396.162163308397,615909,184,42.7979850863546,12712
2021-02-15,Sweden,Europe,10327589,23633,435.028930760122,639542,107,28.1769539821928,12819
2021-02-22,Sweden,Europe,10327589,26728,487.635594328938,666270,26,12.8781267341293,12845
2019-12-30,Switzerland,Europe,8606033,0,NA,0,0,NA,0
2020-01-06,Switzerland,Europe,8606033,0,0,0,0,0,0
2020-01-13,Switzerland,Europe,8606033,0,0,0,0,0,0
2020-01-20,Switzerland,Europe,8606033,0,0,0,0,0,0
2020-01-27,Switzerland,Europe,8606033,0,0,0,0,0,0
2020-02-03,Switzerland,Europe,8606033,0,0,0,0,0,0
2020-02-10,Switzerland,Europe,8606033,0,0,0,0,0,0
2020-02-17,Switzerland,Europe,8606033,0,0,0,0,0,0
2020-02-24,Switzerland,Europe,8606033,24,0.278874133994141,24,0,0,0
2020-03-02,Switzerland,Europe,8606033,308,3.85775885358562,332,2,0.232395111661784,2
2020-03-09,Switzerland,Europe,8606033,1868,25.2845881488021,2200,11,1.5105682258016,13
2020-03-16,Switzerland,Europe,8606033,4771,77.1435573161293,6971,47,6.73945823819174,60
2020-03-23,Switzerland,Europe,8606033,7303,140.296928910219,14274,197,28.3522036227377,257
2020-03-30,Switzerland,Europe,8606033,6748,163.269185697987,21022,302,57.9825803596152,559
2020-04-06,Switzerland,Europe,8606033,4198,127.189844612495,25220,299,69.8347310543662,858
2020-04-13,Switzerland,Europe,8606033,2438,77.10869804938,27658,276,66.813594602763,1134
2020-04-20,Switzerland,Europe,8606033,1320,43.6670414812493,28978,202,55.5424316871664,1336
2020-04-27,Switzerland,Europe,8606033,844,25.1451510818051,29822,136,39.2747738708415,1472
2020-05-04,Switzerland,Europe,8606033,400,14.454975945363,30222,65,23.3557087220093,1537
2020-05-11,Switzerland,Europe,8606033,282,7.92467330766684,30504,65,15.105682258016,1602
2020-05-18,Switzerland,Europe,8606033,149,5.00811465631145,30653,39,12.0845458064128,1641
2020-05-25,Switzerland,Europe,8606033,126,3.19543278534953,30779,15,6.27466801486818,1656
2020-06-01,Switzerland,Europe,8606033,103,2.66092402852743,30882,4,2.20775356078695,1660
2020-06-08,Switzerland,Europe,8606033,152,2.96303767368775,31034,16,2.32395111661784,1676
2020-06-15,Switzerland,Europe,8606033,175,3.79966007567017,31209,3,2.20775356078695,1679
2020-06-22,Switzerland,Europe,8606033,325,5.80987779154461,31534,2,0.580987779154461,1681
2020-06-29,Switzerland,Europe,8606033,650,11.329261693512,32184,4,0.697185334985353,1685
2020-07-06,Switzerland,Europe,8606033,614,14.6873710570248,32798,0,0.464790223323569,1685
2020-07-13,Switzerland,Europe,8606033,706,15.3380773696778,33504,2,0.232395111661784,1687
2020-07-20,Switzerland,Europe,8606033,821,17.7433667753772,34325,13,1.74296333746338,1700
2020-07-27,Switzerland,Europe,8606033,1136,22.7398616761056,35461,5,2.09155600495606,1705
2020-08-03,Switzerland,Europe,8606033,1053,25.4356449713823,36514,6,1.27817311413981,1711
2020-08-10,Switzerland,Europe,8606033,1517,29.8627718485393,38031,4,1.16197555830892,1715
2020-08-17,Switzerland,Europe,8606033,1771,38.2057563571973,39802,4,0.929580446647137,1719
2020-08-24,Switzerland,Europe,8606033,2104,45.0265528844707,41906,5,1.04577800247803,1724
2020-08-31,Switzerland,Europe,8606033,2387,52.1843223236537,44293,8,1.5105682258016,1732
2020-09-07,Switzerland,Europe,8606033,2775,59.9811783199065,47068,14,2.55634622827963,1746
2020-09-14,Switzerland,Europe,8606033,2103,56.6811677343092,49171,18,3.71832178658855,1764
2020-09-21,Switzerland,Europe,8606033,2693,55.7283477764959,51864,14,3.71832178658855,1778
2020-09-28,Switzerland,Europe,8606033,2399,59.1677954290903,54263,5,2.20775356078695,1783
2020-10-05,Switzerland,Europe,8606033,5967,97.2108752081244,60230,10,1.74296333746338,1793
2020-10-12,Switzerland,Europe,8606033,14192,234.242652799495,74422,30,4.64790223323569,1823
2020-10-19,Switzerland,Europe,8606033,28901,500.730127342063,103323,53,9.64439713396405,1876
2020-10-26,Switzerland,Europe,8606033,50405,921.516336272473,153728,159,24.6338818361491,2035
2020-11-02,Switzerland,Europe,8606033,57432,1253.03958281359,211160,369,61.352309478711,2404
2020-11-09,Switzerland,Europe,8606033,45026,1190.53691753216,256186,552,107.017948920252,2956
2020-11-16,Switzerland,Europe,8606033,33297,910.094116534296,289483,611,135.137757431327,3567
2020-11-23,Switzerland,Europe,8606033,27534,706.8413518749,317017,669,148.732871463542,4236
2020-11-30,Switzerland,Europe,8606033,26084,623.028054854077,343101,596,146.989908126079,4832
2020-12-07,Switzerland,Europe,8606033,29228,642.711920811831,372329,546,132.697608758879,5378
2020-12-14,Switzerland,Europe,8606033,39833,802.471940323724,412162,802,156.634305260043,6180
2020-12-21,Switzerland,Europe,8606033,24084,742.699917604313,436246,563,158.609663709168,6743
2020-12-28,Switzerland,Europe,8606033,23414,551.915150685571,459660,495,122.937014069084,7238
2021-01-04,Switzerland,Europe,8606033,22434,532.742553973474,482094,417,105.972170917774,7655
2021-01-11,Switzerland,Europe,8606033,15378,439.366198107769,497472,392,94.0038226671917,8047
2021-01-18,Switzerland,Europe,8606033,13605,336.775376064675,511077,337,84.7080182007204,8384
2021-01-25,Switzerland,Europe,8606033,11451,291.144595889883,522528,295,73.4368552851238,8679
2021-02-01,Switzerland,Europe,8606033,10027,249.56911041359,532555,193,56.7044072454754,8872
2021-02-08,Switzerland,Europe,8606033,8038,209.910884608507,540593,148,39.6233665383342,9020
2021-02-15,Switzerland,Europe,8606033,7007,174.819222747577,547600,154,35.0916618609294,9174
2021-02-22,Switzerland,Europe,8606033,7240,165.546657792272,554840,61,24.9824745036418,9235
2020-03-16,Syria,Asia,17500657,1,NA,1,0,NA,0
2020-03-23,Syria,Asia,17500657,8,0.0514266407255453,9,1,0.0571407119172726,1
2020-03-30,Syria,Asia,17500657,10,0.102853281451091,19,1,0.114281423834545,2
2020-04-06,Syria,Asia,17500657,6,0.0914251390676362,25,0,0.0571407119172726,2
2020-04-13,Syria,Asia,17500657,14,0.114281423834545,39,1,0.0571407119172726,3
2020-04-20,Syria,Asia,17500657,4,0.102853281451091,43,0,0.0571407119172726,3
2020-04-27,Syria,Asia,17500657,1,0.0285703559586363,44,0,0,3
2020-05-04,Syria,Asia,17500657,3,0.022856284766909,47,0,0,3
2020-05-11,Syria,Asia,17500657,11,0.0799969966841816,58,0,0,3
2020-05-18,Syria,Asia,17500657,28,0.222848776477363,86,1,0.0571407119172726,4
2020-05-25,Syria,Asia,17500657,36,0.365700556270545,122,0,0.0571407119172726,4
2020-06-01,Syria,Asia,17500657,19,0.314273915544999,141,2,0.114281423834545,6
2020-06-08,Syria,Asia,17500657,36,0.314273915544999,177,0,0.114281423834545,6
2020-06-15,Syria,Asia,17500657,27,0.359986485078817,204,1,0.0571407119172726,7
2020-06-22,Syria,Asia,17500657,52,0.451411624146454,256,2,0.171422135751818,9
2020-06-29,Syria,Asia,17500657,102,0.879966963525998,358,4,0.342844271503636,13
2020-07-06,Syria,Asia,17500657,36,0.788541824458362,394,3,0.399984983420908,16
2020-07-13,Syria,Asia,17500657,102,0.788541824458362,496,9,0.685688543007271,25
2020-07-20,Syria,Asia,17500657,154,1.46280222508218,650,13,1.25709566218,38
2020-07-27,Syria,Asia,17500657,159,1.78850428301063,809,6,1.08567352642818,44
2020-08-03,Syria,Asia,17500657,379,3.07417030114927,1188,8,0.799969966841816,52
2020-08-10,Syria,Asia,17500657,489,4.95981379441926,1677,12,1.14281423834545,64
2020-08-17,Syria,Asia,17500657,466,5.45693798809953,2143,21,1.88564349327,85
2020-08-24,Syria,Asia,17500657,560,5.86263704271217,2703,24,2.57133203627727,109
2020-08-31,Syria,Asia,17500657,468,5.87406518509562,3171,25,2.79989488394636,134
2020-09-07,Syria,Asia,17500657,369,4.78267758747572,3540,21,2.62847274819454,155
2020-09-14,Syria,Asia,17500657,260,3.59415077959645,3800,17,2.17134705285636,172
2020-09-21,Syria,Asia,17500657,272,3.0398858739989,4072,20,2.11420634093909,192
2020-09-28,Syria,Asia,17500657,294,3.23416429451763,4366,13,1.88564349327,205
2020-10-05,Syria,Asia,17500657,307,3.43415678622808,4673,16,1.65708064560091,221
2020-10-12,Syria,Asia,17500657,404,4.06270461731808,5077,27,2.45705061244272,248
2020-10-19,Syria,Asia,17500657,331,4.19984232591954,5408,21,2.74275417202908,269
2020-10-26,Syria,Asia,17500657,381,4.06841868850981,5789,23,2.51419132435999,292
2020-11-02,Syria,Asia,17500657,426,4.6112554517239,6215,25,2.74275417202908,317
2020-11-09,Syria,Asia,17500657,469,5.1140937165959,6684,28,3.02845773161545,345
2020-11-16,Syria,Asia,17500657,541,5.77121190364453,7225,31,3.37130200311908,376
2020-11-23,Syria,Asia,17500657,572,6.35976123639244,7797,37,3.88556841037454,413
2020-11-30,Syria,Asia,17500657,606,6.73117586385471,8403,34,4.05699054612635,447
2020-12-07,Syria,Asia,17500657,763,7.82256346147462,9166,71,5.99977475131362,518
2020-12-14,Syria,Asia,17500657,1029,10.2396155755753,10195,92,9.31393604251543,610
2020-12-21,Syria,Asia,17500657,838,10.6681709149548,11033,68,9.14251390676362,678
2020-12-28,Syria,Asia,17500657,677,8.6568178554668,11710,51,6.79974471815544,729
2021-01-04,Syria,Asia,17500657,654,7.60542875618898,12364,45,5.48550834405817,774
2021-01-11,Syria,Asia,17500657,672,7.57685840023035,13036,58,5.88549332747908,832
2021-01-18,Syria,Asia,17500657,592,7.22258598634326,13628,53,6.34261902281726,885
2021-01-25,Syria,Asia,17500657,420,5.78264004602799,14048,36,5.08552336063726,921
2021-02-01,Syria,Asia,17500657,429,4.85124644177644,14477,31,3.82842769845726,952
2021-02-08,Syria,Asia,17500657,386,4.65696802125772,14863,26,3.25702057928454,978
2021-02-15,Syria,Asia,17500657,254,3.65700556270545,15117,20,2.62847274819454,998
2021-02-22,Syria,Asia,17500657,441,3.97127947825045,15558,29,2.79989488394636,1027
2019-12-30,Taiwan,Asia,23816775,0,NA,0,0,NA,0
2020-01-06,Taiwan,Asia,23816775,0,0,0,0,0,0
2020-01-13,Taiwan,Asia,23816775,0,0,0,0,0,0
2020-01-20,Taiwan,Asia,23816775,5,0.0209936063971717,5,0,0,0
2020-01-27,Taiwan,Asia,23816775,5,0.0419872127943435,10,0,0,0
2020-02-03,Taiwan,Asia,23816775,8,0.0545833766326465,18,0,0,0
2020-02-10,Taiwan,Asia,23816775,2,0.0419872127943435,20,1,0.0419872127943435,1
2020-02-17,Taiwan,Asia,23816775,8,0.0419872127943435,28,0,0.0419872127943435,1
2020-02-24,Taiwan,Asia,23816775,12,0.083974425588687,40,0,0,1
2020-03-02,Taiwan,Asia,23816775,5,0.0713782617503839,45,0,0,1
2020-03-09,Taiwan,Asia,23816775,14,0.0797757043092526,59,0,0,1
2020-03-16,Taiwan,Asia,23816775,106,0.503846553532122,165,1,0.0419872127943435,2
2020-03-23,Taiwan,Asia,23816775,141,1.03708415602028,306,3,0.167948851177374,5
2020-03-30,Taiwan,Asia,23816775,57,0.831346813328001,363,0,0.125961638383031,5
2020-04-06,Taiwan,Asia,23816775,25,0.344295144913617,388,1,0.0419872127943435,6
2020-04-13,Taiwan,Asia,23816775,32,0.239327112927758,420,0,0.0419872127943435,6
2020-04-20,Taiwan,Asia,23816775,9,0.172147572456808,429,0,0,6
2020-04-27,Taiwan,Asia,23816775,7,0.0671795404709496,436,0,0,6
2020-05-04,Taiwan,Asia,23816775,4,0.0461859340737778,440,0,0,6
2020-05-11,Taiwan,Asia,23816775,0,0.0167948851177374,440,1,0.0419872127943435,7
2020-05-18,Taiwan,Asia,23816775,1,0.00419872127943435,441,0,0.0419872127943435,7
2020-05-25,Taiwan,Asia,23816775,1,0.0083974425588687,442,0,0,7
2020-06-01,Taiwan,Asia,23816775,1,0.0083974425588687,443,0,0,7
2020-06-08,Taiwan,Asia,23816775,0,0.00419872127943435,443,0,0,7
2020-06-15,Taiwan,Asia,23816775,3,0.0125961638383031,446,0,0,7
2020-06-22,Taiwan,Asia,23816775,1,0.0167948851177374,447,0,0,7
2020-06-29,Taiwan,Asia,23816775,2,0.0125961638383031,449,0,0,7
2020-07-06,Taiwan,Asia,23816775,2,0.0167948851177374,451,0,0,7
2020-07-13,Taiwan,Asia,23816775,4,0.0251923276766061,455,0,0,7
2020-07-20,Taiwan,Asia,23816775,7,0.0461859340737778,462,0,0,7
2020-07-27,Taiwan,Asia,23816775,13,0.083974425588687,475,0,0,7
2020-08-03,Taiwan,Asia,23816775,5,0.0755769830298183,480,0,0,7
2020-08-10,Taiwan,Asia,23816775,5,0.0419872127943435,485,0,0,7
2020-08-17,Taiwan,Asia,23816775,2,0.0293910489560404,487,0,0,7
2020-08-24,Taiwan,Asia,23816775,1,0.0125961638383031,488,0,0,7
2020-08-31,Taiwan,Asia,23816775,5,0.0251923276766061,493,0,0,7
2020-09-07,Taiwan,Asia,23816775,5,0.0419872127943435,498,0,0,7
2020-09-14,Taiwan,Asia,23816775,11,0.0671795404709496,509,0,0,7
2020-09-21,Taiwan,Asia,23816775,1,0.0503846553532122,510,0,0,7
2020-09-28,Taiwan,Asia,23816775,7,0.0335897702354748,517,0,0,7
2020-10-05,Taiwan,Asia,23816775,10,0.0713782617503839,527,0,0,7
2020-10-12,Taiwan,Asia,23816775,13,0.09657058942699,540,0,0,7
2020-10-19,Taiwan,Asia,23816775,10,0.09657058942699,550,0,0,7
2020-10-26,Taiwan,Asia,23816775,13,0.09657058942699,563,0,0,7
2020-11-02,Taiwan,Asia,23816775,15,0.117564195824162,578,0,0,7
2020-11-09,Taiwan,Asia,23816775,25,0.167948851177374,603,0,0,7
2020-11-16,Taiwan,Asia,23816775,15,0.167948851177374,618,0,0,7
2020-11-23,Taiwan,Asia,23816775,57,0.302307932119273,675,0,0,7
2020-11-30,Taiwan,Asia,23816775,41,0.411474685384566,716,0,0,7
2020-12-07,Taiwan,Asia,23816775,24,0.272916883163233,740,0,0,7
2020-12-14,Taiwan,Asia,23816775,26,0.209936063971717,766,0,0,7
2020-12-21,Taiwan,Asia,23816775,27,0.222532227810021,793,0,0,7
2020-12-28,Taiwan,Asia,23816775,22,0.205737342692283,815,0,0,7
2021-01-04,Taiwan,Asia,23816775,19,0.172147572456808,834,0,0,7
2021-01-11,Taiwan,Asia,23816775,28,0.197339900133414,862,0,0,7
2021-01-18,Taiwan,Asia,23816775,27,0.230929670368889,889,0,0,7
2021-01-25,Taiwan,Asia,23816775,23,0.209936063971717,912,1,0.0419872127943435,8
2021-02-01,Taiwan,Asia,23816775,16,0.16375012989794,928,1,0.083974425588687,9
2021-02-08,Taiwan,Asia,23816775,9,0.104968031985859,937,0,0.0419872127943435,9
2021-02-15,Taiwan,Asia,23816775,5,0.0587820979120809,942,0,0,9
2021-02-22,Taiwan,Asia,23816775,13,0.0755769830298183,955,0,0,9
2020-04-27,Tajikistan,Asia,9537642,76,NA,76,2,NA,2
2020-05-04,Tajikistan,Asia,9537642,536,6.41668034929388,612,18,2.09695436251434,20
2020-05-11,Tajikistan,Asia,9537642,912,15.1819495846038,1524,19,3.87936557065153,39
2020-05-18,Tajikistan,Asia,9537642,1214,22.2906248735274,2738,5,2.51634523501721,44
2020-05-25,Tajikistan,Asia,9537642,1069,23.9367340481012,3807,3,0.838781745005736,47
2020-06-01,Tajikistan,Asia,9537642,722,18.7782263163159,4529,1,0.419390872502868,48
2020-06-08,Tajikistan,Asia,9537642,506,12.8752997858381,5035,2,0.314543154377151,50
2020-06-15,Tajikistan,Asia,9537642,422,9.72986824206654,5457,2,0.419390872502868,52
2020-06-22,Tajikistan,Asia,9537642,392,8.53460425543337,5849,0,0.209695436251434,52
2020-06-29,Tajikistan,Asia,9537642,364,7.92648749030421,6213,1,0.104847718125717,53
2020-07-06,Tajikistan,Asia,9537642,339,7.37079458423791,6552,2,0.314543154377151,55
2020-07-13,Tajikistan,Asia,9537642,326,6.97237325536018,6878,2,0.419390872502868,57
2020-07-20,Tajikistan,Asia,9537642,314,6.71025396004589,7192,2,0.419390872502868,59
2020-07-27,Tajikistan,Asia,9537642,303,6.46910420835674,7495,2,0.419390872502868,61
2020-08-03,Tajikistan,Asia,9537642,250,5.79807881235215,7745,1,0.314543154377151,62
2020-08-10,Tajikistan,Asia,9537642,320,5.97631993316587,8065,2,0.314543154377151,64
2020-08-17,Tajikistan,Asia,9537642,246,5.93438084591558,8311,2,0.419390872502868,66
2020-08-24,Tajikistan,Asia,9537642,239,5.08511432909728,8550,2,0.419390872502868,68
2020-08-31,Tajikistan,Asia,9537642,242,5.04317524184699,8792,2,0.419390872502868,70
2020-09-07,Tajikistan,Asia,9537642,257,5.23190113447328,9049,2,0.419390872502868,72
2020-09-14,Tajikistan,Asia,9537642,297,5.80856358416472,9346,1,0.314543154377151,73
2020-09-21,Tajikistan,Asia,9537642,300,6.25940877210531,9646,2,0.314543154377151,75
2020-09-28,Tajikistan,Asia,9537642,289,6.17553059760473,9935,3,0.524238590628585,78
2020-10-05,Tajikistan,Asia,9537642,287,6.0392285640413,10222,1,0.419390872502868,79
2020-10-12,Tajikistan,Asia,9537642,271,5.85050267141501,10493,1,0.209695436251434,80
2020-10-19,Tajikistan,Asia,9537642,283,5.80856358416472,10776,1,0.209695436251434,81
2020-10-26,Tajikistan,Asia,9537642,278,5.88195698685273,11054,1,0.209695436251434,82
2020-11-02,Tajikistan,Asia,9537642,282,5.87147221504015,11336,1,0.209695436251434,83
2020-11-09,Tajikistan,Asia,9537642,274,5.82953312778987,11610,2,0.314543154377151,85
2020-11-16,Tajikistan,Asia,9537642,284,5.85050267141501,11894,1,0.314543154377151,86
2020-11-23,Tajikistan,Asia,9537642,261,5.71420063785158,12155,0,0.104847718125717,86
2020-11-30,Tajikistan,Asia,9537642,273,5.59886814791329,12428,1,0.104847718125717,87
2020-12-07,Tajikistan,Asia,9537642,276,5.75613972510187,12704,1,0.209695436251434,88
2020-12-14,Tajikistan,Asia,9537642,256,5.57789860428815,12960,1,0.209695436251434,89
2020-12-21,Tajikistan,Asia,9537642,277,5.58838337610072,13237,1,0.209695436251434,90
2020-12-28,Tajikistan,Asia,9537642,63,3.56482241627438,13300,0,0.104847718125717,90
2021-01-04,Tajikistan,Asia,9537642,8,0.744418798692591,13308,0,0,90
2021-01-11,Tajikistan,Asia,9537642,0,0.0838781745005736,13308,0,0,90
2021-01-18,Tajikistan,Asia,9537642,0,0,13308,0,0,90
2021-01-25,Tajikistan,Asia,9537642,0,0,13308,0,0,90
2021-02-01,Tajikistan,Asia,9537642,0,0,13308,0,0,90
2021-02-08,Tajikistan,Asia,9537642,0,0,13308,0,0,90
2021-02-15,Tajikistan,Asia,9537642,0,0,13308,0,0,90
2021-02-22,Tajikistan,Asia,9537642,0,0,13308,0,0,90
2020-03-16,Tanzania,Africa,59734213,12,NA,12,0,NA,0
2020-03-23,Tanzania,Africa,59734213,2,0.0234371548512743,14,1,0.0167408248937673,1
2020-03-30,Tanzania,Africa,59734213,8,0.0167408248937673,22,0,0.0167408248937673,1
2020-04-06,Tanzania,Africa,59734213,10,0.0301334848087812,32,2,0.0334816497875347,3
2020-04-13,Tanzania,Africa,59734213,138,0.247764208427757,170,2,0.0669632995750693,5
2020-04-20,Tanzania,Africa,59734213,130,0.448654107152964,300,5,0.117185774256371,10
2020-04-27,Tanzania,Africa,59734213,180,0.518965571706787,480,6,0.184149073831441,16
2020-05-04,Tanzania,Africa,59734213,29,0.349883240279737,509,5,0.184149073831441,21
2020-05-11,Tanzania,Africa,59734213,0,0.0485483921919253,509,0,0.0837041244688366,21
2020-05-18,Tanzania,Africa,59734213,0,0,509,0,0,21
2020-05-25,Tanzania,Africa,59734213,0,0,509,0,0,21
2020-06-01,Tanzania,Africa,59734213,0,0,509,0,0,21
2020-06-08,Tanzania,Africa,59734213,0,0,509,0,0,21
2020-06-15,Tanzania,Africa,59734213,0,0,509,0,0,21
2020-06-22,Tanzania,Africa,59734213,0,0,509,0,0,21
2020-06-29,Tanzania,Africa,59734213,0,0,509,0,0,21
2020-07-06,Tanzania,Africa,59734213,0,0,509,0,0,21
2020-07-13,Tanzania,Africa,59734213,0,0,509,0,0,21
2020-07-20,Tanzania,Africa,59734213,0,0,509,0,0,21
2020-07-27,Tanzania,Africa,59734213,0,0,509,0,0,21
2020-08-03,Tanzania,Africa,59734213,0,0,509,0,0,21
2020-08-10,Tanzania,Africa,59734213,0,0,509,0,0,21
2020-08-17,Tanzania,Africa,59734213,0,0,509,0,0,21
2020-08-24,Tanzania,Africa,59734213,0,0,509,0,0,21
2020-08-31,Tanzania,Africa,59734213,0,0,509,0,0,21
2020-09-07,Tanzania,Africa,59734213,0,0,509,0,0,21
2020-09-14,Tanzania,Africa,59734213,0,0,509,0,0,21
2020-09-21,Tanzania,Africa,59734213,0,0,509,0,0,21
2020-09-28,Tanzania,Africa,59734213,0,0,509,0,0,21
2020-10-05,Tanzania,Africa,59734213,0,0,509,0,0,21
2020-10-12,Tanzania,Africa,59734213,0,0,509,0,0,21
2020-10-19,Tanzania,Africa,59734213,0,0,509,0,0,21
2020-10-26,Tanzania,Africa,59734213,0,0,509,0,0,21
2020-11-02,Tanzania,Africa,59734213,0,0,509,0,0,21
2020-11-09,Tanzania,Africa,59734213,0,0,509,0,0,21
2020-11-16,Tanzania,Africa,59734213,0,0,509,0,0,21
2020-11-23,Tanzania,Africa,59734213,0,0,509,0,0,21
2020-11-30,Tanzania,Africa,59734213,0,0,509,0,0,21
2020-12-07,Tanzania,Africa,59734213,0,0,509,0,0,21
2020-12-14,Tanzania,Africa,59734213,0,0,509,0,0,21
2020-12-21,Tanzania,Africa,59734213,0,0,509,0,0,21
2020-12-28,Tanzania,Africa,59734213,0,0,509,0,0,21
2021-01-04,Tanzania,Africa,59734213,0,0,509,0,0,21
2021-01-11,Tanzania,Africa,59734213,0,0,509,0,0,21
2021-01-18,Tanzania,Africa,59734213,0,0,509,0,0,21
2021-01-25,Tanzania,Africa,59734213,0,0,509,0,0,21
2021-02-01,Tanzania,Africa,59734213,0,0,509,0,0,21
2021-02-08,Tanzania,Africa,59734213,0,0,509,0,0,21
2021-02-15,Tanzania,Africa,59734213,0,0,509,0,0,21
2021-02-22,Tanzania,Africa,59734213,0,0,509,0,0,21
2019-12-30,Thailand,Asia,69799978,0,NA,0,0,NA,0
2020-01-06,Thailand,Asia,69799978,1,0.00143266520800336,1,0,0,0
2020-01-13,Thailand,Asia,69799978,1,0.00286533041600672,2,0,0,0
2020-01-20,Thailand,Asia,69799978,6,0.0100286564560235,8,0,0,0
2020-01-27,Thailand,Asia,69799978,11,0.0243553085360571,19,0,0,0
2020-02-03,Thailand,Asia,69799978,13,0.0343839649920807,32,0,0,0
2020-02-10,Thailand,Asia,69799978,2,0.0214899781200504,34,0,0,0
2020-02-17,Thailand,Asia,69799978,1,0.00429799562401008,35,0,0,0
2020-02-24,Thailand,Asia,69799978,8,0.0128939868720303,43,1,0.0143266520800336,1
2020-03-02,Thailand,Asia,69799978,7,0.0214899781200504,50,0,0.0143266520800336,1
2020-03-09,Thailand,Asia,69799978,64,0.101719229768239,114,0,0,1
2020-03-16,Thailand,Asia,69799978,607,0.961318354570255,721,0,0,1
2020-03-23,Thailand,Asia,69799978,667,1.82521547499628,1388,6,0.0859599124802016,7
2020-03-30,Thailand,Asia,69799978,832,2.14756514679704,2220,19,0.35816630200084,26
2020-04-06,Thailand,Asia,69799978,359,1.706304262732,2579,14,0.472779518641109,40
2020-04-13,Thailand,Asia,69799978,186,0.780802538361832,2765,7,0.300859693680706,47
2020-04-20,Thailand,Asia,69799978,157,0.491404166345153,2922,4,0.15759317288037,51
2020-04-27,Thailand,Asia,69799978,47,0.292263702432686,2969,3,0.100286564560235,54
2020-05-04,Thailand,Asia,69799978,46,0.133237864344313,3015,2,0.071633260400168,56
2020-05-11,Thailand,Asia,69799978,13,0.0845272472721983,3028,0,0.0286533041600672,56
2020-05-18,Thailand,Asia,69799978,14,0.0386819606160907,3042,1,0.0143266520800336,57
2020-05-25,Thailand,Asia,69799978,39,0.0759312560241781,3081,0,0.0143266520800336,57
2020-06-01,Thailand,Asia,69799978,38,0.110315221016259,3119,1,0.0143266520800336,58
2020-06-08,Thailand,Asia,69799978,16,0.0773639212321815,3135,0,0.0143266520800336,58
2020-06-15,Thailand,Asia,69799978,13,0.0415472910320975,3148,0,0,58
2020-06-22,Thailand,Asia,69799978,14,0.0386819606160907,3162,0,0,58
2020-06-29,Thailand,Asia,69799978,33,0.067335264776158,3195,0,0,58
2020-07-06,Thailand,Asia,69799978,25,0.0830945820641949,3220,0,0,58
2020-07-13,Thailand,Asia,69799978,30,0.0787965864401848,3250,0,0,58
2020-07-20,Thailand,Asia,69799978,45,0.107449890600252,3295,0,0,58
2020-07-27,Thailand,Asia,69799978,25,0.100286564560235,3320,0,0,58
2020-08-03,Thailand,Asia,69799978,31,0.0802292516481882,3351,0,0,58
2020-08-10,Thailand,Asia,69799978,27,0.0830945820641949,3378,0,0,58
2020-08-17,Thailand,Asia,69799978,19,0.0659025995681546,3397,0,0,58
2020-08-24,Thailand,Asia,69799978,15,0.0487106170721143,3412,0,0,58
2020-08-31,Thailand,Asia,69799978,33,0.0687679299841613,3445,0,0,58
2020-09-07,Thailand,Asia,69799978,30,0.0902579081042117,3475,0,0,58
2020-09-14,Thailand,Asia,69799978,31,0.087392577688205,3506,1,0.0143266520800336,59
2020-09-21,Thailand,Asia,69799978,39,0.100286564560235,3545,0,0.0143266520800336,59
2020-09-28,Thailand,Asia,69799978,45,0.120343877472282,3590,0,0,59
2020-10-05,Thailand,Asia,69799978,51,0.137535859968323,3641,0,0,59
2020-10-12,Thailand,Asia,69799978,50,0.144699186008339,3691,0,0,59
2020-10-19,Thailand,Asia,69799978,52,0.146131851216343,3743,0,0,59
2020-10-26,Thailand,Asia,69799978,44,0.137535859968323,3787,0,0,59
2020-11-02,Thailand,Asia,69799978,53,0.138968525176326,3840,1,0.0143266520800336,60
2020-11-09,Thailand,Asia,69799978,35,0.126074538304296,3875,0,0.0143266520800336,60
2020-11-16,Thailand,Asia,69799978,38,0.104584560184245,3913,0,0,60
2020-11-23,Thailand,Asia,69799978,64,0.146131851216343,3977,0,0,60
2020-11-30,Thailand,Asia,69799978,130,0.277937050352652,4107,0,0,60
2020-12-07,Thailand,Asia,69799978,130,0.372492954080874,4237,0,0,60
2020-12-14,Thailand,Asia,69799978,670,1.14613216640269,4907,0,0,60
2020-12-21,Thailand,Asia,69799978,1378,2.93409834599088,6285,0,0,60
2020-12-28,Thailand,Asia,69799978,2154,5.06017351466787,8439,5,0.071633260400168,65
2021-01-04,Thailand,Asia,69799978,2108,6.10601911651032,10547,2,0.100286564560235,67
2021-01-11,Thailand,Asia,69799978,1876,5.70773818868539,12423,3,0.071633260400168,70
2021-01-18,Thailand,Asia,69799978,1264,4.49856875313055,13687,5,0.114613216640269,75
2021-01-25,Thailand,Asia,69799978,5931,10.3080261715842,19618,2,0.100286564560235,77
2021-02-01,Thailand,Asia,69799978,3939,14.1404056029932,23557,2,0.0573066083201344,79
2021-02-08,Thailand,Asia,69799978,1157,7.30086189998513,24714,3,0.071633260400168,82
2021-02-15,Thailand,Asia,69799978,790,2.78939915998254,25504,1,0.0573066083201344,83
2021-02-22,Thailand,Asia,69799978,527,1.88682007894043,26031,0,0.0143266520800336,83
2020-03-16,The Gambia,Africa,2416664,1,NA,1,0,NA,0
2020-03-23,The Gambia,Africa,2416664,2,0.12413806801442,3,1,0.413793560048066,1
2020-03-30,The Gambia,Africa,2416664,1,0.12413806801442,4,0,0.413793560048066,1
2020-04-06,The Gambia,Africa,2416664,5,0.24827613602884,9,0,0,1
2020-04-13,The Gambia,Africa,2416664,1,0.24827613602884,10,0,0,1
2020-04-20,The Gambia,Africa,2416664,0,0.0413793560048066,10,0,0,1
2020-04-27,The Gambia,Africa,2416664,7,0.289655492033646,17,0,0,1
2020-05-04,The Gambia,Africa,2416664,3,0.413793560048066,20,0,0,1
2020-05-11,The Gambia,Africa,2416664,3,0.24827613602884,23,0,0,1
2020-05-18,The Gambia,Africa,2416664,2,0.206896780024033,25,0,0,1
2020-05-25,The Gambia,Africa,2416664,0,0.0827587120096133,25,0,0,1
2020-06-01,The Gambia,Africa,2416664,1,0.0413793560048066,26,0,0,1
2020-06-08,The Gambia,Africa,2416664,2,0.12413806801442,28,0,0,1
2020-06-15,The Gambia,Africa,2416664,9,0.455172916052873,37,1,0.413793560048066,2
2020-06-22,The Gambia,Africa,2416664,8,0.703449052081713,45,0,0.413793560048066,2
2020-06-29,The Gambia,Africa,2416664,12,0.827587120096133,57,0,0,2
2020-07-06,The Gambia,Africa,2416664,7,0.786207764091326,64,1,0.413793560048066,3
2020-07-13,The Gambia,Africa,2416664,29,1.48965681617304,93,1,0.827587120096133,4
2020-07-20,The Gambia,Africa,2416664,184,8.81380282902381,277,2,1.2413806801442,6
2020-07-27,The Gambia,Africa,2416664,221,16.758639181946702,498,3,2.06896780024033,9
2020-08-03,The Gambia,Africa,2416664,737,39.6414230526048,1235,14,7.03449052081713,23
2020-08-10,The Gambia,Africa,2416664,637,56.8552351506043,1872,40,22.3448522425956,63
2020-08-17,The Gambia,Africa,2416664,565,49.7379859177776,2437,21,25.241407162932,84
2020-08-24,The Gambia,Africa,2416664,526,45.144877401244,2963,12,13.6551874815862,96
2020-08-31,The Gambia,Africa,2416664,234,31.448310563653,3197,3,6.20690340072099,99
2020-09-07,The Gambia,Africa,2416664,208,18.2896753541245,3405,4,2.89655492033646,103
2020-09-14,The Gambia,Africa,2416664,121,13.6138081255814,3526,5,3.7241420404326,108
2020-09-21,The Gambia,Africa,2416664,43,6.78621438478829,3569,3,3.31034848038453,111
2020-09-28,The Gambia,Africa,2416664,25,2.81379620832685,3594,4,2.89655492033646,115
2020-10-05,The Gambia,Africa,2416664,38,2.60689942830282,3632,2,2.4827613602884,117
2020-10-12,The Gambia,Africa,2416664,17,2.27586458026436,3649,1,1.2413806801442,118
2020-10-19,The Gambia,Africa,2416664,11,1.15862196813459,3660,1,0.827587120096133,119
2020-10-26,The Gambia,Africa,2416664,12,0.951725188110552,3672,0,0.413793560048066,119
2020-11-02,The Gambia,Africa,2416664,12,0.993104544115359,3684,2,0.827587120096133,121
2020-11-09,The Gambia,Africa,2416664,18,1.2413806801442,3702,1,1.2413806801442,122
2020-11-16,The Gambia,Africa,2416664,24,1.73793295220188,3726,1,0.827587120096133,123
2020-11-23,The Gambia,Africa,2416664,8,1.32413939215381,3734,0,0.413793560048066,123
2020-11-30,The Gambia,Africa,2416664,36,1.82069166421149,3770,0,0,123
2020-12-07,The Gambia,Africa,2416664,12,1.98620908823072,3782,0,0,123
2020-12-14,The Gambia,Africa,2416664,7,0.786207764091326,3789,0,0,123
2020-12-21,The Gambia,Africa,2416664,8,0.6206903400721,3797,0,0,123
2020-12-28,The Gambia,Africa,2416664,9,0.703449052081713,3806,2,0.827587120096133,125
2021-01-04,The Gambia,Africa,2416664,70,3.26896912437972,3876,0,0.827587120096133,125
2021-01-11,The Gambia,Africa,2416664,34,4.30345302449989,3910,2,0.827587120096133,127
2021-01-18,The Gambia,Africa,2416664,98,5.46207499263447,4008,1,1.2413806801442,128
2021-01-25,The Gambia,Africa,2416664,131,9.47587252510072,4139,3,1.65517424019227,131
2021-02-01,The Gambia,Africa,2416664,98,9.47587252510072,4237,3,2.4827613602884,134
2021-02-08,The Gambia,Africa,2416664,177,11.3793229013218,4414,4,2.89655492033646,138
2021-02-15,The Gambia,Africa,2416664,198,15.5172585018025,4612,8,4.9655227205768,146
2021-02-22,The Gambia,Africa,2416664,100,12.3310480894324,4712,4,4.9655227205768,150
2020-03-09,the Holy See/ Vatican City State,Europe,809,1,NA,1,0,NA,0
2020-03-16,the Holy See/ Vatican City State,Europe,809,0,123.609394313968,1,0,0,0
2020-03-23,the Holy See/ Vatican City State,Europe,809,5,618.046971569839,6,0,0,0
2020-03-30,the Holy See/ Vatican City State,Europe,809,1,741.656365883807,7,0,0,0
2020-04-06,the Holy See/ Vatican City State,Europe,809,1,247.218788627936,8,0,0,0
2020-04-13,the Holy See/ Vatican City State,Europe,809,0,123.609394313968,8,0,0,0
2020-04-20,the Holy See/ Vatican City State,Europe,809,1,123.609394313968,9,0,0,0
2020-04-27,the Holy See/ Vatican City State,Europe,809,2,370.828182941904,11,0,0,0
2020-05-04,the Holy See/ Vatican City State,Europe,809,1,370.828182941904,12,0,0,0
2020-05-11,the Holy See/ Vatican City State,Europe,809,0,123.609394313968,12,0,0,0
2020-05-18,the Holy See/ Vatican City State,Europe,809,0,0,12,0,0,0
2020-05-25,the Holy See/ Vatican City State,Europe,809,0,0,12,0,0,0
2020-06-01,the Holy See/ Vatican City State,Europe,809,0,0,12,0,0,0
2020-06-08,the Holy See/ Vatican City State,Europe,809,0,0,12,0,0,0
2020-06-15,the Holy See/ Vatican City State,Europe,809,0,0,12,0,0,0
2020-06-22,the Holy See/ Vatican City State,Europe,809,0,0,12,0,0,0
2020-06-29,the Holy See/ Vatican City State,Europe,809,0,0,12,0,0,0
2020-07-06,the Holy See/ Vatican City State,Europe,809,0,0,12,0,0,0
2020-07-13,the Holy See/ Vatican City State,Europe,809,0,0,12,0,0,0
2020-07-20,the Holy See/ Vatican City State,Europe,809,0,0,12,0,0,0
2020-07-27,the Holy See/ Vatican City State,Europe,809,0,0,12,0,0,0
2020-08-03,the Holy See/ Vatican City State,Europe,809,0,0,12,0,0,0
2020-08-10,the Holy See/ Vatican City State,Europe,809,0,0,12,0,0,0
2020-08-17,the Holy See/ Vatican City State,Europe,809,0,0,12,0,0,0
2020-08-24,the Holy See/ Vatican City State,Europe,809,0,0,12,0,0,0
2020-08-31,the Holy See/ Vatican City State,Europe,809,0,0,12,0,0,0
2020-09-07,the Holy See/ Vatican City State,Europe,809,0,0,12,0,0,0
2020-09-14,the Holy See/ Vatican City State,Europe,809,0,0,12,0,0,0
2020-09-21,the Holy See/ Vatican City State,Europe,809,0,0,12,0,0,0
2020-09-28,the Holy See/ Vatican City State,Europe,809,0,0,12,0,0,0
2020-10-05,the Holy See/ Vatican City State,Europe,809,0,0,12,0,0,0
2020-10-12,the Holy See/ Vatican City State,Europe,809,14,1730.53152039555,26,0,0,0
2020-10-19,the Holy See/ Vatican City State,Europe,809,0,1730.53152039555,26,0,0,0
2020-10-26,the Holy See/ Vatican City State,Europe,809,0,0,26,0,0,0
2020-11-02,the Holy See/ Vatican City State,Europe,809,0,0,26,0,0,0
2020-11-09,the Holy See/ Vatican City State,Europe,809,0,0,26,0,0,0
2020-11-16,the Holy See/ Vatican City State,Europe,809,0,0,26,0,0,0
2020-11-23,the Holy See/ Vatican City State,Europe,809,0,0,26,0,0,0
2020-11-30,the Holy See/ Vatican City State,Europe,809,0,0,26,0,0,0
2020-12-07,the Holy See/ Vatican City State,Europe,809,0,0,26,0,0,0
2020-12-14,the Holy See/ Vatican City State,Europe,809,0,0,26,0,0,0
2020-12-21,the Holy See/ Vatican City State,Europe,809,0,0,26,0,0,0
2020-12-28,the Holy See/ Vatican City State,Europe,809,0,0,26,0,0,0
2021-01-04,the Holy See/ Vatican City State,Europe,809,0,0,26,0,0,0
2021-01-11,the Holy See/ Vatican City State,Europe,809,0,0,26,0,0,0
2021-01-18,the Holy See/ Vatican City State,Europe,809,0,0,26,0,0,0
2021-01-25,the Holy See/ Vatican City State,Europe,809,0,0,26,0,0,0
2021-02-01,the Holy See/ Vatican City State,Europe,809,0,0,26,0,0,0
2021-02-08,the Holy See/ Vatican City State,Europe,809,0,0,26,0,0,0
2021-02-15,the Holy See/ Vatican City State,Europe,809,0,0,26,0,0,0
2021-02-22,the Holy See/ Vatican City State,Europe,809,0,0,26,0,0,0
2020-03-16,Timor-Leste,Asia,1318442,1,NA,1,0,NA,0
2020-03-23,Timor-Leste,Asia,1318442,0,0.0758470983175597,1,0,0,0
2020-03-30,Timor-Leste,Asia,1318442,0,0,1,0,0,0
2020-04-06,Timor-Leste,Asia,1318442,1,0.0758470983175597,2,0,0,0
2020-04-13,Timor-Leste,Asia,1318442,17,1.36524776971607,19,0,0,0
2020-04-20,Timor-Leste,Asia,1318442,5,1.66863616298631,24,0,0,0
2020-04-27,Timor-Leste,Asia,1318442,0,0.379235491587798,24,0,0,0
2020-05-04,Timor-Leste,Asia,1318442,0,0,24,0,0,0
2020-05-11,Timor-Leste,Asia,1318442,0,0,24,0,0,0
2020-05-18,Timor-Leste,Asia,1318442,0,0,24,0,0,0
2020-05-25,Timor-Leste,Asia,1318442,0,0,24,0,0,0
2020-06-01,Timor-Leste,Asia,1318442,0,0,24,0,0,0
2020-06-08,Timor-Leste,Asia,1318442,0,0,24,0,0,0
2020-06-15,Timor-Leste,Asia,1318442,0,0,24,0,0,0
2020-06-22,Timor-Leste,Asia,1318442,0,0,24,0,0,0
2020-06-29,Timor-Leste,Asia,1318442,0,0,24,0,0,0
2020-07-06,Timor-Leste,Asia,1318442,0,0,24,0,0,0
2020-07-13,Timor-Leste,Asia,1318442,0,0,24,0,0,0
2020-07-20,Timor-Leste,Asia,1318442,0,0,24,0,0,0
2020-07-27,Timor-Leste,Asia,1318442,0,0,24,0,0,0
2020-08-03,Timor-Leste,Asia,1318442,1,0.0758470983175597,25,0,0,0
2020-08-10,Timor-Leste,Asia,1318442,0,0.0758470983175597,25,0,0,0
2020-08-17,Timor-Leste,Asia,1318442,1,0.0758470983175597,26,0,0,0
2020-08-24,Timor-Leste,Asia,1318442,1,0.151694196635119,27,0,0,0
2020-08-31,Timor-Leste,Asia,1318442,0,0.0758470983175597,27,0,0,0
2020-09-07,Timor-Leste,Asia,1318442,0,0,27,0,0,0
2020-09-14,Timor-Leste,Asia,1318442,0,0,27,0,0,0
2020-09-21,Timor-Leste,Asia,1318442,0,0,27,0,0,0
2020-09-28,Timor-Leste,Asia,1318442,1,0.0758470983175597,28,0,0,0
2020-10-05,Timor-Leste,Asia,1318442,0,0.0758470983175597,28,0,0,0
2020-10-12,Timor-Leste,Asia,1318442,1,0.0758470983175597,29,0,0,0
2020-10-19,Timor-Leste,Asia,1318442,0,0.0758470983175597,29,0,0,0
2020-10-26,Timor-Leste,Asia,1318442,1,0.0758470983175597,30,0,0,0
2020-11-02,Timor-Leste,Asia,1318442,0,0.0758470983175597,30,0,0,0
2020-11-09,Timor-Leste,Asia,1318442,0,0,30,0,0,0
2020-11-16,Timor-Leste,Asia,1318442,0,0,30,0,0,0
2020-11-23,Timor-Leste,Asia,1318442,0,0,30,0,0,0
2020-11-30,Timor-Leste,Asia,1318442,1,0.0758470983175597,31,0,0,0
2020-12-07,Timor-Leste,Asia,1318442,0,0.0758470983175597,31,0,0,0
2020-12-14,Timor-Leste,Asia,1318442,0,0,31,0,0,0
2020-12-21,Timor-Leste,Asia,1318442,10,0.758470983175597,41,0,0,0
2020-12-28,Timor-Leste,Asia,1318442,3,0.986012278128276,44,0,0,0
2021-01-04,Timor-Leste,Asia,1318442,5,0.606776786540477,49,0,0,0
2021-01-11,Timor-Leste,Asia,1318442,3,0.606776786540477,52,0,0,0
2021-01-18,Timor-Leste,Asia,1318442,15,1.36524776971607,67,0,0,0
2021-01-25,Timor-Leste,Asia,1318442,3,1.36524776971607,70,0,0,0
2021-02-01,Timor-Leste,Asia,1318442,10,0.986012278128276,80,0,0,0
2021-02-08,Timor-Leste,Asia,1318442,22,2.42710714616191,102,0,0,0
2021-02-15,Timor-Leste,Asia,1318442,1,1.74448326130387,103,0,0,0
2021-02-22,Timor-Leste,Asia,1318442,10,0.834318081493156,113,0,0,0
2020-03-09,Togo,Africa,8278737,1,NA,1,0,NA,0
2020-03-16,Togo,Africa,8278737,14,0.18118705788093,15,0,0,0
2020-03-23,Togo,Africa,8278737,15,0.350294978569799,30,1,0.12079137192062,1
2020-03-30,Togo,Africa,8278737,14,0.350294978569799,44,2,0.362374115761861,3
2020-04-06,Togo,Africa,8278737,32,0.555640310834853,76,0,0.241582743841241,3
2020-04-13,Togo,Africa,8278737,8,0.483165487682481,84,2,0.241582743841241,5
2020-04-20,Togo,Africa,8278737,14,0.265741018225365,98,1,0.362374115761861,6
2020-04-27,Togo,Africa,8278737,26,0.483165487682481,124,3,0.483165487682481,9
2020-05-04,Togo,Africa,8278737,50,0.918014426596714,174,2,0.603956859603101,11
2020-05-11,Togo,Africa,8278737,127,2.13800728299498,301,0,0.241582743841241,11
2020-05-18,Togo,Africa,8278737,80,2.50038139875684,381,1,0.12079137192062,12
2020-05-25,Togo,Africa,8278737,61,1.70315834408075,442,1,0.241582743841241,13
2020-06-01,Togo,Africa,8278737,53,1.37702163989507,495,0,0.12079137192062,13
2020-06-08,Togo,Africa,8278737,36,1.07504321009352,531,0,0,13
2020-06-15,Togo,Africa,8278737,38,0.89385615221259,569,0,0,13
2020-06-22,Togo,Africa,8278737,73,1.34078422831889,642,1,0.12079137192062,14
2020-06-29,Togo,Africa,8278737,38,1.34078422831889,680,1,0.241582743841241,15
2020-07-06,Togo,Africa,8278737,40,0.942172700980838,720,0,0.12079137192062,15
2020-07-13,Togo,Africa,8278737,54,1.13543889605383,774,0,0,15
2020-07-20,Togo,Africa,8278737,94,1.78771230442518,868,3,0.362374115761861,18
2020-07-27,Togo,Africa,8278737,93,2.2587986549156,961,1,0.483165487682481,19
2020-08-03,Togo,Africa,8278737,99,2.31919434087591,1060,4,0.603956859603101,23
2020-08-10,Togo,Africa,8278737,87,2.24671951772354,1147,4,0.966330975364962,27
2020-08-17,Togo,Africa,8278737,130,2.62117277067746,1277,0,0.483165487682481,27
2020-08-24,Togo,Africa,8278737,119,3.00770516082344,1396,0,0,27
2020-08-31,Togo,Africa,8278737,92,2.54869794752509,1488,5,0.603956859603101,32
2020-09-07,Togo,Africa,8278737,84,2.12592814580292,1572,5,1.2079137192062,37
2020-09-14,Togo,Africa,8278737,94,2.15008642018704,1666,4,1.08712234728558,41
2020-09-21,Togo,Africa,8278737,77,2.06553245984261,1743,5,1.08712234728558,46
2020-09-28,Togo,Africa,8278737,111,2.27087779210766,1854,2,0.845539603444342,48
2020-10-05,Togo,Africa,8278737,86,2.37959002683622,1940,1,0.362374115761861,49
2020-10-12,Togo,Africa,8278737,117,2.45206484998859,2057,2,0.362374115761861,51
2020-10-19,Togo,Africa,8278737,143,3.14057566993613,2200,1,0.362374115761861,52
2020-10-26,Togo,Africa,8278737,157,3.62374115761861,2357,5,0.724748231523722,57
2020-11-02,Togo,Africa,8278737,159,3.8170073526916,2516,0,0.603956859603101,57
2020-11-09,Togo,Africa,8278737,159,3.84116562707572,2675,4,0.483165487682481,61
2020-11-16,Togo,Africa,8278737,168,3.94987786180428,2843,3,0.845539603444342,64
2020-11-23,Togo,Africa,8278737,119,3.4667123741218,2962,0,0.362374115761861,64
2020-11-30,Togo,Africa,8278737,133,3.04394257239963,3095,1,0.12079137192062,65
2020-12-07,Togo,Africa,8278737,156,3.49087064850593,3251,1,0.241582743841241,66
2020-12-14,Togo,Africa,8278737,165,3.87740303865191,3416,0,0.12079137192062,66
2020-12-21,Togo,Africa,8278737,160,3.92571958742016,3576,2,0.241582743841241,68
2020-12-28,Togo,Africa,8278737,126,3.45463323692974,3702,0,0.241582743841241,68
2021-01-04,Togo,Africa,8278737,255,4.60215127017563,3957,4,0.483165487682481,72
2021-01-11,Togo,Africa,8278737,345,7.24748231523722,4302,1,0.603956859603101,73
2021-01-18,Togo,Africa,8278737,360,8.51579172040373,4662,3,0.483165487682481,76
2021-01-25,Togo,Africa,8278737,430,9.542518381729,5092,3,0.724748231523722,79
2021-02-01,Togo,Africa,8278737,391,9.91697163468292,5483,1,0.483165487682481,80
2021-02-08,Togo,Africa,8278737,391,9.44588528419251,5874,1,0.241582743841241,81
2021-02-15,Togo,Africa,8278737,592,11.873791859797,6466,0,0.12079137192062,81
2021-02-22,Togo,Africa,8278737,435,12.4052738962477,6901,3,0.362374115761861,84
2020-03-09,Trinidad and Tobago,America,1399491,4,NA,4,0,NA,0
2020-03-16,Trinidad and Tobago,America,1399491,46,3.5727275130744,50,0,0,0
2020-03-23,Trinidad and Tobago,America,1399491,28,5.28763671935011,78,3,2.14363650784464,3
2020-03-30,Trinidad and Tobago,America,1399491,26,3.85854571412035,104,4,5.00181851830416,7
2020-04-06,Trinidad and Tobago,America,1399491,9,2.50090925915208,113,1,3.5727275130744,8
2020-04-13,Trinidad and Tobago,America,1399491,1,0.714545502614879,114,0,0.714545502614879,8
2020-04-20,Trinidad and Tobago,America,1399491,2,0.214363650784464,116,0,0,8
2020-04-27,Trinidad and Tobago,America,1399491,0,0.142909100522976,116,0,0,8
2020-05-04,Trinidad and Tobago,America,1399491,0,0,116,0,0,8
2020-05-11,Trinidad and Tobago,America,1399491,0,0,116,0,0,8
2020-05-18,Trinidad and Tobago,America,1399491,0,0,116,0,0,8
2020-05-25,Trinidad and Tobago,America,1399491,1,0.0714545502614879,117,0,0,8
2020-06-01,Trinidad and Tobago,America,1399491,0,0.0714545502614879,117,0,0,8
2020-06-08,Trinidad and Tobago,America,1399491,6,0.428727301568928,123,0,0,8
2020-06-15,Trinidad and Tobago,America,1399491,0,0.428727301568928,123,0,0,8
2020-06-22,Trinidad and Tobago,America,1399491,3,0.214363650784464,126,0,0,8
2020-06-29,Trinidad and Tobago,America,1399491,7,0.714545502614879,133,0,0,8
2020-07-06,Trinidad and Tobago,America,1399491,0,0.500181851830416,133,0,0,8
2020-07-13,Trinidad and Tobago,America,1399491,4,0.285818201045952,137,0,0,8
2020-07-20,Trinidad and Tobago,America,1399491,10,1.00036370366083,147,0,0,8
2020-07-27,Trinidad and Tobago,America,1399491,35,3.21545476176696,182,0,0,8
2020-08-03,Trinidad and Tobago,America,1399491,97,9.43200063451641,279,0,0,8
2020-08-10,Trinidad and Tobago,America,1399491,273,26.4381835967505,552,3,2.14363650784464,11
2020-08-17,Trinidad and Tobago,America,1399491,455,52.0189125903632,1007,3,4.28727301568928,14
2020-08-24,Trinidad and Tobago,America,1399491,676,80.8150963457429,1683,7,7.14545502614879,21
2020-08-31,Trinidad and Tobago,America,1399491,567,88.8180059750295,2250,13,14.2909100522976,34
2020-09-07,Trinidad and Tobago,America,1399491,792,97.1067338053621,3042,19,22.8654560836761,53
2020-09-14,Trinidad and Tobago,America,1399491,859,117.971462481717,3901,12,22.1509105810613,65
2020-09-21,Trinidad and Tobago,America,1399491,461,94.3200063451641,4362,6,12.8618190470678,71
2020-09-28,Trinidad and Tobago,America,1399491,401,61.5938223254026,4763,10,11.4327280418381,81
2020-10-05,Trinidad and Tobago,America,1399491,338,52.8049126432396,5101,9,13.5763645496827,90
2020-10-12,Trinidad and Tobago,America,1399491,196,38.1567298396346,5297,6,10.7181825392232,96
2020-10-19,Trinidad and Tobago,America,1399491,214,29.2963656072101,5511,9,10.7181825392232,105
2020-10-26,Trinidad and Tobago,America,1399491,157,26.509638147012,5668,2,7.86000052876367,107
2020-11-02,Trinidad and Tobago,America,1399491,181,24.1516379883829,5849,4,4.28727301568928,111
2020-11-09,Trinidad and Tobago,America,1399491,231,29.439274707733,6080,1,3.5727275130744,112
2020-11-16,Trinidad and Tobago,America,1399491,370,42.9441847071542,6450,3,2.85818201045952,115
2020-11-23,Trinidad and Tobago,America,1399491,210,41.443639151663,6660,5,5.71636402091903,120
2020-11-30,Trinidad and Tobago,America,1399491,107,22.6510924328917,6767,2,5.00181851830416,122
2020-12-07,Trinidad and Tobago,America,1399491,112,15.6485465072659,6879,0,1.42909100522976,122
2020-12-14,Trinidad and Tobago,America,1399491,133,17.5063648140645,7012,3,2.14363650784464,125
2020-12-21,Trinidad and Tobago,America,1399491,103,16.8632738617112,7115,0,2.14363650784464,125
2020-12-28,Trinidad and Tobago,America,1399491,53,11.1469098407921,7168,2,1.42909100522976,127
2021-01-04,Trinidad and Tobago,America,1399491,97,10.7181825392232,7265,1,2.14363650784464,128
2021-01-11,Trinidad and Tobago,America,1399491,128,16.0772738088348,7393,4,3.5727275130744,132
2021-01-18,Trinidad and Tobago,America,1399491,97,16.0772738088348,7490,2,4.28727301568928,134
2021-01-25,Trinidad and Tobago,America,1399491,74,12.2187280947144,7564,0,1.42909100522976,134
2021-02-01,Trinidad and Tobago,America,1399491,52,9.00327333294748,7616,1,0.714545502614879,135
2021-02-08,Trinidad and Tobago,America,1399491,30,5.85927312144201,7646,3,2.85818201045952,138
2021-02-15,Trinidad and Tobago,America,1399491,34,4.57309121673523,7680,1,2.85818201045952,139
2021-02-22,Trinidad and Tobago,America,1399491,33,4.78745486751969,7713,0,0.714545502614879,139
2020-03-09,Tunisia,Africa,11818618,18,NA,18,0,NA,0
2020-03-16,Tunisia,Africa,11818618,57,0.634591963290463,75,3,0.253836785316185,3
2020-03-23,Tunisia,Africa,11818618,203,2.1999188060736,278,5,0.676898094176493,8
2020-03-30,Tunisia,Africa,11818618,275,4.04446611270455,553,11,1.35379618835299,19
2020-04-06,Tunisia,Africa,11818618,154,3.62986603002145,707,12,1.94608202075742,31
2020-04-13,Tunisia,Africa,11818618,172,2.75835973376921,879,7,1.60763297366917,38
2020-04-20,Tunisia,Africa,11818618,70,2.04761673488389,949,0,0.592285832404432,38
2020-04-27,Tunisia,Africa,11818618,64,1.13380430774563,1013,4,0.338449047088247,42
2020-05-04,Tunisia,Africa,11818618,19,0.702281772708112,1032,3,0.592285832404432,45
2020-05-11,Tunisia,Africa,11818618,5,0.203069428252948,1037,0,0.253836785316185,45
2020-05-18,Tunisia,Africa,11818618,14,0.160763297366917,1051,3,0.253836785316185,48
2020-05-25,Tunisia,Africa,11818618,26,0.338449047088247,1077,0,0.253836785316185,48
2020-06-01,Tunisia,Africa,11818618,10,0.304604142379422,1087,1,0.0846122617720617,49
2020-06-08,Tunisia,Africa,11818618,9,0.160763297366917,1096,0,0.0846122617720617,49
2020-06-15,Tunisia,Africa,11818618,61,0.592285832404432,1157,1,0.0846122617720617,50
2020-06-22,Tunisia,Africa,11818618,12,0.61766951093605,1169,0,0.0846122617720617,50
2020-06-29,Tunisia,Africa,11818618,19,0.262298011493391,1188,0,0,50
2020-07-06,Tunisia,Africa,11818618,75,0.79535526065738,1263,0,0,50
2020-07-13,Tunisia,Africa,11818618,111,1.57378806896035,1374,0,0,50
2020-07-20,Tunisia,Africa,11818618,78,1.59917174749197,1452,0,0,50
2020-07-27,Tunisia,Africa,11818618,109,1.58224929513755,1561,1,0.0846122617720617,51
2020-08-03,Tunisia,Africa,11818618,136,2.07300041341551,1697,0,0.0846122617720617,51
2020-08-10,Tunisia,Africa,11818618,410,4.61982949275457,2107,3,0.253836785316185,54
2020-08-17,Tunisia,Africa,11818618,631,8.80813645047162,2738,14,1.43840845012505,68
2020-08-24,Tunisia,Africa,11818618,947,13.3518149076313,3685,8,1.86146975898536,76
2020-08-31,Tunisia,Africa,11818618,1091,17.2439789491462,4776,17,2.11530654430154,93
2020-09-07,Tunisia,Africa,11818618,1859,24.9606172227582,6635,14,2.62298011493391,107
2020-09-14,Tunisia,Africa,11818618,4097,50.3950631114399,10732,52,5.58440927695607,159
2020-09-21,Tunisia,Africa,11818618,5382,80.2039629337373,16114,55,9.0535120096106,214
2020-09-28,Tunisia,Africa,11818618,7339,107.63525820024,23453,107,13.707186407074,321
2020-10-05,Tunisia,Africa,11818618,7806,128.145270453787,31259,135,20.4761673488389,456
2020-10-12,Tunisia,Africa,11818618,9283,144.593894142276,40542,170,25.8067398404788,626
2020-10-19,Tunisia,Africa,11818618,8257,148.409907148196,48799,193,30.7142510232584,819
2020-10-26,Tunisia,Africa,11818618,13107,180.765636049833,61906,562,63.8822576379066,1381
2020-11-02,Tunisia,Africa,11818618,9213,188.854568275242,71119,492,89.181323907753,1873
2020-11-09,Tunisia,Africa,11818618,9285,156.51576182596,80404,472,81.5662203482675,2345
2020-11-16,Tunisia,Africa,11818618,8307,148.849890909411,88711,476,80.2124241599145,2821
2020-11-23,Tunisia,Africa,11818618,7540,134.085051230186,96251,398,73.9511167887819,3219
2020-11-30,Tunisia,Africa,11818618,7751,129.38060947566,104002,342,62.6130737113256,3561
2020-12-07,Tunisia,Africa,11818618,7359,127.849127537585,111361,333,57.1132766961416,3894
2020-12-14,Tunisia,Africa,11818618,10357,149.899082955385,121718,305,53.9826230105754,4199
2020-12-21,Tunisia,Africa,11818618,9874,171.179066791058,131592,267,48.3982137336193,4466
2020-12-28,Tunisia,Africa,11818618,11952,184.674722543702,143544,334,50.8519693250091,4800
2021-01-04,Tunisia,Africa,11818618,18806,260.250394758507,162350,484,69.2128301295465,5284
2021-01-11,Tunisia,Africa,11818618,19535,324.411872860262,181885,466,80.3816486834586,5750
2021-01-18,Tunisia,Africa,11818618,16751,307.024053066103,198636,537,84.8660985573779,6287
2021-01-25,Tunisia,Africa,11818618,11409,238.268129150126,210045,515,89.0120993842089,6802
2021-02-01,Tunisia,Africa,11818618,7041,156.109622969454,217086,412,78.4355666627012,7214
2021-02-08,Tunisia,Africa,11818618,6463,114.260398296992,223549,361,65.4052783498037,7575
2021-02-15,Tunisia,Africa,11818618,5388,100.27399142607,228937,236,50.5135202779208,7811
2021-02-22,Tunisia,Africa,11818618,4732,85.6276089133264,233669,211,37.8216810121116,8022
2020-03-09,Turkey,Europe,83154997,18,NA,18,0,NA,0
2020-03-16,Turkey,Europe,83154997,1218,1.48638090865423,1236,30,0.360772065207338,30
2020-03-23,Turkey,Europe,83154997,8035,11.127413064545,9271,101,1.57537135140538,131
2020-03-30,Turkey,Europe,83154997,17798,31.0660825350039,27069,443,6.54200011575973,574
2020-04-06,Turkey,Europe,83154997,29887,57.3447197647064,56956,624,12.8314597858743,1198
2020-04-13,Turkey,Europe,83154997,29350,71.2368494222903,86306,819,17.353136336473,2017
2020-04-20,Turkey,Europe,83154997,23824,63.94564598445,110130,788,19.3253569596064,2805
2020-04-27,Turkey,Europe,83154997,15915,47.7890703309147,126045,592,16.5955149995376,3397
2020-05-04,Turkey,Europe,83154997,12612,34.3058156805658,138657,389,11.79724653228,3786
2020-05-11,Turkey,Europe,83154997,10778,28.1281953506655,149435,354,8.93512148163507,4140
2020-05-18,Turkey,Europe,83154997,7392,21.8507614160578,156827,200,6.66225747082884,4340
2020-05-25,Turkey,Europe,83154997,7115,17.4457344998762,163942,200,4.81029420276451,4540
2020-06-01,Turkey,Europe,83154997,6190,16.0002410919454,170132,152,4.23305889843277,4692
2020-06-08,Turkey,Europe,83154997,8107,17.193194054231,178239,115,3.21087138034531,4807
2020-06-15,Turkey,Europe,83154997,9446,21.1087735352814,187685,143,3.10263976078311,4950
2020-06-22,Turkey,Europe,83154997,9554,22.8488974631314,197239,147,3.48746329700427,5097
2020-06-29,Turkey,Europe,83154997,8519,21.7341117816407,205758,128,3.3070772644006,5225
2020-07-06,Turkey,Europe,83154997,7235,18.945343717588,212993,138,3.1988456448384,5363
2020-07-13,Turkey,Europe,83154997,6648,16.6953286042449,219641,128,3.1988456448384,5491
2020-07-20,Turkey,Europe,83154997,6459,15.7621315289086,226100,122,3.00643387672782,5613
2020-07-27,Turkey,Europe,83154997,47136,64.451929449291,273236,115,2.85009931513797,5728
2020-08-03,Turkey,Europe,83154997,55058,122.895801439329,328294,116,2.7779449020965,5844
2020-08-10,Turkey,Europe,83154997,55615,133.092422575639,383909,130,2.95833093470017,5974
2020-08-17,Turkey,Europe,83154997,56050,134.285375537925,439959,147,3.33112873541442,6121
2020-08-24,Turkey,Europe,83154997,57407,136.440387340763,497366,205,4.23305889843277,6326
2020-08-31,Turkey,Europe,83154997,58370,139.230357978367,555736,347,6.63820599981502,6673
2020-09-07,Turkey,Europe,83154997,58466,140.503883368548,614202,383,8.77878692004523,7056
2020-09-14,Turkey,Europe,83154997,58815,141.039028598606,673017,450,10.0174376772571,7506
2020-09-21,Turkey,Europe,83154997,58676,141.291569044251,731693,491,11.3162171120035,7997
2020-09-28,Turkey,Europe,83154997,57120,139.25320687583,788813,444,11.244062698962,8441
2020-10-05,Turkey,Europe,83154997,58200,138.680781865701,847013,396,10.1016178258055,8837
2020-10-12,Turkey,Europe,83154997,59070,141.025800289548,906083,459,10.2820038584091,9296
2020-10-19,Turkey,Europe,83154997,61418,144.895681975673,967501,503,11.5687575576486,9799
2020-10-26,Turkey,Europe,83154997,62782,149.359634995838,1030283,527,12.3865075721186,10326
2020-11-02,Turkey,Europe,83154997,63892,152.334801960248,1094175,561,13.0840002315195,10887
2020-11-09,Turkey,Europe,83154997,67133,157.567199479305,1161308,620,14.2023936336622,11507
2020-11-16,Turkey,Europe,83154997,79659,176.528176653052,1240967,851,17.6898569306665,12358
2020-11-23,Turkey,Europe,83154997,159462,287.560590014813,1400429,1200,24.664783524675,13558
2020-11-30,Turkey,Europe,83154997,220667,457.133081250667,1621096,1342,30.5694196585685,14900
2020-12-07,Turkey,Europe,83154997,215632,524.681637592988,1836728,1517,34.3815778142593,16417
2020-12-14,Turkey,Europe,83154997,187873,485.244440571623,2024601,1680,38.4462764155953,18097
2020-12-21,Turkey,Europe,83154997,122977,373.819988232337,2147578,1781,41.6210705894199,19878
2020-12-28,Turkey,Europe,83154997,94334,261.332460874239,2241912,1610,40.7792691039361,21488
2021-01-04,Turkey,Europe,83154997,84344,214.873436890389,2326256,1319,35.2233792997431,22807
2021-01-11,Turkey,Europe,83154997,60845,174.600451251294,2387101,1190,30.1725703868404,23997
2021-01-18,Turkey,Europe,83154997,42504,124.284773890377,2429605,1076,27.2503166586609,25073
2021-01-25,Turkey,Europe,83154997,47858,108.666951187552,2477463,920,24.0033680717949,25993
2021-02-01,Turkey,Europe,83154997,53993,122.483318711442,2531456,804,20.732368013915,26797
2021-02-08,Turkey,Europe,83154997,54727,130.743796431139,2586183,674,17.7740370792149,27471
2021-02-15,Turkey,Europe,83154997,52239,128.634482423227,2638422,589,15.1885039452289,28060
2021-02-22,Turkey,Europe,83154997,73057,150.677655607395,2711479,578,14.0340333365655,28638
2020-03-23,Turks and Caicos Islands,America,38718,5,NA,5,0,NA,0
2020-03-30,Turks and Caicos Islands,America,38718,0,12.9138901802779,5,1,25.8277803605558,1
2020-04-06,Turks and Caicos Islands,America,38718,4,10.3311121442223,9,0,25.8277803605558,1
2020-04-13,Turks and Caicos Islands,America,38718,2,15.4966682163335,11,0,0,1
2020-04-20,Turks and Caicos Islands,America,38718,0,5.16555607211116,11,0,0,1
2020-04-27,Turks and Caicos Islands,America,38718,1,2.58277803605558,12,0,0,1
2020-05-04,Turks and Caicos Islands,America,38718,0,2.58277803605558,12,0,0,1
2020-05-11,Turks and Caicos Islands,America,38718,0,0,12,0,0,1
2020-05-18,Turks and Caicos Islands,America,38718,0,0,12,0,0,1
2020-05-25,Turks and Caicos Islands,America,38718,0,0,12,0,0,1
2020-06-01,Turks and Caicos Islands,America,38718,0,0,12,0,0,1
2020-06-08,Turks and Caicos Islands,America,38718,0,0,12,0,0,1
2020-06-15,Turks and Caicos Islands,America,38718,2,5.16555607211116,14,0,0,1
2020-06-22,Turks and Caicos Islands,America,38718,14,41.3244485768893,28,0,0,1
2020-06-29,Turks and Caicos Islands,America,38718,19,85.2316751898342,47,1,25.8277803605558,2
2020-07-06,Turks and Caicos Islands,America,38718,25,113.642233586446,72,0,25.8277803605558,2
2020-07-13,Turks and Caicos Islands,America,38718,9,87.8144532258898,81,0,0,2
2020-07-20,Turks and Caicos Islands,America,38718,18,69.7350069735007,99,0,0,2
2020-07-27,Turks and Caicos Islands,America,38718,17,90.3972312619454,116,0,0,2
2020-08-03,Turks and Caicos Islands,America,38718,100,302.185030218503,216,0,0,2
2020-08-10,Turks and Caicos Islands,America,38718,82,470.065602562116,298,0,0,2
2020-08-17,Turks and Caicos Islands,America,38718,85,431.323932021282,383,0,0,2
2020-08-24,Turks and Caicos Islands,America,38718,124,539.800609535617,507,1,25.8277803605558,3
2020-08-31,Turks and Caicos Islands,America,38718,91,555.29727775195,598,2,77.4833410816675,5
2020-09-07,Turks and Caicos Islands,America,38718,48,359.006147011726,646,0,51.6555607211116,5
2020-09-14,Turks and Caicos Islands,America,38718,22,180.794462523891,668,0,0,5
2020-09-21,Turks and Caicos Islands,America,38718,14,92.9800092980009,682,0,0,5
2020-09-28,Turks and Caicos Islands,America,38718,13,69.7350069735007,695,1,25.8277803605558,6
2020-10-05,Turks and Caicos Islands,America,38718,0,33.5761144687226,695,0,25.8277803605558,6
2020-10-12,Turks and Caicos Islands,America,38718,3,7.74833410816674,698,0,0,6
2020-10-19,Turks and Caicos Islands,America,38718,3,15.4966682163335,701,0,0,6
2020-10-26,Turks and Caicos Islands,America,38718,3,15.4966682163335,704,0,0,6
2020-11-02,Turks and Caicos Islands,America,38718,3,15.4966682163335,707,0,0,6
2020-11-09,Turks and Caicos Islands,America,38718,13,41.3244485768893,720,0,0,6
2020-11-16,Turks and Caicos Islands,America,38718,26,100.728343406168,746,0,0,6
2020-11-23,Turks and Caicos Islands,America,38718,2,72.3177850095563,748,0,0,6
2020-11-30,Turks and Caicos Islands,America,38718,8,25.8277803605558,756,0,0,6
2020-12-07,Turks and Caicos Islands,America,38718,13,54.2383387571672,769,0,0,6
2020-12-14,Turks and Caicos Islands,America,38718,29,108.476677514334,798,0,0,6
2020-12-21,Turks and Caicos Islands,America,38718,51,206.622242884447,849,0,0,6
2020-12-28,Turks and Caicos Islands,America,38718,61,289.271140038225,910,0,0,6
2021-01-04,Turks and Caicos Islands,America,38718,84,374.502815228059,994,0,0,6
2021-01-11,Turks and Caicos Islands,America,38718,111,503.641717030838,1105,1,25.8277803605558,7
2021-01-18,Turks and Caicos Islands,America,38718,182,756.753964564285,1287,0,25.8277803605558,7
2021-01-25,Turks and Caicos Islands,America,38718,217,1030.52843638618,1504,2,51.6555607211116,9
2021-02-01,Turks and Caicos Islands,America,38718,191,1053.77343871068,1695,0,51.6555607211116,9
2021-02-08,Turks and Caicos Islands,America,38718,179,955.627873340565,1874,4,103.311121442223,13
2021-02-15,Turks and Caicos Islands,America,38718,155,862.647864042564,2029,1,129.138901802779,14
2021-02-22,Turks and Caicos Islands,America,38718,85,619.86672865334,2114,0,25.8277803605558,14
2020-03-16,Uganda,Africa,45741000,1,NA,1,0,NA,0
2020-03-23,Uganda,Africa,45741000,32,0.0721453400668984,33,0,0,0
2020-03-30,Uganda,Africa,45741000,19,0.111497343739752,52,0,0,0
2020-04-06,Uganda,Africa,45741000,2,0.0459106709516626,54,0,0,0
2020-04-13,Uganda,Africa,45741000,1,0.00655866727880895,55,0,0,0
2020-04-20,Uganda,Africa,45741000,24,0.0546555606567412,79,0,0,0
2020-04-27,Uganda,Africa,45741000,10,0.0743315624931681,89,0,0,0
2020-05-04,Uganda,Africa,45741000,32,0.0918213419033253,121,0,0,0
2020-05-11,Uganda,Africa,45741000,106,0.301698694825212,227,0,0,0
2020-05-18,Uganda,Africa,45741000,-15,0.198946240790538,212,0,0,0
2020-05-25,Uganda,Africa,45741000,246,0.505017380468289,458,0,0,0
2020-06-01,Uganda,Africa,45741000,158,0.883233860212938,616,0,0,0
2020-06-08,Uganda,Africa,45741000,80,0.520320937452176,696,0,0,0
2020-06-15,Uganda,Africa,45741000,74,0.336678253645526,770,0,0,0
2020-06-22,Uganda,Africa,45741000,89,0.356354255481953,859,0,0,0
2020-06-29,Uganda,Africa,45741000,80,0.369471590039571,939,0,0,0
2020-07-06,Uganda,Africa,45741000,86,0.362912922760762,1025,0,0,0
2020-07-13,Uganda,Africa,45741000,40,0.275464025709976,1065,0,0,0
2020-07-20,Uganda,Africa,45741000,50,0.196760018364268,1115,2,0.043724448525393,2
2020-07-27,Uganda,Africa,45741000,67,0.255788023873549,1182,2,0.0874488970507859,4
2020-08-03,Uganda,Africa,45741000,101,0.367285367613301,1283,3,0.109311121313482,7
2020-08-10,Uganda,Africa,45741000,217,0.695218731553748,1500,6,0.196760018364268,13
2020-08-17,Uganda,Africa,45741000,763,2.14249797774426,2263,6,0.262346691152358,19
2020-08-24,Uganda,Africa,45741000,665,3.12192562471306,2928,11,0.37165781246584,30
2020-08-31,Uganda,Africa,45741000,739,3.06945628648259,3667,11,0.480968933779323,41
2020-09-07,Uganda,Africa,45741000,1132,4.09042215955051,4799,14,0.546555606567412,55
2020-09-14,Uganda,Africa,45741000,1488,5.72790275682648,6287,8,0.480968933779323,63
2020-09-21,Uganda,Africa,45741000,1243,5.97057344614241,7530,10,0.393520036728537,73
2020-09-28,Uganda,Africa,45741000,1278,5.51146673662578,8808,8,0.393520036728537,81
2020-10-05,Uganda,Africa,45741000,993,4.96491113005837,9801,12,0.43724448525393,93
2020-10-12,Uganda,Africa,45741000,789,3.89584836361251,10590,4,0.349795588203144,97
2020-10-19,Uganda,Africa,45741000,853,3.58977722393476,11443,4,0.174897794101572,101
2020-10-26,Uganda,Africa,45741000,1300,4.70693688375855,12743,11,0.327933363940447,112
2020-11-02,Uganda,Africa,45741000,1660,6.47121838175816,14403,20,0.677728952143591,132
2020-11-09,Uganda,Africa,45741000,1617,7.16425089088564,16020,13,0.721453400668984,145
2020-11-16,Uganda,Africa,45741000,1948,7.7938829496513,17968,27,0.87448897050786,172
2020-11-23,Uganda,Africa,45741000,2177,9.0181675083623,20145,29,1.224284558711,201
2020-11-30,Uganda,Africa,45741000,2354,9.90577381342778,22499,5,0.743315624931681,206
2020-12-07,Uganda,Africa,45741000,5033,16.1496250628539,27532,15,0.43724448525393,221
2020-12-14,Uganda,Africa,45741000,3655,18.9939004394307,31187,10,0.546555606567412,231
2020-12-21,Uganda,Africa,45741000,2786,14.0814586476028,33973,17,0.590280055092805,248
2020-12-28,Uganda,Africa,45741000,2077,10.6315996589493,36050,26,0.940075643295949,274
2021-01-04,Uganda,Africa,45741000,1758,8.3841630047441,37808,28,1.18056011018561,302
2021-01-11,Uganda,Africa,45741000,277,4.44896263745874,38085,2,0.655866727880895,304
2021-01-18,Uganda,Africa,45741000,1103,3.01698694825212,39188,14,0.349795588203144,318
2021-01-25,Uganda,Africa,45741000,418,3.32524431035614,39606,7,0.459106709516626,325
2021-02-01,Uganda,Africa,45741000,254,1.4691414704532,39860,2,0.196760018364268,327
2021-02-08,Uganda,Africa,45741000,203,0.999103648805229,40063,4,0.131173345576179,331
2021-02-15,Uganda,Africa,45741000,150,0.771736516473186,40213,2,0.131173345576179,333
2021-02-22,Uganda,Africa,45741000,122,0.594652499945344,40335,1,0.0655866727880895,334
2020-03-09,Ukraine,Europe,43733759,3,NA,3,0,NA,0
2020-03-16,Ukraine,Europe,43733759,44,0.107468466179639,47,3,0.0685968933061528,3
2020-03-23,Ukraine,Europe,43733759,371,0.948923690735114,418,6,0.205790679918458,9
2020-03-30,Ukraine,Europe,43733759,890,2.88335608196862,1308,28,0.777431457469732,37
2020-04-06,Ukraine,Europe,43733759,1469,5.39400237697382,2777,46,1.69205670155177,83
2020-04-13,Ukraine,Europe,43733759,2672,9.46865783935929,5449,58,2.3780256346133,141
2020-04-20,Ukraine,Europe,43733759,3168,13.3535285635978,8617,68,2.88106951885842,209
2020-04-27,Ukraine,Europe,43733759,3296,14.7803439443657,11913,79,3.36124777200149,288
2020-05-04,Ukraine,Europe,43733759,3319,15.1256149740067,15232,103,4.16154486057327,391
2020-05-11,Ukraine,Europe,43733759,3059,14.5836995168881,18291,123,5.16763262906351,514
2020-05-18,Ukraine,Europe,43733759,2695,13.1568841361201,20986,103,5.16763262906351,617
2020-05-25,Ukraine,Europe,43733759,2686,12.3039960960136,23672,91,4.43593243379788,708
2020-06-01,Ukraine,Europe,43733759,3327,13.7491039816632,26999,80,3.91002291845071,788
2020-06-08,Ukraine,Europe,43733759,4155,17.1080651905545,31154,101,4.13867922947122,889
2020-06-15,Ukraine,Europe,43733759,5406,21.8618298966709,36560,113,4.8932450558389,1002
2020-06-22,Ukraine,Europe,43733759,6422,27.0454684675059,42982,127,5.48775146449223,1129
2020-06-29,Ukraine,Europe,43733759,5518,27.3015635358488,48500,120,5.64781088220658,1249
2020-07-06,Ukraine,Europe,43733759,5021,24.0980886184515,53521,134,5.80787029992094,1383
2020-07-13,Ukraine,Europe,43733759,5321,23.6476356857411,58842,102,5.39628894008402,1485
2020-07-20,Ukraine,Europe,43733759,6007,25.9021869124033,64849,120,5.07617010465531,1605
2020-07-27,Ukraine,Europe,43733759,7319,30.4707400065931,72168,120,5.48775146449223,1725
2020-08-03,Ukraine,Europe,43733759,9789,39.1185216893887,81957,197,7.24840505935015,1922
2020-08-10,Ukraine,Europe,43733759,10863,47.2221013519556,92820,167,8.32308972114654,2089
2020-08-17,Ukraine,Europe,43733759,12138,52.5932380978274,104958,182,7.98010525461578,2271
2020-08-24,Ukraine,Europe,43733759,14116,60.0314278953245,119074,256,10.0151464226983,2527
2020-08-31,Ukraine,Europe,43733759,16820,70.7371163773048,135894,284,12.3474407951075,2811
2020-09-07,Ukraine,Europe,43733759,18441,80.6265018289418,154335,367,14.8855258474352,3178
2020-09-14,Ukraine,Europe,43733759,21343,90.9686267763995,175678,379,17.05776080213,3557
2020-09-21,Ukraine,Europe,43733759,22956,101.292459218975,198634,402,17.8580578907018,3959
2020-09-28,Ukraine,Europe,43733759,27828,116.120820988656,226462,438,19.2071301257228,4397
2020-10-05,Ukraine,Europe,43733759,34572,142.681538076798,261034,575,23.1628843063776,4972
2020-10-12,Ukraine,Europe,43733759,42604,176.467794593188,303638,701,29.176545286217,5673
2020-10-19,Ukraine,Europe,43733759,39851,188.538561251961,343489,718,32.4463305338103,6391
2020-10-26,Ukraine,Europe,43733759,51951,209.911066643048,395440,915,37.3395755896492,7306
2020-11-02,Ukraine,Europe,43733759,64891,267.166606922584,460331,1144,47.0803344391229,8450
2020-11-09,Ukraine,Europe,43733759,75526,321.072332245669,535857,1153,52.522354641411,9603
2020-11-16,Ukraine,Europe,43733759,76808,348.321304829983,612665,1210,54.0314862941464,10813
2020-11-23,Ukraine,Europe,43733759,110014,427.180293374736,722679,1400,59.6792971763529,12213
2020-11-30,Ukraine,Europe,43733759,90627,458.77830899466,813306,1375,63.4521263081914,13588
2020-12-07,Ukraine,Europe,43733759,87360,406.978508296074,900666,1659,69.3743247636225,15247
2020-12-14,Ukraine,Europe,43733759,70327,360.561277158911,970993,1418,70.357546901010707,16665
2020-12-21,Ukraine,Europe,43733759,59381,296.585527898482,1030374,1184,59.4963721275365,17849
2020-12-28,Ukraine,Europe,43733759,43719,235.744656662145,1074093,1005,50.0528664823895,18854
2021-01-04,Ukraine,Europe,43733759,45221,203.36692302164101,1119314,981,45.4111433686732,19835
2021-01-11,Ukraine,Europe,43733759,44402,204.928645625911,1163716,1034,46.0742466706326,20869
2021-01-18,Ukraine,Europe,43733759,30612,171.524245148925,1194328,1055,47.7663033721844,21924
2021-01-25,Ukraine,Europe,43733759,29551,137.566496399269,1223879,1010,47.2175282257352,22934
2021-02-01,Ukraine,Europe,43733759,23111,120.414986509621,1246990,710,39.3288854955276,23644
2021-02-08,Ukraine,Europe,43733759,21059,100.997492577759,1268049,641,30.8914676188708,24285
2021-02-15,Ukraine,Europe,43733759,39613,138.730357022363,1307662,871,34.572834226301,25156
2021-02-22,Ukraine,Europe,43733759,44472,192.265659121595,1352134,894,40.3578388951199,26050
2019-12-30,United Arab Emirates,Asia,9890400,0,NA,0,0,NA,0
2020-01-06,United Arab Emirates,Asia,9890400,0,0,0,0,0,0
2020-01-13,United Arab Emirates,Asia,9890400,0,0,0,0,0,0
2020-01-20,United Arab Emirates,Asia,9890400,1,0.0101108145272183,1,0,0,0
2020-01-27,United Arab Emirates,Asia,9890400,4,0.0505540726360916,5,0,0,0
2020-02-03,United Arab Emirates,Asia,9890400,2,0.0606648871633099,7,0,0,0
2020-02-10,United Arab Emirates,Asia,9890400,2,0.0404432581088733,9,0,0,0
2020-02-17,United Arab Emirates,Asia,9890400,4,0.0606648871633099,13,0,0,0
2020-02-24,United Arab Emirates,Asia,9890400,8,0.12132977432662,21,0,0,0
2020-03-02,United Arab Emirates,Asia,9890400,24,0.32354606487098603,45,0,0,0
2020-03-09,United Arab Emirates,Asia,9890400,53,0.77853271859581,98,0,0,0
2020-03-16,United Arab Emirates,Asia,9890400,55,1.09196796893958,153,2,0.202216290544366,2
2020-03-23,United Arab Emirates,Asia,9890400,417,4.77230445684704,570,1,0.303324435816549,3
2020-03-30,United Arab Emirates,Asia,9890400,1213,16.4806276793659,1783,7,0.808865162177465,10
2020-04-06,United Arab Emirates,Asia,9890400,2199,34.4980991668689,3982,12,1.92105476017148,22
2020-04-13,United Arab Emirates,Asia,9890400,2961,52.1718029604465,6943,19,3.13435250343768,41
2020-04-20,United Arab Emirates,Asia,9890400,3406,64.375556094799,10349,35,5.45983984469789,76
2020-04-27,United Arab Emirates,Asia,9890400,3814,73.0000808865162,14163,50,8.59419234813557,126
2020-05-04,United Arab Emirates,Asia,9890400,4035,79.3597832241365,18198,72,12.3351937232063,198
2020-05-11,United Arab Emirates,Asia,9890400,5160,92.9689395777724,23358,22,9.50416565558521,220
2020-05-18,United Arab Emirates,Asia,9890400,6127,114.120763568713,29485,25,4.75208282779261,245
2020-05-25,United Arab Emirates,Asia,9890400,5072,113.231011890318,34557,19,4.44875839197606,264
2020-06-01,United Arab Emirates,Asia,9890400,4251,94.2631238372563,38808,12,3.13435250343768,276
2020-06-08,United Arab Emirates,Asia,9890400,3486,78.2273719970881,42294,13,2.52770363180458,289
2020-06-15,United Arab Emirates,Asia,9890400,2631,61.8478524629944,44925,13,2.62881177707676,302
2020-06-22,United Arab Emirates,Asia,9890400,2872,55.6398123432824,47797,11,2.4265954865324,313
2020-06-29,United Arab Emirates,Asia,9890400,3743,66.8830380975491,51540,10,2.12327105071585,323
2020-07-06,United Arab Emirates,Asia,9890400,3314,71.3520181185796,54854,10,2.02216290544366,333
2020-07-13,United Arab Emirates,Asia,9890400,2068,54.416403785489,56922,6,1.61773032435493,339
2020-07-20,United Arab Emirates,Asia,9890400,1991,41.0397961659791,58913,5,1.11218959799401,344
2020-07-27,United Arab Emirates,Asia,9890400,2086,41.2217908274691,60999,7,1.2132977432662,351
2020-08-03,United Arab Emirates,Asia,9890400,1526,36.5202620723126,62525,6,1.31440588853838,357
2020-08-10,United Arab Emirates,Asia,9890400,1787,33.4971285286743,64312,7,1.31440588853838,364
2020-08-17,United Arab Emirates,Asia,9890400,2695,45.3166707109925,67007,11,1.8199466148993,375
2020-08-24,United Arab Emirates,Asia,9890400,2683,54.3759605273801,69690,7,1.8199466148993,382
2020-08-31,United Arab Emirates,Asia,9890400,4294,70.5431529564022,73984,6,1.31440588853838,388
2020-09-07,United Arab Emirates,Asia,9890400,5505,99.0758715522123,79489,11,1.71883846962711,399
2020-09-14,United Arab Emirates,Asia,9890400,5427,110.531424411551,84916,5,1.61773032435493,404
2020-09-21,United Arab Emirates,Asia,9890400,6553,121.127558036075,91469,8,1.31440588853838,412
2020-09-28,United Arab Emirates,Asia,9890400,7332,140.388659710426,98801,14,2.22437919598803,426
2020-10-05,United Arab Emirates,Asia,9890400,7428,149.235622421742,106229,19,3.33656879398204,445
2020-10-12,United Arab Emirates,Asia,9890400,9373,169.871794871795,115602,18,3.74100137507078,463
2020-10-19,United Arab Emirates,Asia,9890400,9521,191.033729677263,125123,14,3.23546064870986,477
2020-10-26,United Arab Emirates,Asia,9890400,8784,185.078459920731,133907,19,3.33656879398204,496
2020-11-02,United Arab Emirates,Asia,9890400,8236,172.086063253256,142143,18,3.74100137507078,514
2020-11-09,United Arab Emirates,Asia,9890400,8202,166.201569198415,150345,16,3.43767693925423,530
2020-11-16,United Arab Emirates,Asia,9890400,8645,170.336892340047,158990,22,3.84210952034296,552
2020-11-23,United Arab Emirates,Asia,9890400,8763,176.009059289816,167753,18,4.04432581088733,570
2020-11-30,United Arab Emirates,Asia,9890400,8676,176.32249454016,176429,22,4.04432581088733,592
2020-12-07,United Arab Emirates,Asia,9890400,8520,173.865566610046,184949,25,4.75208282779261,617
2020-12-14,United Arab Emirates,Asia,9890400,8626,173.360025883685,193575,20,4.54986653724824,637
2020-12-21,United Arab Emirates,Asia,9890400,8261,170.741324921136,201836,20,4.04432581088733,657
2020-12-28,United Arab Emirates,Asia,9890400,12896,213.914502952358,214732,25,4.54986653724824,682
2021-01-04,United Arab Emirates,Asia,9890400,18250,314.911429264742,232982,29,5.45983984469789,711
2021-01-11,United Arab Emirates,Asia,9890400,20279,389.559572919194,253261,34,6.36981315214754,745
2021-01-18,United Arab Emirates,Asia,9890400,24694,454.713661732589,277955,47,8.18975976704683,792
2021-01-25,United Arab Emirates,Asia,9890400,25654,509.059289816388,303609,58,10.6163552535792,850
2021-02-01,United Arab Emirates,Asia,9890400,22886,490.778937151177,326495,71,13.0429507401116,921
2021-02-08,United Arab Emirates,Asia,9890400,22277,456.634716492761,348772,93,16.581735824638,1014
2021-02-15,United Arab Emirates,Asia,9890400,23758,465.451346760495,372530,126,22.1426838146081,1140
2021-02-22,United Arab Emirates,Asia,9890400,18994,432.257542667637,391524,81,20.9293860713419,1221
2019-12-30,United Kingdom,Europe,68059863,0,NA,0,0,NA,0
2020-01-06,United Kingdom,Europe,68059863,0,0,0,0,0,0
2020-01-13,United Kingdom,Europe,68059863,0,0,0,0,0,0
2020-01-20,United Kingdom,Europe,68059863,0,0,0,0,0,0
2020-01-27,United Kingdom,Europe,68059863,2,0.00293858951787781,2,0,0,0
2020-02-03,United Kingdom,Europe,68059863,6,0.0117543580715113,8,0,0,0
2020-02-10,United Kingdom,Europe,68059863,2,0.0117543580715113,10,0,0,0
2020-02-17,United Kingdom,Europe,68059863,1,0.00440788427681672,11,0,0,0
2020-02-24,United Kingdom,Europe,68059863,36,0.0543639060807395,47,0,0,0
2020-03-02,United Kingdom,Europe,68059863,365,0.589187198334502,412,2,0.0293858951787781,2
2020-03-09,United Kingdom,Europe,68059863,2193,3.75845599336572,2605,41,0.63179674634373,43
2020-03-16,United Kingdom,Europe,68059863,6329,12.5213299356774,8934,245,4.20218301056527,288
2020-03-23,United Kingdom,Europe,68059863,17889,35.5833804719824,26823,1388,23.9935834134723,1676
2020-03-30,United Kingdom,Europe,68059863,30357,70.8875949397665,57180,4197,82.0601122867379,5873
2020-04-06,United Kingdom,Europe,68059863,32205,91.9220187087359,89385,6440,156.288883508332,12313
2020-04-13,United Kingdom,Europe,68059863,32027,94.3757409561638,121412,6166,185.219297311839,18479
2020-04-20,United Kingdom,Europe,68059863,32830,95.2940501805007,154242,5512,171.584241948886,23991
2020-04-27,United Kingdom,Europe,68059863,31282,94.1994255850912,185524,4227,143.09461657306,28218
2020-05-04,United Kingdom,Europe,68059863,22867,79.5608419017829,208391,3174,108.742505109069,31392
2020-05-11,United Kingdom,Europe,68059863,19857,62.7741492809058,228248,2428,82.3098923957575,33820
2020-05-18,United Kingdom,Europe,68059863,16360,53.2134482844904,244608,2137,67.0733057455611,35957
2020-05-25,United Kingdom,Europe,68059863,10907,40.0632601919872,255515,1488,53.2619350115354,37445
2020-06-01,United Kingdom,Europe,68059863,8524,28.5498664609419,264039,1174,39.1126264829537,38619
2020-06-08,United Kingdom,Europe,68059863,7136,23.0091559249833,271175,747,28.2251523192164,39366
2020-06-15,United Kingdom,Europe,68059863,6680,20.2997763894999,277855,512,18.4984210150408,39878
2020-06-22,United Kingdom,Europe,68059863,5240,17.5139935265518,283095,442,14.0170720002772,40320
2020-06-29,United Kingdom,Europe,68059863,4026,13.6144852363279,287121,312,11.0784824823994,40632
2020-07-06,United Kingdom,Europe,68059863,4271,12.1907386149161,291392,213,7.71379748442926,40845
2020-07-13,United Kingdom,Europe,68059863,4310,12.6080183264548,295702,150,5.33353997494823,40995
2020-07-20,United Kingdom,Europe,68059863,4549,13.0164822694398,300251,116,3.90832405877749,41111
2020-07-27,United Kingdom,Europe,68059863,4444,13.2133677671376,304695,96,3.11490488895048,41207
2020-08-03,United Kingdom,Europe,68059863,6130,15.53632278102,310825,71,2.45372224742797,41278
2020-08-10,United Kingdom,Europe,68059863,7659,20.2601054310086,318484,88,2.33617866671286,41366
2020-08-17,United Kingdom,Europe,68059863,7158,21.7705404431978,325642,63,2.21863508599775,41429
2020-08-24,United Kingdom,Europe,68059863,8825,23.4837381321205,334467,70,1.95416202938875,41499
2020-08-31,United Kingdom,Europe,68059863,12685,31.6045302647759,347152,52,1.79253960590547,41551
2020-09-07,United Kingdom,Europe,68059863,21352,50.0103857100036,368504,77,1.89539023903119,41628
2020-09-14,United Kingdom,Europe,68059863,25753,69.2111296198172,394257,149,3.32060615520193,41777
2020-09-21,United Kingdom,Europe,68059863,40712,97.6566761528744,434969,211,5.28946113218006,41988
2020-09-28,United Kingdom,Europe,68059863,68009,159.743195486597,502978,362,8.41905896871993,42350
2020-10-05,United Kingdom,Europe,68059863,100738,247.939082686664,603716,475,12.2979971323187,42825
2020-10-12,United Kingdom,Europe,68059863,118693,322.408818248723,722409,821,19.0420600758482,43646
2020-10-19,United Kingdom,Europe,68059863,151391,396.833005673256,873800,1250,30.4290944576248,44896
2020-10-26,United Kingdom,Europe,68059863,161114,459.161958642203,1034914,1821,45.1220420470138,46717
2020-11-02,United Kingdom,Europe,68059863,157099,467.548693126226,1192013,2327,60.9463466007858,49044
2020-11-09,United Kingdom,Europe,68059863,177305,491.338044568206,1369318,2890,76.6531075738428,51934
2020-11-16,United Kingdom,Europe,68059863,142727,470.221340292736,1512045,2817,83.8526518926434,54751
2020-11-23,United Kingdom,Europe,68059863,105282,364.398323869679,1617327,3494,92.7271922366344,58245
2020-11-30,United Kingdom,Europe,68059863,105915,310.31064520362,1723242,3000,95.4160016454926,61245
2020-12-07,United Kingdom,Europe,68059863,126161,340.988050475506,1849403,2925,87.0557144671302,64170
2020-12-14,United Kingdom,Europe,68059863,190744,465.626855581534,2040147,3231,90.4497853602791,67401
2020-12-21,United Kingdom,Europe,68059863,289583,705.741943676848,2329730,3708,101.954363322771,71109
2020-12-28,United Kingdom,Europe,68059863,325049,903.075576276138,2654779,3915,112.004339473913,75024
2021-01-04,United Kingdom,Europe,68059863,417570,1091.12620458845,3072349,6407,151.660605017674,81431
2021-01-11,United Kingdom,Europe,68059863,323610,1089.01188943034,3395959,7830,209.183494830132,89261
2021-01-18,United Kingdom,Europe,68059863,251504,845.01198599239,3647463,8678,242.551178805635,97939
2021-01-25,United Kingdom,Europe,68059863,169713,618.891930475969,3817176,8219,248.266735417907,106158
2021-02-01,United Kingdom,Europe,68059863,142608,458.891608406558,3959784,6640,218.322508230732,112798
2021-02-08,United Kingdom,Europe,68059863,78294,324.570150839122,4038078,4368,161.739967063995,117166
2021-02-15,United Kingdom,Europe,68059863,77431,228.805926335761,4115509,3414,114.340518140626,120580
2021-02-22,United Kingdom,Europe,68059863,61045,203.462061038824,4176554,2269,83.5000211504981,122849
2019-12-30,United States,America,331002647,0,NA,0,0,NA,0
2020-01-06,United States,America,331002647,0,0,0,0,0,0
2020-01-13,United States,America,331002647,0,0,0,0,0,0
2020-01-20,United States,America,331002647,5,0.00151056193819501,5,0,0,0
2020-01-27,United States,America,331002647,6,0.00332323626402903,11,0,0,0
2020-02-03,United States,America,331002647,1,0.00211478671347302,12,0,0,0
2020-02-10,United States,America,331002647,3,0.00120844955055601,15,0,0,0
2020-02-17,United States,America,331002647,20,0.00694858491569706,35,0,0,0
2020-02-24,United States,America,331002647,54,0.0223563166852862,89,2,0.00604224775278006,2
2020-03-02,United States,America,331002647,465,0.156796329184643,554,19,0.0634436014041906,21
2020-03-09,United States,America,331002647,3220,1.11328414844972,3774,48,0.202415299718132,69
2020-03-16,United States,America,331002647,31432,10.4687984564667,35206,402,1.35950574437551,471
2020-03-23,United States,America,331002647,107819,42.0694520911188,143025,2038,7.37154225839167,2509
2020-03-30,United States,America,331002647,194610,91.367547281276,337635,7138,27.7218326897549,9647
2020-04-06,United States,America,331002647,219936,125.239481846198,557571,12461,59.2110068533682,22108
2020-04-13,United States,America,331002647,202116,127.507137427816,759687,18574,93.7605795037645,40682
2020-04-20,United States,America,331002647,206223,123.364270256123,965910,14194,98.9961871815484,54876
2020-04-27,United States,America,331002647,192131,120.347678065547,1158041,12806,81.5703446625307,67682
2020-05-04,United States,America,331002647,171758,109.935374625569,1329799,11846,74.476745800767,79528
2020-05-11,United States,America,331002647,156958,99.3091756151424,1486757,10034,66.1021904154138,89562
2020-05-18,United States,America,331002647,156481,94.6938046691814,1643238,8158,54.9602855592874,97720
2020-05-25,United States,America,331002647,146953,91.6711702308532,1790191,6663,44.7760769719766,104383
2020-06-01,United States,America,331002647,152172,90.3693679525167,1942363,6131,38.652258874534,110514
2020-06-08,United States,America,331002647,151706,91.8053081309649,2094069,5218,34.2867348731504,115732
2020-06-15,United States,America,331002647,186843,102.279846722797,2280912,4243,28.5828529945261,119975
2020-06-22,United States,America,331002647,268084,137.439082171449,2548996,5829,30.4287596830004,125804
2020-06-29,United States,America,331002647,339639,183.600646553138,2888635,4143,30.1266472953614,129947
2020-07-06,United States,America,331002647,416307,228.380650986154,3304942,5258,28.4015855619427,135205
2020-07-13,United States,America,331002647,468318,267.256170915153,3773260,5329,31.9846384793412,140534
2020-07-20,United States,America,331002647,460760,280.685972882869,4234020,6401,35.437783070055,146935
2020-07-27,United States,America,331002647,433935,270.298442658678,4667955,7925,43.2806206531635,154860
2020-08-03,United States,America,331002647,376909,244.96601684276,5044864,8078,48.3470453938696,162938
2020-08-10,United States,America,331002647,358405,222.147468204386,5403269,7114,45.8969139301173,170052
2020-08-17,United States,America,331002647,299342,198.713516632391,5702611,6754,41.8969459177769,176806
2020-08-24,United States,America,331002647,294552,179.422734344478,5997163,6263,39.325969498969,183069
2020-08-31,United States,America,331002647,279258,173.355109151136,6276421,5872,36.661338239993,188941
2020-09-07,United States,America,331002647,243558,157.949190055873,6519979,5138,33.2625738790542,194079
2020-09-14,United States,America,331002647,284835,159.634070841736,6804814,5430,31.9272371256898,199509
2020-09-21,United States,America,331002647,310232,179.777112175179,7115046,5247,32.2565396282163,204756
2020-09-28,United States,America,331002647,302799,185.204259106726,7417845,5038,31.0722590686714,209794
2020-10-05,United States,America,331002647,344699,195.617166771479,7762544,4977,30.2565556220461,214771
2020-10-12,United States,America,331002647,392051,222.581301593035,8154595,4903,29.8487038987335,219674
2020-10-19,United States,America,331002647,481570,263.931726201573,8636165,5556,31.5979346231633,225230
2020-10-26,United States,America,331002647,571197,318.05395199755,9207362,5766,34.2051645284879,230996
2020-11-02,United States,America,331002647,764289,403.466864118461,9971651,6576,37.2867108824057,237572
2020-11-09,United States,America,331002647,1065410,552.774733550696,11037061,8642,45.9754631509034,246214
2020-11-16,United States,America,331002647,1209848,687.383626874742,12246909,10568,58.0357896654524,256782
2020-11-23,United States,America,331002647,1136412,708.834210621887,13383321,10091,62.4133981623416,266873
2020-11-30,United States,America,331002647,1373677,758.328980976397,14756998,15437,77.1232503164846,282310
2020-12-07,United States,America,331002647,1499756,868.099704350703,16256754,16867,97.5943857029035,299177
2020-12-14,United States,America,331002647,1588085,932.875017159606,17844839,18493,106.826940269151,317670
2020-12-21,United States,America,331002647,1306812,874.584244638986,19151651,15656,103.168359254843,333326
2020-12-28,United States,America,331002647,1488563,844.517415596377,20640214,18264,102.47652188715,351590
2021-01-04,United States,America,331002647,1782792,988.31686986479,22423006,22852,124.216529301652,374442
2021-01-11,United States,America,331002647,1515282,996.389010750116,23938288,23169,139.035141915345,397611
2021-01-18,United States,America,331002647,1358783,868.290639379691,25297071,23518,141.047210417021,421129
2021-01-25,United States,America,331002647,1024054,719.884575424558,26321125,22226,138.198290601585,443355
2021-02-01,United States,America,331002647,687440,517.063538769827,27008565,20127,127.953659536747,463482
2021-02-08,United States,America,331002647,685603,414.813299061019,27694168,22843,129.817692968479,486325
2021-02-15,United States,America,331002647,495991,356.97418455992,28190159,24891,144.210327115602,511216
2021-02-22,United States,America,331002647,415502,275.373326546237,28605661,1875,80.8634016754555,513091
2020-03-09,Uruguay,America,3473727,8,NA,8,0,NA,0
2020-03-16,Uruguay,America,3473727,150,4.54842882011166,158,0,0,0
2020-03-23,Uruguay,America,3473727,137,8.26201943906358,295,1,0.287875241779219,1
2020-03-30,Uruguay,America,3473727,112,7.16809352030255,407,5,1.72725145067531,6
2020-04-06,Uruguay,America,3473727,58,4.89387911024672,465,2,2.01512669245453,8
2020-04-13,Uruguay,America,3473727,63,3.48329042552855,528,2,1.15150096711688,10
2020-04-20,Uruguay,America,3473727,78,4.05904090908698,606,5,2.01512669245453,15
2020-04-27,Uruguay,America,3473727,49,3.65601557059608,655,2,2.01512669245453,17
2020-05-04,Uruguay,America,3473727,52,2.90753994197011,707,2,1.15150096711688,19
2020-05-11,Uruguay,America,3473727,27,2.27421441005583,734,1,0.863625725337656,20
2020-05-18,Uruguay,America,3473727,35,1.78482649903116,769,2,0.863625725337656,22
2020-05-25,Uruguay,America,3473727,54,2.56208965183505,823,0,0.575750483558437,22
2020-06-01,Uruguay,America,3473727,22,2.18785183752206,845,1,0.287875241779219,23
2020-06-08,Uruguay,America,3473727,3,0.719688104448047,848,0,0.287875241779219,23
2020-06-15,Uruguay,America,3473727,28,0.892413249515578,876,2,0.575750483558437,25
2020-06-22,Uruguay,America,3473727,53,2.33178945841167,929,2,1.15150096711688,27
2020-06-29,Uruguay,America,3473727,27,2.30300193423375,956,1,0.863625725337656,28
2020-07-06,Uruguay,America,3473727,31,1.66967640231947,987,3,1.15150096711688,31
2020-07-13,Uruguay,America,3473727,67,2.82117736943634,1054,2,1.43937620889609,33
2020-07-20,Uruguay,America,3473727,138,5.90144245647398,1192,1,0.863625725337656,34
2020-07-27,Uruguay,America,3473727,94,6.67870560927787,1286,2,0.863625725337656,36
2020-08-03,Uruguay,America,3473727,67,4.63479139264542,1353,1,0.863625725337656,37
2020-08-10,Uruguay,America,3473727,87,4.43327872339997,1440,1,0.575750483558437,38
2020-08-17,Uruguay,America,3473727,87,5.00902920695841,1527,4,1.43937620889609,42
2020-08-24,Uruguay,America,3473727,58,4.17419100579867,1585,2,1.72725145067531,44
2020-08-31,Uruguay,America,3473727,94,4.37570367504412,1679,1,0.863625725337656,45
2020-09-07,Uruguay,America,3473727,129,6.41961789167658,1808,0,0.287875241779219,45
2020-09-14,Uruguay,America,3473727,109,6.8514307543454,1917,1,0.287875241779219,46
2020-09-21,Uruguay,America,3473727,91,5.75750483558437,2008,1,0.575750483558437,47
2020-09-28,Uruguay,America,3473727,137,6.56355551256619,2145,1,0.575750483558437,48
2020-10-05,Uruguay,America,3473727,149,8.23323191488566,2294,2,0.863625725337656,50
2020-10-12,Uruguay,America,3473727,237,11.1119843326778,2531,1,0.863625725337656,51
2020-10-19,Uruguay,America,3473727,320,16.0346509671025,2851,2,0.863625725337656,53
2020-10-26,Uruguay,America,3473727,298,17.7906899419557,3149,6,2.30300193423375,59
2020-11-02,Uruguay,America,3473727,365,19.0861285299622,3514,3,2.59087717601297,62
2020-11-09,Uruguay,America,3473727,516,25.3618088007492,4030,3,1.72725145067531,65
2020-11-16,Uruguay,America,3473727,669,34.1132161508374,4699,6,2.59087717601297,71
2020-11-23,Uruguay,America,3473727,1017,48.5357657639763,5716,5,3.16662765957141,76
2020-11-30,Uruguay,America,3473727,1587,74.9627129593086,7303,6,3.16662765957141,82
2020-12-07,Uruguay,America,3473727,2405,114.919796518264,9708,10,4.6060038684675,92
2020-12-14,Uruguay,America,3473727,3769,177.73417427449,13477,27,10.6513839458311,119
2020-12-21,Uruguay,America,3473727,3829,218.72760870385,17306,41,19.5755164409869,160
2020-12-28,Uruguay,America,3473727,3517,211.473152611014,20823,44,24.4693955512336,204
2021-01-04,Uruguay,America,3473727,6078,276.21629448716,26901,58,29.3632746614803,262
2021-01-11,Uruguay,America,3473727,5962,346.601791102179,32863,57,33.1056528046102,319
2021-01-18,Uruguay,America,3473727,5178,320.69301934205,38041,71,36.84803094774,390
2021-01-25,Uruguay,America,3473727,4087,266.716411508446,42128,54,35.9844052224023,444
2021-02-01,Uruguay,America,3473727,3522,219.044271469808,45650,53,30.8026508703764,497
2021-02-08,Uruguay,America,3473727,3710,208.191374854731,49360,44,27.9238984525842,541
2021-02-15,Uruguay,America,3473727,3950,220.512435202882,53310,42,24.7572707930128,583
2021-02-22,Uruguay,America,3473727,5279,265.680060638041,58589,28,20.1512669245453,611
2020-03-23,US Virgin Islands,America,104423,30,NA,30,0,NA,0
2020-03-30,US Virgin Islands,America,104423,12,40.2210241038852,42,1,9.57643431044885,1
2020-04-06,US Virgin Islands,America,104423,9,20.1105120519426,51,0,9.57643431044885,1
2020-04-13,US Virgin Islands,America,104423,2,10.5340777414937,53,2,19.1528686208977,3
2020-04-20,US Virgin Islands,America,104423,2,3.83057372417954,55,0,19.1528686208977,3
2020-04-27,US Virgin Islands,America,104423,11,12.4493646035835,66,1,9.57643431044885,4
2020-05-04,US Virgin Islands,America,104423,3,13.4070080346284,69,0,9.57643431044885,4
2020-05-11,US Virgin Islands,America,104423,0,2.87293029313465,69,2,19.1528686208977,6
2020-05-18,US Virgin Islands,America,104423,0,0,69,0,19.1528686208977,6
2020-05-25,US Virgin Islands,America,104423,0,0,69,0,0,6
2020-06-01,US Virgin Islands,America,104423,2,1.91528686208977,71,0,0,6
2020-06-08,US Virgin Islands,America,104423,2,3.83057372417954,73,0,0,6
2020-06-15,US Virgin Islands,America,104423,3,4.78821715522442,76,0,0,6
2020-06-22,US Virgin Islands,America,104423,5,7.66114744835908,81,0,0,6
2020-06-29,US Virgin Islands,America,104423,31,34.4751635176159,112,0,0,6
2020-07-06,US Virgin Islands,America,104423,69,95.7643431044885,181,0,0,6
2020-07-13,US Virgin Islands,America,104423,116,177.164034743304,297,0,0,6
2020-07-20,US Virgin Islands,America,104423,64,172.375817588079,361,1,9.57643431044885,7
2020-07-27,US Virgin Islands,America,104423,60,118.747785449566,421,1,19.1528686208977,8
2020-08-03,US Virgin Islands,America,104423,126,178.121678174349,547,1,19.1528686208977,9
2020-08-10,US Virgin Islands,America,104423,194,306.445897934363,741,0,9.57643431044885,9
2020-08-17,US Virgin Islands,America,104423,243,418.490179366615,984,2,19.1528686208977,11
2020-08-24,US Virgin Islands,America,104423,150,376.35386840064,1134,3,47.8821715522442,14
2020-08-31,US Virgin Islands,America,104423,47,188.655755915842,1181,3,57.4586058626931,17
2020-09-07,US Virgin Islands,America,104423,39,82.3573350698601,1220,2,47.8821715522442,19
2020-09-14,US Virgin Islands,America,104423,49,84.2726219319499,1269,0,19.1528686208977,19
2020-09-21,US Virgin Islands,America,104423,48,92.8914128113538,1317,0,0,19
2020-09-28,US Virgin Islands,America,104423,4,49.797458414334,1321,1,9.57643431044885,20
2020-10-05,US Virgin Islands,America,104423,4,7.66114744835908,1325,0,9.57643431044885,20
2020-10-12,US Virgin Islands,America,104423,10,13.4070080346284,1335,1,9.57643431044885,21
2020-10-19,US Virgin Islands,America,104423,13,22.0257989140324,1348,0,9.57643431044885,21
2020-10-26,US Virgin Islands,America,104423,28,39.2633806728403,1376,0,0,21
2020-11-02,US Virgin Islands,America,104423,29,54.5856755695584,1405,2,19.1528686208977,23
2020-11-09,US Virgin Islands,America,104423,29,55.5433190006033,1434,0,19.1528686208977,23
2020-11-16,US Virgin Islands,America,104423,70,94.8066996734436,1504,0,0,23
2020-11-23,US Virgin Islands,America,104423,40,105.340777414937,1544,0,0,23
2020-11-30,US Virgin Islands,America,104423,105,138.858297501508,1649,0,0,23
2020-12-07,US Virgin Islands,America,104423,179,271.970734416747,1828,0,0,23
2020-12-14,US Virgin Islands,America,104423,93,260.479013244209,1921,0,0,23
2020-12-21,US Virgin Islands,America,104423,83,168.5452438639,2004,0,0,23
2020-12-28,US Virgin Islands,America,104423,51,128.324219760015,2055,1,9.57643431044885,24
2021-01-04,US Virgin Islands,America,104423,111,155.138235829271,2166,0,9.57643431044885,24
2021-01-11,US Virgin Islands,America,104423,94,196.316903364201,2260,0,0,24
2021-01-18,US Virgin Islands,America,104423,90,176.206391312259,2350,0,0,24
2021-01-25,US Virgin Islands,America,104423,71,154.180592398227,2421,0,0,24
2021-02-01,US Virgin Islands,America,104423,52,117.790142018521,2473,0,0,24
2021-02-08,US Virgin Islands,America,104423,69,115.874855156431,2542,1,9.57643431044885,25
2021-02-15,US Virgin Islands,America,104423,37,101.510203690758,2579,0,9.57643431044885,25
2021-02-22,US Virgin Islands,America,104423,67,99.594916828668,2646,0,0,25
2020-03-09,Uzbekistan,Asia,33469199,6,NA,6,0,NA,0
2020-03-16,Uzbekistan,Asia,33469199,40,0.13743979950043,46,0,0,0
2020-03-23,Uzbekistan,Asia,33469199,99,0.415307220229561,145,1,0.0298782172827022,1
2020-03-30,Uzbekistan,Asia,33469199,197,0.884395231567986,342,1,0.0597564345654045,2
2020-04-06,Uzbekistan,Asia,33469199,523,2.15123164435456,865,2,0.0896346518481067,4
2020-04-13,Uzbekistan,Asia,33469199,700,3.65410597367448,1565,1,0.0896346518481067,5
2020-04-20,Uzbekistan,Asia,33469199,322,3.05355380629217,1887,3,0.119512869130809,8
2020-04-27,Uzbekistan,Asia,33469199,262,1.74488788930981,2149,2,0.149391086413511,10
2020-05-04,Uzbekistan,Asia,33469199,269,1.58653333771149,2418,0,0.0597564345654045,10
2020-05-11,Uzbekistan,Asia,33469199,335,1.80464432387521,2753,2,0.0597564345654045,12
2020-05-18,Uzbekistan,Asia,33469199,411,2.22891500928959,3164,1,0.0896346518481067,13
2020-05-25,Uzbekistan,Asia,33469199,498,2.71592995099763,3662,2,0.0896346518481067,15
2020-06-01,Uzbekistan,Asia,33469199,690,3.54953221318502,4352,2,0.119512869130809,17
2020-06-08,Uzbekistan,Asia,33469199,751,4.30545111043739,5103,2,0.119512869130809,19
2020-06-15,Uzbekistan,Asia,33469199,1255,5.99357038691007,6358,0,0.0597564345654045,19
2020-06-22,Uzbekistan,Asia,33469199,1673,8.74834202037521,8031,3,0.0896346518481067,22
2020-06-29,Uzbekistan,Asia,33469199,2112,11.3089052415028,10143,13,0.478051476523236,35
2020-07-06,Uzbekistan,Asia,33469199,3050,15.4231357613309,13193,26,1.16525047402539,61
2020-07-13,Uzbekistan,Asia,33469199,3773,20.3859076519877,16966,27,1.58354551598322,88
2020-07-20,Uzbekistan,Asia,33469199,3854,22.788116321517,20820,29,1.67318016783133,117
2020-07-27,Uzbekistan,Asia,33469199,5008,26.4780761559307,25828,38,2.00184055794105,155
2020-08-03,Uzbekistan,Asia,33469199,4992,29.8782172827022,30820,41,2.36037916533348,196
2020-08-10,Uzbekistan,Asia,33469199,4124,27.2369828749114,34944,32,2.18110986163726,228
2020-08-17,Uzbekistan,Asia,33469199,4002,24.2790393639238,38946,45,2.30062273076807,273
2020-08-24,Uzbekistan,Asia,33469199,2705,20.0393203315084,41651,44,2.6591613381605,317
2020-08-31,Uzbekistan,Asia,33469199,2124,14.4281911258169,43775,33,2.30062273076807,350
2020-09-07,Uzbekistan,Asia,33469199,3845,17.834307896045,47620,44,2.30062273076807,394
2020-09-14,Uzbekistan,Asia,33469199,4169,23.9444033303576,51789,41,2.53964846902969,435
2020-09-21,Uzbekistan,Asia,33469199,3804,23.8219026394985,55593,25,1.97196234065835,460
2020-09-28,Uzbekistan,Asia,33469199,3266,21.1238996188705,58859,23,1.43415442956971,483
2020-10-05,Uzbekistan,Asia,33469199,2239,16.4479586141276,61098,22,1.3445197777216,505
2020-10-12,Uzbekistan,Asia,33469199,2332,13.6573331199232,63430,24,1.3743979950043,529
2020-10-19,Uzbekistan,Asia,33469199,2050,13.0926348132801,65480,21,1.3445197777216,550
2020-10-26,Uzbekistan,Asia,33469199,1676,11.1326237595349,67156,20,1.22500690859079,570
2020-11-02,Uzbekistan,Asia,33469199,1632,9.8837142771179,68788,15,1.04573760489458,585
2020-11-09,Uzbekistan,Asia,33469199,1455,9.22340567517018,70243,13,0.836590083915662,598
2020-11-16,Uzbekistan,Asia,33469199,1374,8.45254766927646,71617,5,0.53780791108864,603
2020-11-23,Uzbekistan,Asia,33469199,1253,7.84900768016587,72870,5,0.298782172827022,608
2020-11-30,Uzbekistan,Asia,33469199,1183,7.27833373006626,74053,3,0.239025738261618,611
2020-12-07,Uzbekistan,Asia,33469199,1041,6.64491552367297,75094,1,0.119512869130809,612
2020-12-14,Uzbekistan,Asia,33469199,954,5.96070434789909,76048,0,0.0298782172827022,612
2020-12-21,Uzbekistan,Asia,33469199,784,5.19283416373365,76832,1,0.0298782172827022,613
2020-12-28,Uzbekistan,Asia,33469199,426,3.61526429120697,77258,1,0.0597564345654045,614
2021-01-04,Uzbekistan,Asia,33469199,353,2.3275131263225,77611,3,0.119512869130809,617
2021-01-11,Uzbekistan,Asia,33469199,425,2.32452530459423,78036,2,0.149391086413511,619
2021-01-18,Uzbekistan,Asia,33469199,393,2.44403817372504,78429,2,0.119512869130809,621
2021-01-25,Uzbekistan,Asia,33469199,326,2.14824382262629,78755,0,0.0597564345654045,621
2021-02-01,Uzbekistan,Asia,33469199,407,2.19007332682207,79162,0,0,621
2021-02-08,Uzbekistan,Asia,33469199,280,2.05263352732164,79442,1,0.0298782172827022,622
2021-02-15,Uzbekistan,Asia,33469199,239,1.55067947697225,79681,0,0.0298782172827022,622
2021-02-22,Uzbekistan,Asia,33469199,68,0.917261270578958,79749,0,0,622
2020-11-09,Vanuatu,Oceania,307150,1,NA,1,0,NA,0
2020-11-16,Vanuatu,Oceania,307150,0,0.325573823864561,1,0,0,0
2020-11-23,Vanuatu,Oceania,307150,0,0,1,0,0,0
2020-11-30,Vanuatu,Oceania,307150,0,0,1,0,0,0
2020-12-07,Vanuatu,Oceania,307150,0,0,1,0,0,0
2020-12-14,Vanuatu,Oceania,307150,0,0,1,0,0,0
2020-12-21,Vanuatu,Oceania,307150,0,0,1,0,0,0
2020-12-28,Vanuatu,Oceania,307150,0,0,1,0,0,0
2021-01-04,Vanuatu,Oceania,307150,0,0,1,0,0,0
2021-01-11,Vanuatu,Oceania,307150,0,0,1,0,0,0
2021-01-18,Vanuatu,Oceania,307150,0,0,1,0,0,0
2021-01-25,Vanuatu,Oceania,307150,0,0,1,0,0,0
2021-02-01,Vanuatu,Oceania,307150,0,0,1,0,0,0
2021-02-08,Vanuatu,Oceania,307150,0,0,1,0,0,0
2021-02-15,Vanuatu,Oceania,307150,0,0,1,0,0,0
2021-02-22,Vanuatu,Oceania,307150,0,0,1,0,0,0
2020-03-09,Venezuela,America,28435943,15,NA,15,0,NA,0
2020-03-16,Venezuela,America,28435943,21,0.126600338170603,36,0,0,0
2020-03-23,Venezuela,America,28435943,83,0.365734310270632,119,1,0.0351667606029454,1
2020-03-30,Venezuela,America,28435943,29,0.393867718752988,148,4,0.175833803014727,5
2020-04-06,Venezuela,America,28435943,33,0.218033915738261,181,4,0.281334084823563,9
2020-04-13,Venezuela,America,28435943,75,0.37980101451181,256,0,0.140667042411781,9
2020-04-20,Venezuela,America,28435943,69,0.506401352682413,325,1,0.0351667606029454,10
2020-04-27,Venezuela,America,28435943,32,0.355184282089748,357,0,0.0351667606029454,10
2020-05-04,Venezuela,America,28435943,57,0.312984169366214,414,0,0,10
2020-05-11,Venezuela,America,28435943,127,0.647068395094195,541,0,0,10
2020-05-18,Venezuela,America,28435943,580,2.48628997462824,1121,0,0,10
2020-05-25,Venezuela,America,28435943,389,3.40765910242541,1510,4,0.140667042411781,14
2020-06-01,Venezuela,America,28435943,867,4.41694513172994,2377,8,0.422001127235344,22
2020-06-08,Venezuela,America,28435943,601,5.16248045651238,2978,3,0.386834366632399,25
2020-06-15,Venezuela,America,28435943,940,5.41919780891388,3918,8,0.386834366632399,33
2020-06-22,Venezuela,America,28435943,1379,8.15517178382303,5297,11,0.668168451455962,44
2020-06-29,Venezuela,America,28435943,1872,11.4327138720175,7169,20,1.09016957869131,64
2020-07-06,Venezuela,America,28435943,2296,14.6575058193076,9465,25,1.58250422713254,89
2020-07-13,Venezuela,America,28435943,2426,16.6057443567108,11891,23,1.68800450894138,112
2020-07-20,Venezuela,America,28435943,3572,21.0930230096466,15463,30,1.8638383119561,142
2020-07-27,Venezuela,America,28435943,4743,29.2411614413491,20206,32,2.18033915738261,174
2020-08-03,Venezuela,America,28435943,5599,36.3694638155661,25805,49,2.84850760883857,223
2020-08-10,Venezuela,America,28435943,7950,47.6474439409307,33755,58,3.76284338451515,281
2020-08-17,Venezuela,America,28435943,5809,48.3859459135925,39564,48,3.72767662391221,329
2020-08-24,Venezuela,America,28435943,6304,42.5974971183477,45868,52,3.51667606029454,381
2020-08-31,Venezuela,America,28435943,7421,48.2663789275425,53289,47,3.48150929969159,428
2020-09-07,Venezuela,America,28435943,7251,51.5966711566414,60540,57,3.65734310270632,485
2020-09-14,Venezuela,America,28435943,6116,47.0074088979571,66656,62,4.1848445117505,547
2020-09-21,Venezuela,America,28435943,6035,42.7311308086389,72691,59,4.25517803295639,606
2020-09-28,Venezuela,America,28435943,5743,41.4194106381491,78434,47,3.72767662391221,653
2020-10-05,Venezuela,America,28435943,4703,36.7351981258367,83137,44,3.20017521486803,697
2020-10-12,Venezuela,America,28435943,3499,28.8437770465358,86636,39,2.91884113004447,736
2020-10-19,Venezuela,America,28435943,2929,22.6051937155733,89565,37,2.67267380582385,773
2020-10-26,Venezuela,America,28435943,2760,20.0063701070156,92325,28,2.28583943919145,801
2020-11-02,Venezuela,America,28435943,2558,18.7016832886463,94883,25,1.8638383119561,826
2020-11-09,Venezuela,America,28435943,2469,17.6783305551006,97352,25,1.75833803014727,851
2020-11-16,Venezuela,America,28435943,2483,17.4145798505785,99835,20,1.58250422713254,871
2020-11-23,Venezuela,America,28435943,2205,16.4861773706608,102040,23,1.51217070592665,894
2020-11-30,Venezuela,America,28435943,2402,16.2013266097769,104442,25,1.68800450894138,919
2020-12-07,Venezuela,America,28435943,2735,18.065164921733,107177,30,1.934171833162,949
2020-12-14,Venezuela,America,28435943,2898,19.8094362476391,110075,39,2.42650648160323,988
2020-12-21,Venezuela,America,28435943,2241,18.0721982738536,112316,26,2.28583943919145,1014
2020-12-28,Venezuela,America,28435943,2091,15.2342406931959,114407,24,1.75833803014727,1038
2021-01-04,Venezuela,America,28435943,2576,16.4123271733946,116983,35,2.07483887557378,1073
2021-01-11,Venezuela,America,28435943,3461,21.2301733759981,120444,39,2.60234028461796,1112
2021-01-18,Venezuela,America,28435943,3265,23.6531631815411,123709,36,2.6375070452209,1148
2021-01-25,Venezuela,America,28435943,3218,22.7986108988895,126927,41,2.70784056642679,1189
2021-02-01,Venezuela,America,28435943,3189,22.5313435183071,130116,44,2.98917465125036,1233
2021-02-08,Venezuela,America,28435943,3102,22.1234090953129,133218,46,3.16500845426508,1279
2021-02-15,Venezuela,America,28435943,2850,20.9312559108731,136068,37,2.91884113004447,1316
2021-02-22,Venezuela,America,28435943,3048,20.7413554036172,139116,28,2.28583943919145,1344
2019-12-30,Vietnam,Asia,97338583,0,NA,0,0,NA,0
2020-01-06,Vietnam,Asia,97338583,0,0,0,0,0,0
2020-01-13,Vietnam,Asia,97338583,0,0,0,0,0,0
2020-01-20,Vietnam,Asia,97338583,2,0.00205468370132325,2,0,0,0
2020-01-27,Vietnam,Asia,97338583,6,0.00821873480529299,8,0,0,0
2020-02-03,Vietnam,Asia,97338583,6,0.0123281022079395,14,0,0,0
2020-02-10,Vietnam,Asia,97338583,2,0.00821873480529299,16,0,0,0
2020-02-17,Vietnam,Asia,97338583,0,0.00205468370132325,16,0,0,0
2020-02-24,Vietnam,Asia,97338583,0,0,16,0,0,0
2020-03-02,Vietnam,Asia,97338583,14,0.0143827859092627,30,0,0,0
2020-03-09,Vietnam,Asia,97338583,27,0.0421210158771265,57,0,0,0
2020-03-16,Vietnam,Asia,97338583,64,0.0934881084102077,121,0,0,0
2020-03-23,Vietnam,Asia,97338583,82,0.149991910196597,203,0,0,0
2020-03-30,Vietnam,Asia,97338583,42,0.127390389482041,245,0,0,0
2020-04-06,Vietnam,Asia,97338583,19,0.062667852890359,264,0,0,0
2020-04-13,Vietnam,Asia,97338583,4,0.0236288625652173,268,0,0,0
2020-04-20,Vietnam,Asia,97338583,2,0.00616405110396974,270,0,0,0
2020-04-27,Vietnam,Asia,97338583,1,0.00308202555198487,271,0,0,0
2020-05-04,Vietnam,Asia,97338583,17,0.0184921533119092,288,0,0,0
2020-05-11,Vietnam,Asia,97338583,32,0.0503397506824195,320,0,0,0
2020-05-18,Vietnam,Asia,97338583,5,0.0380116484744801,325,0,0,0
2020-05-25,Vietnam,Asia,97338583,3,0.00821873480529299,328,0,0,0
2020-06-01,Vietnam,Asia,97338583,3,0.00616405110396974,331,0,0,0
2020-06-08,Vietnam,Asia,97338583,3,0.00616405110396974,334,0,0,0
2020-06-15,Vietnam,Asia,97338583,15,0.0184921533119092,349,0,0,0
2020-06-22,Vietnam,Asia,97338583,6,0.0215741788638941,355,0,0,0
2020-06-29,Vietnam,Asia,97338583,0,0.00616405110396974,355,0,0,0
2020-07-06,Vietnam,Asia,97338583,17,0.0174648114612476,372,0,0,0
2020-07-13,Vietnam,Asia,97338583,1,0.0184921533119092,373,0,0,0
2020-07-20,Vietnam,Asia,97338583,47,0.0493124088317579,420,0,0,0
2020-07-27,Vietnam,Asia,97338583,201,0.254780778964083,621,6,0.0616405110396974,6
2020-08-03,Vietnam,Asia,97338583,220,0.432510919128543,841,7,0.133554440586011,13
2020-08-10,Vietnam,Asia,97338583,123,0.352378254776937,964,11,0.184921533119092,24
2020-08-17,Vietnam,Asia,97338583,52,0.179784823865784,1016,3,0.143827859092627,27
2020-08-24,Vietnam,Asia,97338583,24,0.0780779806502834,1040,5,0.0821873480529299,32
2020-08-31,Vietnam,Asia,97338583,9,0.0339022810718336,1049,3,0.0821873480529299,35
2020-09-07,Vietnam,Asia,97338583,14,0.0236288625652173,1063,0,0.0308202555198487,35
2020-09-14,Vietnam,Asia,97338583,5,0.0195194951625708,1068,0,0,35
2020-09-21,Vietnam,Asia,97338583,6,0.0113007603572779,1074,0,0,35
2020-09-28,Vietnam,Asia,97338583,22,0.0287655718185255,1096,0,0,35
2020-10-05,Vietnam,Asia,97338583,13,0.0359569647731568,1109,0,0,35
2020-10-12,Vietnam,Asia,97338583,25,0.0390389903251417,1134,0,0,35
2020-10-19,Vietnam,Asia,97338583,34,0.0606131691890358,1168,0,0,35
2020-10-26,Vietnam,Asia,97338583,12,0.0472577251304347,1180,0,0,35
2020-11-02,Vietnam,Asia,97338583,33,0.046230383279773,1213,0,0,35
2020-11-09,Vietnam,Asia,97338583,68,0.103761526916824,1281,0,0,35
2020-11-16,Vietnam,Asia,97338583,25,0.0955427921115309,1306,0,0,35
2020-11-23,Vietnam,Asia,97338583,37,0.0636951947410206,1343,0,0,35
2020-11-30,Vietnam,Asia,97338583,23,0.0616405110396974,1366,0,0,35
2020-12-07,Vietnam,Asia,97338583,31,0.0554764599357277,1397,0,0,35
2020-12-14,Vietnam,Asia,97338583,16,0.0482850669810963,1413,0,0,35
2020-12-21,Vietnam,Asia,97338583,28,0.0452030414291114,1441,0,0,35
2020-12-28,Vietnam,Asia,97338583,56,0.0862967154555763,1497,0,0,35
2021-01-04,Vietnam,Asia,97338583,17,0.0749959550982985,1514,0,0,35
2021-01-11,Vietnam,Asia,97338583,25,0.0431483577277882,1539,0,0,35
2021-01-18,Vietnam,Asia,97338583,9,0.0349296229224952,1548,0,0,35
2021-01-25,Vietnam,Asia,97338583,271,0.287655718185254,1819,0,0,35
2021-02-01,Vietnam,Asia,97338583,186,0.469495225752362,2005,0,0,35
2021-02-08,Vietnam,Asia,97338583,224,0.421210158771265,2229,0,0,35
2021-02-15,Vietnam,Asia,97338583,163,0.397581296206048,2392,0,0,35
2021-02-22,Vietnam,Asia,97338583,56,0.224987865294896,2448,0,0,35
2020-10-12,Wallis and Futuna,Oceania,11246,1,NA,1,0,NA,0
2020-10-19,Wallis and Futuna,Oceania,11246,0,8.89205050684688,1,0,0,0
2020-10-26,Wallis and Futuna,Oceania,11246,0,0,1,0,0,0
2020-11-02,Wallis and Futuna,Oceania,11246,0,0,1,0,0,0
2020-11-09,Wallis and Futuna,Oceania,11246,0,0,1,0,0,0
2020-11-16,Wallis and Futuna,Oceania,11246,1,8.89205050684688,2,0,0,0
2020-11-23,Wallis and Futuna,Oceania,11246,1,17.7841010136938,3,0,0,0
2020-11-30,Wallis and Futuna,Oceania,11246,0,8.89205050684688,3,0,0,0
2020-12-07,Wallis and Futuna,Oceania,11246,0,0,3,0,0,0
2020-12-14,Wallis and Futuna,Oceania,11246,1,8.89205050684688,4,0,0,0
2020-12-21,Wallis and Futuna,Oceania,11246,0,8.89205050684688,4,0,0,0
2020-12-28,Wallis and Futuna,Oceania,11246,0,0,4,0,0,0
2021-01-04,Wallis and Futuna,Oceania,11246,0,0,4,0,0,0
2021-01-11,Wallis and Futuna,Oceania,11246,0,0,4,0,0,0
2021-01-18,Wallis and Futuna,Oceania,11246,0,0,4,0,0,0
2021-01-25,Wallis and Futuna,Oceania,11246,1,8.89205050684688,5,0,0,0
2021-02-01,Wallis and Futuna,Oceania,11246,4,44.4602525342344,9,0,0,0
2021-02-08,Wallis and Futuna,Oceania,11246,0,35.5682020273875,9,0,0,0
2021-02-15,Wallis and Futuna,Oceania,11246,0,0,9,0,0,0
2021-02-22,Wallis and Futuna,Oceania,11246,0,0,9,0,0,0
2020-04-20,Western Sahara,Africa,597330,6,NA,6,0,NA,0
2020-04-27,Western Sahara,Africa,597330,0,1.00446989101502,6,0,0,0
2020-05-04,Western Sahara,Africa,597330,0,0,6,0,0,0
2020-05-11,Western Sahara,Africa,597330,0,0,6,0,0,0
2020-05-18,Western Sahara,Africa,597330,0,0,6,0,0,0
2020-05-25,Western Sahara,Africa,597330,17,2.84599802454255,23,1,1.67411648502503,1
2020-06-01,Western Sahara,Africa,597330,0,2.84599802454255,23,0,1.67411648502503,1
2020-06-08,Western Sahara,Africa,597330,0,0,23,0,0,1
2020-06-15,Western Sahara,Africa,597330,2,0.334823297005006,25,0,0,1
2020-06-22,Western Sahara,Africa,597330,183,30.971154972963,208,0,0,1
2020-06-29,Western Sahara,Africa,597330,311,82.7013543602364,519,0,0,1
2020-07-06,Western Sahara,Africa,597330,0,52.0650226842784,519,0,0,1
2020-07-13,Western Sahara,Africa,597330,247,41.3506771801182,766,0,0,1
2020-07-20,Western Sahara,Africa,597330,0,41.3506771801182,766,0,0,1
2020-07-27,Western Sahara,Africa,597330,0,0,766,0,0,1
2020-08-03,Western Sahara,Africa,597330,0,0,766,0,0,1
2020-08-10,Western Sahara,Africa,597330,0,0,766,0,0,1
2020-08-17,Western Sahara,Africa,597330,0,0,766,0,0,1
2020-08-24,Western Sahara,Africa,597330,0,0,766,0,0,1
2020-08-31,Western Sahara,Africa,597330,0,0,766,0,0,1
2020-09-07,Western Sahara,Africa,597330,0,0,766,0,0,1
2020-09-14,Western Sahara,Africa,597330,0,0,766,0,0,1
2020-09-21,Western Sahara,Africa,597330,0,0,766,0,0,1
2020-09-28,Western Sahara,Africa,597330,0,0,766,0,0,1
2020-10-05,Western Sahara,Africa,597330,0,0,766,0,0,1
2020-10-12,Western Sahara,Africa,597330,0,0,766,0,0,1
2020-10-19,Western Sahara,Africa,597330,0,0,766,0,0,1
2020-10-26,Western Sahara,Africa,597330,0,0,766,0,0,1
2020-11-02,Western Sahara,Africa,597330,0,0,766,0,0,1
2020-11-09,Western Sahara,Africa,597330,0,0,766,0,0,1
2020-11-16,Western Sahara,Africa,597330,0,0,766,0,0,1
2020-11-23,Western Sahara,Africa,597330,0,0,766,0,0,1
2020-11-30,Western Sahara,Africa,597330,0,0,766,0,0,1
2020-12-07,Western Sahara,Africa,597330,0,0,766,0,0,1
2020-12-14,Western Sahara,Africa,597330,0,0,766,0,0,1
2020-12-21,Western Sahara,Africa,597330,0,0,766,0,0,1
2020-12-28,Western Sahara,Africa,597330,0,0,766,0,0,1
2021-01-04,Western Sahara,Africa,597330,0,0,766,0,0,1
2021-01-11,Western Sahara,Africa,597330,0,0,766,0,0,1
2021-01-18,Western Sahara,Africa,597330,0,0,766,0,0,1
2021-01-25,Western Sahara,Africa,597330,0,0,766,0,0,1
2021-02-01,Western Sahara,Africa,597330,0,0,766,0,0,1
2021-02-08,Western Sahara,Africa,597330,0,0,766,0,0,1
2021-02-15,Western Sahara,Africa,597330,0,0,766,0,0,1
2021-02-22,Western Sahara,Africa,597330,0,0,766,0,0,1
2020-04-06,Yemen,Asia,29825968,1,NA,1,0,NA,0
2020-04-13,Yemen,Asia,29825968,0,0.00335278305133299,1,0,0,0
2020-04-20,Yemen,Asia,29825968,0,0,1,0,0,0
2020-04-27,Yemen,Asia,29825968,9,0.0301750474619969,10,2,0.0670556610266597,2
2020-05-04,Yemen,Asia,29825968,41,0.167639152566649,51,6,0.268222644106639,8
2020-05-11,Yemen,Asia,29825968,77,0.395628400057292,128,12,0.603500949239938,20
2020-05-18,Yemen,Asia,29825968,94,0.573325901777941,222,22,1.13994623745322,42
2020-05-25,Yemen,Asia,29825968,101,0.653792695009932,323,38,2.01166983079979,80
2020-06-01,Yemen,Asia,29825968,163,0.885134725551908,486,32,2.34694813593309,112
2020-06-08,Yemen,Asia,29825968,242,1.35787713578986,728,52,2.81633776311971,164
2020-06-15,Yemen,Asia,29825968,213,1.52551628835651,941,92,4.8280075939195,256
2020-06-22,Yemen,Asia,29825968,177,1.30758539001987,1118,46,4.62684061083952,302
2020-06-29,Yemen,Asia,29825968,147,1.08630170863189,1265,36,2.74928210209305,338
2020-07-06,Yemen,Asia,29825968,200,1.16341571881255,1465,79,3.85570050903293,417
2020-07-13,Yemen,Asia,29825968,141,1.14329902050455,1606,28,3.5874778649263,445
2020-07-20,Yemen,Asia,29825968,75,0.724201139087925,1681,34,2.07872549182645,479
2020-07-27,Yemen,Asia,29825968,53,0.429156230570622,1734,18,1.74344718669315,497
2020-08-03,Yemen,Asia,29825968,70,0.412392315313957,1804,18,1.20700189847988,515
2020-08-10,Yemen,Asia,29825968,65,0.452625711929953,1869,15,1.10641840693989,530
2020-08-17,Yemen,Asia,29825968,42,0.35874778649263,1911,17,1.07289057642656,547
2020-08-24,Yemen,Asia,29825968,42,0.281633776311971,1953,17,1.13994623745322,564
2020-08-31,Yemen,Asia,29825968,34,0.254811511901307,1987,8,0.838195762833247,572
2020-09-07,Yemen,Asia,29825968,26,0.201166983079979,2013,11,0.637028779753267,583
2020-09-14,Yemen,Asia,29825968,17,0.144169671207318,2030,3,0.469389627186618,586
2020-09-21,Yemen,Asia,29825968,4,0.0704084440779927,2034,2,0.167639152566649,588
2020-09-28,Yemen,Asia,29825968,11,0.0502917457699948,2045,3,0.167639152566649,591
2020-10-05,Yemen,Asia,29825968,10,0.0704084440779927,2055,5,0.268222644106639,596
2020-10-12,Yemen,Asia,29825968,4,0.0469389627186618,2059,1,0.201166983079979,597
2020-10-19,Yemen,Asia,29825968,4,0.0268222644106639,2063,2,0.10058349153999,599
2020-10-26,Yemen,Asia,29825968,0,0.013411132205332,2063,1,0.10058349153999,600
2020-11-02,Yemen,Asia,29825968,0,0,2063,2,0.10058349153999,602
2020-11-09,Yemen,Asia,29825968,5,0.0167639152566649,2068,0,0.0670556610266597,602
2020-11-16,Yemen,Asia,29825968,1,0.0201166983079979,2069,2,0.0670556610266597,604
2020-11-23,Yemen,Asia,29825968,8,0.0301750474619969,2077,1,0.10058349153999,605
2020-11-30,Yemen,Asia,29825968,0,0.0268222644106639,2077,1,0.0670556610266597,606
2020-12-07,Yemen,Asia,29825968,6,0.0201166983079979,2083,0,0.0335278305133299,606
2020-12-14,Yemen,Asia,29825968,6,0.0402333966159958,2089,1,0.0335278305133299,607
2020-12-21,Yemen,Asia,29825968,9,0.0502917457699948,2098,1,0.0670556610266597,608
2020-12-28,Yemen,Asia,29825968,7,0.0536445288213278,2105,3,0.134111322053319,611
2021-01-04,Yemen,Asia,29825968,3,0.0335278305133299,2108,1,0.134111322053319,612
2021-01-11,Yemen,Asia,29825968,8,0.0368806135646628,2116,1,0.0670556610266597,613
2021-01-18,Yemen,Asia,29825968,6,0.0469389627186618,2122,3,0.134111322053319,616
2021-01-25,Yemen,Asia,29825968,3,0.0301750474619969,2125,0,0.10058349153999,616
2021-02-01,Yemen,Asia,29825968,6,0.0301750474619969,2131,0,0,616
2021-02-08,Yemen,Asia,29825968,18,0.0804667932319917,2149,2,0.0670556610266597,618
2021-02-15,Yemen,Asia,29825968,20,0.127405755950654,2169,1,0.10058349153999,619
2021-02-22,Yemen,Asia,29825968,104,0.41574509836529,2273,13,0.469389627186618,632
2020-03-16,Zambia,Africa,18383956,3,NA,3,0,NA,0
2020-03-23,Zambia,Africa,18383956,26,0.157746243517989,29,0,0,0
2020-03-30,Zambia,Africa,18383956,10,0.195822922987849,39,1,0.0543952563855135,1
2020-04-06,Zambia,Africa,18383956,4,0.076153358939719,43,1,0.108790512771027,2
2020-04-13,Zambia,Africa,18383956,18,0.11966956404813,61,1,0.108790512771027,3
2020-04-20,Zambia,Africa,18383956,27,0.244778653734811,88,0,0.0543952563855135,3
2020-04-27,Zambia,Africa,18383956,36,0.342690115228735,124,0,0,3
2020-05-04,Zambia,Africa,18383956,143,0.973675089300692,267,4,0.217581025542054,7
2020-05-11,Zambia,Africa,18383956,486,3.4214616266488,753,0,0.217581025542054,7
2020-05-18,Zambia,Africa,18383956,167,3.55201024197403,920,0,0,7
2020-05-25,Zambia,Africa,18383956,137,1.65361579411961,1057,0,0,7
2020-06-01,Zambia,Africa,18383956,97,1.27284899942102,1154,0,0,7
2020-06-08,Zambia,Africa,18383956,204,1.63729721720396,1358,4,0.217581025542054,11
2020-06-15,Zambia,Africa,18383956,72,1.50130907624017,1430,0,0.217581025542054,11
2020-06-22,Zambia,Africa,18383956,127,1.08246560207172,1557,11,0.598347820240649,22
2020-06-29,Zambia,Africa,18383956,75,1.09878417898737,1632,8,1.03350987132476,30
2020-07-06,Zambia,Africa,18383956,263,1.83855966583036,1895,12,1.08790512771027,42
2020-07-13,Zambia,Africa,18383956,1085,7.33248056076723,2980,67,4.29722525445557,109
2020-07-20,Zambia,Africa,18383956,1501,14.0666133012938,4481,30,5.27633986939481,139
2020-07-27,Zambia,Africa,18383956,1866,18.3148828250024,6347,31,3.31811063951633,170
2020-08-03,Zambia,Africa,18383956,1738,19.6040504013391,8085,65,5.2219446130093,235
2020-08-10,Zambia,Africa,18383956,1258,16.2968188130999,9343,25,4.89557307469622,260
2020-08-17,Zambia,Africa,18383956,1739,16.3022583387384,11082,20,2.44778653734811,280
2020-08-24,Zambia,Africa,18383956,943,14.5888077625947,12025,7,1.46867192240887,287
2020-08-31,Zambia,Africa,18383956,751,9.21455643170599,12776,8,0.815928845782703,295
2020-09-07,Zambia,Africa,18383956,763,8.23544181676675,13539,17,1.35988140963784,312
2020-09-14,Zambia,Africa,18383956,592,7.37055724023709,14131,18,1.90383397349297,330
2020-09-21,Zambia,Africa,18383956,510,5.99435725368359,14641,2,1.08790512771027,332
2020-09-28,Zambia,Africa,18383956,411,5.0098031131058,15052,1,0.163185769156541,333
2020-10-05,Zambia,Africa,18383956,406,4.44409244669646,15458,3,0.217581025542054,336
2020-10-12,Zambia,Africa,18383956,395,4.35706003647964,15853,10,0.707138333011676,346
2020-10-19,Zambia,Africa,18383956,264,3.58464739580534,16117,2,0.652743076626163,348
2020-10-26,Zambia,Africa,18383956,363,3.4105825753717,16480,1,0.163185769156541,349
2020-11-02,Zambia,Africa,18383956,474,4.55288295946748,16954,0,0.0543952563855135,349
2020-11-09,Zambia,Africa,18383956,169,3.49761498558852,17123,4,0.217581025542054,353
2020-11-16,Zambia,Africa,18383956,301,2.55657705011914,17424,4,0.435162051084108,357
2020-11-23,Zambia,Africa,18383956,184,2.63816993469741,17608,0,0.217581025542054,357
2020-11-30,Zambia,Africa,18383956,308,2.67624661416727,17916,7,0.380766794698595,364
2020-12-07,Zambia,Africa,18383956,358,3.6227240752752,18274,3,0.543952563855135,367
2020-12-14,Zambia,Africa,18383956,442,4.35162051084108,18716,6,0.489557307469622,373
2020-12-21,Zambia,Africa,18383956,1227,9.07856829074221,19943,11,0.92471935855373,384
2020-12-28,Zambia,Africa,18383956,2050,17.8253255175328,21993,14,1.35988140963784,398
2021-01-04,Zambia,Africa,18383956,6603,47.0682153503849,28596,73,4.73238730553968,471
2021-01-11,Zambia,Africa,18383956,9611,88.1964687034717,38207,88,8.75763627806768,559
2021-01-18,Zambia,Africa,18383956,7939,95.4636749565763,46146,101,10.2807034568621,660
2021-01-25,Zambia,Africa,18383956,8896,91.5744141250121,55042,120,12.0213516611985,780
2021-02-01,Zambia,Africa,18383956,7591,89.6814592027962,62633,73,10.4982844824041,853
2021-02-08,Zambia,Africa,18383956,6804,78.3019715669468,69437,98,9.30158884192282,951
2021-02-15,Zambia,Africa,18383956,6145,70.4364174936015,75582,89,10.171912944091,1040
2021-02-22,Zambia,Africa,18383956,2952,49.4833647339017,78534,51,7.6153358939719,1091
2020-03-16,Zimbabwe,Africa,14862927,2,NA,2,0,NA,0
2020-03-23,Zimbabwe,Africa,14862927,5,0.0470970489190992,7,1,0.067281498455856,1
2020-03-30,Zimbabwe,Africa,14862927,2,0.0470970489190992,9,0,0.067281498455856,1
2020-04-06,Zimbabwe,Africa,14862927,5,0.0470970489190992,14,2,0.134562996911712,3
2020-04-13,Zimbabwe,Africa,14862927,11,0.10765039752937,25,0,0.134562996911712,3
2020-04-20,Zimbabwe,Africa,14862927,6,0.114378547374955,31,1,0.067281498455856,4
2020-04-27,Zimbabwe,Africa,14862927,3,0.0605533486102704,34,0,0.067281498455856,4
2020-05-04,Zimbabwe,Africa,14862927,2,0.033640749227928,36,0,0,4
2020-05-11,Zimbabwe,Africa,14862927,10,0.0807377981470272,46,0,0,4
2020-05-18,Zimbabwe,Africa,14862927,10,0.134562996911712,56,0,0,4
2020-05-25,Zimbabwe,Africa,14862927,122,0.888115779617299,178,0,0,4
2020-06-01,Zimbabwe,Africa,14862927,104,1.52056186510235,282,0,0,4
2020-06-08,Zimbabwe,Africa,14862927,101,1.37927071834505,383,0,0,4
2020-06-15,Zimbabwe,Africa,14862927,106,1.39272701803622,489,2,0.134562996911712,6
2020-06-22,Zimbabwe,Africa,14862927,78,1.23797957158775,567,0,0.134562996911712,6
2020-06-29,Zimbabwe,Africa,14862927,149,1.52729001494793,716,2,0.134562996911712,8
2020-07-06,Zimbabwe,Africa,14862927,269,2.81236663545478,985,10,0.807377981470272,18
2020-07-13,Zimbabwe,Africa,14862927,626,6.02169411179911,1611,7,1.14378547374955,25
2020-07-20,Zimbabwe,Africa,14862927,901,10.2738848142092,2512,9,1.0765039752937,34
2020-07-27,Zimbabwe,Africa,14862927,1409,15.5420261433027,3921,36,3.02766743051352,70
2020-08-03,Zimbabwe,Africa,14862927,728,14.3780562200164,4649,34,4.70970489190992,104
2020-08-10,Zimbabwe,Africa,14862927,612,9.0157207930847,5261,28,4.17145290426307,132
2020-08-17,Zimbabwe,Africa,14862927,669,8.61875995219515,5930,23,3.43135642124865,155
2020-08-24,Zimbabwe,Africa,14862927,482,7.74410047226902,6412,41,4.30601590117478,196
2020-08-31,Zimbabwe,Africa,14862927,565,7.04437288832812,6977,11,3.49863791970451,207
2020-09-07,Zimbabwe,Africa,14862927,549,7.49515892798236,7526,17,1.88388195676397,224
2020-09-14,Zimbabwe,Africa,14862927,157,4.75007379098343,7683,1,1.21106697220541,225
2020-09-21,Zimbabwe,Africa,14862927,129,1.92425085583748,7812,2,0.201844495367568,227
2020-09-28,Zimbabwe,Africa,14862927,73,1.35908626880829,7885,1,0.201844495367568,228
2020-10-05,Zimbabwe,Africa,14862927,126,1.33890181927153,8011,2,0.201844495367568,230
2020-10-12,Zimbabwe,Africa,14862927,136,1.76277525954343,8147,1,0.201844495367568,231
2020-10-19,Zimbabwe,Africa,14862927,129,1.78295970908018,8276,6,0.470970489190992,237
2020-10-26,Zimbabwe,Africa,14862927,98,1.52729001494793,8374,6,0.807377981470272,243
2020-11-02,Zimbabwe,Africa,14862927,157,1.71567821062433,8531,10,1.0765039752937,253
2020-11-09,Zimbabwe,Africa,14862927,255,2.77199773638127,8786,4,0.941940978381984,257
2020-11-16,Zimbabwe,Africa,14862927,434,4.63569524360848,9220,11,1.00922247683784,268
2020-11-23,Zimbabwe,Africa,14862927,730,7.83156642026164,9950,8,1.27834847066126,276
2020-11-30,Zimbabwe,Africa,14862927,768,10.0787684686872,10718,15,1.54747446448469,291
2020-12-07,Zimbabwe,Africa,14862927,528,8.71968219987893,11246,16,2.08572645213154,307
2020-12-14,Zimbabwe,Africa,14862927,1107,11.0005249975325,12353,13,1.95116345521982,320
2020-12-21,Zimbabwe,Africa,14862927,795,12.7969410063038,13148,34,3.16223042742523,354
2020-12-28,Zimbabwe,Africa,14862927,2117,19.5923723503453,15265,26,4.03688990735136,380
2021-01-04,Zimbabwe,Africa,14862927,6212,56.0387600638824,21477,127,10.294069263746,507
2021-01-11,Zimbabwe,Africa,14862927,5726,80.3206528566009,27203,206,22.4047389858,713
2021-01-18,Zimbabwe,Africa,14862927,4117,66.225178930099,31320,292,33.5061862310163,1005
2021-01-25,Zimbabwe,Africa,14862927,2228,42.6901107702406,33548,229,35.053660695501,1234
2021-02-01,Zimbabwe,Africa,14862927,1004,21.7453803009327,34552,92,21.5973610043298,1326
2021-02-08,Zimbabwe,Africa,14862927,620,10.926515349231,35172,74,11.1687287436721,1400
2021-02-15,Zimbabwe,Africa,14862927,690,8.81387629771713,35862,41,7.73737232242344,1441
2021-02-22,Zimbabwe,Africa,14862927,227,6.16971340840199,36089,22,4.23873440271893,1463
